7.806610000000000493e-01 2.392009999999999970e-01
6.345570000000000377e-01 6.094190000000000440e-01
5.073889999999999789e-01 1.826949999999999963e-01
7.670900000000000496e-01 7.459399999999999364e-02
8.246860000000000301e-01 2.663820000000000077e-01
7.454389999999999628e-01 1.059419999999999945e-01
7.812109999999999888e-01 1.372099999999999986e-01
7.381889999999999841e-01 1.514729999999999965e-01
8.444930000000000492e-01 2.415390000000000037e-01
7.620970000000000244e-01 2.785690000000000111e-01
7.044240000000000501e-01 2.764039999999999830e-01
7.698949999999999960e-01 2.291080000000000061e-01
5.298279999999999657e-01 2.077050000000000007e-01
7.568859999999999477e-01 2.598440000000000194e-01
6.348089999999999566e-01 3.587420000000000053e-01
5.888200000000000101e-01 2.922219999999999818e-01
5.195729999999999515e-01 5.076500000000000457e-01
6.935270000000000046e-01 3.720350000000000046e-01
7.129750000000000254e-01 4.080230000000000246e-01
6.235650000000000359e-01 3.764379999999999948e-01
6.882690000000000197e-01 9.061700000000000310e-02
4.253819999999999824e-01 5.141409999999999592e-01
6.790650000000000297e-01 3.007569999999999966e-01
5.229040000000000354e-01 3.928800000000000070e-01
4.806590000000000029e-01 2.791790000000000105e-01
7.165110000000000090e-01 3.528100000000000125e-01
7.150590000000000002e-01 2.797990000000000199e-01
-8.297120000000000051e-01 3.566829999999999723e-01
8.257590000000000208e-01 8.598500000000000587e-02
8.460419999999999607e-01 -5.799000000000000335e-03
6.462430000000000119e-01 2.697359999999999758e-01
5.752880000000000216e-01 1.547520000000000007e-01
6.616880000000000539e-01 3.290200000000000069e-02
7.244310000000000471e-01 2.527539999999999787e-01
7.893409999999999593e-01 1.359879999999999978e-01
7.084909999999999819e-01 3.085829999999999962e-01
7.892439999999999456e-01 2.195499999999999952e-01
6.671479999999999633e-01 1.558160000000000101e-01
4.875459999999999794e-01 2.941559999999999730e-01
7.126449999999999729e-01 2.335689999999999988e-01
8.248729999999999674e-01 3.260100000000000220e-01
7.295059999999999878e-01 4.128830000000000000e-01
4.439939999999999998e-01 3.768549999999999955e-01
5.989649999999999697e-01 4.108729999999999882e-01
4.096460000000000101e-01 3.693040000000000211e-01
5.015739999999999643e-01 4.221539999999999737e-01
5.649809999999999555e-01 1.543289999999999940e-01
5.719319999999999959e-01 2.481359999999999955e-01
4.825160000000000005e-01 3.570399999999999963e-02
5.861509999999999776e-01 -2.613809999999999745e-01
7.108609999999999651e-01 2.740300000000000027e-02
6.212280000000000024e-01 3.160529999999999728e-01
7.821259999999999879e-01 3.754819999999999824e-01
6.901439999999999797e-01 2.288930000000000131e-01
5.713040000000000340e-01 2.070899999999999963e-01
3.482899999999999885e-01 2.833169999999999855e-01
6.240269999999999984e-01 1.823210000000000108e-01
6.565619999999999790e-01 3.141590000000000216e-01
6.541120000000000267e-01 9.200000000000000007e-05
8.225909999999999611e-01 1.217349999999999960e-01
6.980779999999999763e-01 2.724590000000000067e-01
6.462679999999999536e-01 3.471899999999999986e-01
6.009929999999999994e-01 2.143079999999999985e-01
8.494629999999999681e-01 2.581419999999999826e-01
7.599390000000000311e-01 2.943459999999999965e-01
7.190090000000000092e-01 2.921210000000000195e-01
5.458340000000000414e-01 1.211919999999999942e-01
6.834320000000000395e-01 2.171659999999999979e-01
8.166889999999999983e-01 9.418500000000000483e-02
7.510280000000000289e-01 8.390400000000000635e-02
7.299759999999999582e-01 3.528789999999999982e-01
8.232209999999999805e-01 2.516950000000000021e-01
5.760979999999999990e-01 3.101010000000000155e-01
6.346899999999999764e-01 2.172240000000000004e-01
8.480210000000000248e-01 3.861200000000000049e-02
6.260259999999999714e-01 2.890099999999999891e-01
7.213859999999999717e-01 -5.830000000000000113e-03
5.699619999999999687e-01 2.800690000000000124e-01
6.119470000000000187e-01 1.988929999999999865e-01
6.153650000000000508e-01 1.630689999999999917e-01
6.487840000000000273e-01 2.602000000000000146e-02
7.034479999999999622e-01 1.024399999999999963e-02
6.753209999999999491e-01 2.314209999999999878e-01
5.285360000000000058e-01 7.333099999999999341e-02
5.697830000000000394e-01 1.475950000000000040e-01
6.907999999999999696e-01 9.084100000000000508e-02
4.671699999999999742e-01 5.010130000000000416e-01
5.617560000000000331e-01 4.919859999999999789e-01
6.996219999999999661e-01 1.506290000000000129e-01
5.660619999999999541e-01 2.024170000000000136e-01
7.949889999999999457e-01 2.179669999999999941e-01
8.839930000000000287e-01 -6.745600000000000207e-02
7.272739999999999760e-01 1.443850000000000133e-01
7.153519999999999879e-01 1.906420000000000059e-01
5.266589999999999883e-01 1.769840000000000024e-01
7.477789999999999715e-01 -8.281700000000000172e-02
7.242309999999999581e-01 6.321599999999999442e-02
7.377839999999999954e-01 1.455539999999999889e-01
8.090850000000000541e-01 1.273100000000000065e-01
7.937400000000000011e-01 1.155019999999999936e-01
6.669000000000000483e-01 1.855199999999999905e-01
6.957250000000000378e-01 1.863720000000000099e-01
5.038899999999999491e-01 2.022239999999999871e-01
5.259190000000000254e-01 1.708929999999999894e-01
6.511240000000000361e-01 2.785759999999999903e-01
6.117470000000000407e-01 3.728069999999999995e-01
4.401260000000000172e-01 4.283719999999999750e-01
7.066249999999999476e-01 4.248779999999999779e-01
6.373079999999999856e-01 2.963959999999999928e-01
7.100199999999999845e-01 3.005990000000000051e-01
7.879829999999999890e-01 2.167910000000000115e-01
8.026839999999999531e-01 1.345959999999999934e-01
6.525279999999999969e-01 1.894319999999999893e-01
8.523720000000000185e-01 1.186579999999999996e-01
6.525870000000000282e-01 1.528049999999999964e-01
8.023639999999999661e-01 -2.978700000000000098e-02
7.714210000000000234e-01 1.680280000000000107e-01
6.486450000000000271e-01 1.285550000000000026e-01
7.719139999999999890e-01 2.440259999999999929e-01
6.010499999999999732e-01 -3.775000000000000144e-03
5.713409999999999878e-01 2.816370000000000262e-01
6.996409999999999574e-01 1.227069999999999966e-01
7.332309999999999661e-01 1.137969999999999954e-01
7.760350000000000303e-01 2.341789999999999983e-01
7.464830000000000076e-01 1.283299999999999996e-01
6.061640000000000361e-01 2.137729999999999908e-01
5.422339999999999938e-01 9.302299999999999458e-02
6.274830000000000130e-01 1.668100000000000138e-02
4.946789999999999798e-01 3.177559999999999829e-01
6.298799999999999955e-01 1.760359999999999980e-01
8.148309999999999720e-01 -1.748999999999999904e-03
5.013140000000000374e-01 2.747919999999999807e-01
6.080370000000000497e-01 6.090799999999999687e-02
6.557089999999999863e-01 3.611899999999999833e-02
6.533179999999999543e-01 1.122849999999999959e-01
5.976900000000000546e-01 2.567989999999999995e-01
7.467129999999999601e-01 1.781169999999999976e-01
8.181570000000000231e-01 1.692539999999999878e-01
6.474779999999999980e-01 4.393199999999999883e-02
5.970779999999999976e-01 1.734850000000000003e-01
7.021720000000000184e-01 3.187180000000000013e-01
5.402010000000000423e-01 -1.257620000000000127e-01
5.527039999999999731e-01 1.955179999999999974e-01
6.257770000000000277e-01 2.173569999999999947e-01
5.050719999999999654e-01 3.095570000000000266e-01
5.102910000000000501e-01 1.329730000000000079e-01
8.763119999999999798e-01 6.590400000000000424e-02
7.269320000000000226e-01 1.580489999999999950e-01
5.092010000000000147e-01 1.535019999999999996e-01
6.967360000000000220e-01 2.363900000000000029e-02
6.069860000000000255e-01 -3.576100000000000112e-02
5.684529999999999861e-01 2.516399999999999748e-01
6.068989999999999663e-01 1.786169999999999980e-01
4.356240000000000112e-01 2.471720000000000028e-01
3.492959999999999954e-01 2.420170000000000099e-01
5.132750000000000368e-01 -6.772499999999999354e-02
5.947989999999999666e-01 8.578399999999999914e-02
7.212920000000000442e-01 1.085610000000000047e-01
4.710070000000000090e-01 3.135209999999999941e-01
5.559760000000000257e-01 4.624400000000000038e-02
5.946799999999999864e-01 2.903700000000000170e-01
6.528070000000000261e-01 -1.332329999999999903e-01
2.743829999999999880e-01 1.913279999999999981e-01
6.487159999999999593e-01 3.161349999999999993e-01
5.081280000000000241e-01 1.968479999999999952e-01
6.625550000000000050e-01 -6.825900000000000023e-02
5.656989999999999519e-01 8.072400000000000408e-02
7.014289999999999692e-01 1.019759999999999972e-01
5.747579999999999911e-01 4.981599999999999917e-02
6.880479999999999929e-01 2.830349999999999810e-01
5.642120000000000468e-01 2.383000000000000135e-03
7.470390000000000086e-01 1.136540000000000050e-01
8.258720000000000505e-01 1.155859999999999943e-01
7.452950000000000408e-01 8.994000000000000605e-02
5.853009999999999602e-01 2.031689999999999885e-01
6.249540000000000095e-01 -1.610000000000000103e-04
5.568349999999999689e-01 2.575169999999999959e-01
5.917519999999999447e-01 1.917889999999999873e-01
7.089480000000000226e-01 2.970249999999999835e-01
5.025290000000000035e-01 2.862919999999999909e-01
6.222290000000000321e-01 3.488169999999999882e-01
5.011499999999999844e-01 1.850189999999999890e-01
6.261320000000000219e-01 2.584369999999999723e-01
7.286310000000000286e-01 1.169899999999999968e-01
6.272689999999999655e-01 5.199700000000000155e-02
7.487120000000000442e-01 -5.887400000000000272e-02
6.738830000000000098e-01 2.428200000000000150e-02
7.408519999999999550e-01 -1.942899999999999835e-02
6.149829999999999464e-01 -8.541999999999999593e-02
7.753309999999999924e-01 3.362199999999999911e-02
7.839800000000000102e-01 6.094600000000000017e-02
6.219440000000000524e-01 2.206609999999999960e-01
8.262289999999999912e-01 5.832799999999999790e-02
5.134009999999999962e-01 4.754280000000000173e-01
8.092489999999999961e-01 2.981599999999999806e-01
7.463229999999999587e-01 -7.090799999999999881e-02
8.170910000000000117e-01 2.431300000000000128e-01
6.981119999999999548e-01 2.150370000000000059e-01
7.719869999999999788e-01 3.188599999999999768e-02
6.226690000000000280e-01 2.206180000000000085e-01
7.389090000000000380e-01 1.040999999999999981e-01
6.086759999999999948e-01 2.108520000000000116e-01
5.966110000000000024e-01 3.137590000000000101e-01
6.895130000000000425e-01 2.826429999999999776e-01
5.678330000000000322e-01 1.561130000000000018e-01
6.278660000000000352e-01 1.859429999999999972e-01
6.425920000000000520e-01 9.000500000000000167e-02
6.958530000000000548e-01 1.141360000000000013e-01
7.791780000000000372e-01 1.933400000000000118e-01
7.124009999999999510e-01 -1.536299999999999992e-02
8.015719999999999512e-01 -6.450400000000000578e-02
6.910389999999999588e-01 -5.138000000000000206e-03
7.577570000000000139e-01 8.688600000000000489e-02
7.868629999999999791e-01 2.293320000000000081e-01
6.560470000000000468e-01 1.228699999999999931e-01
7.389820000000000277e-01 1.196310000000000012e-01
7.823590000000000266e-01 1.104949999999999960e-01
7.380390000000000006e-01 3.306939999999999880e-01
5.820520000000000138e-01 1.730780000000000096e-01
5.940860000000000030e-01 -2.700899999999999829e-02
5.353639999999999510e-01 2.577740000000000031e-01
5.899910000000000432e-01 8.435900000000000343e-02
8.349250000000000282e-01 1.204680000000000056e-01
5.645989999999999620e-01 2.371969999999999912e-01
6.305739999999999679e-01 3.124399999999999955e-01
8.699519999999999476e-01 1.012870000000000020e-01
7.925280000000000102e-01 2.867790000000000061e-01
6.764759999999999662e-01 1.885860000000000036e-01
6.381090000000000373e-01 -5.262000000000000011e-02
7.724649999999999572e-01 1.948489999999999944e-01
6.894930000000000225e-01 4.967599999999999794e-01
6.656840000000000535e-01 2.217330000000000134e-01
8.571819999999999995e-01 5.491000000000000221e-03
7.775220000000000464e-01 5.506199999999999983e-02
7.142939999999999845e-01 2.915960000000000218e-01
5.595510000000000206e-01 5.298499999999999738e-02
6.787619999999999765e-01 3.330380000000000007e-01
8.251610000000000333e-01 1.987990000000000035e-01
8.722699999999999898e-01 3.746869999999999923e-01
7.102990000000000137e-01 2.697550000000000225e-01
7.806330000000000213e-01 1.820090000000000041e-01
8.564990000000000103e-01 7.466799999999999826e-02
6.051940000000000097e-01 1.771490000000000009e-01
6.874989999999999712e-01 -2.310399999999999954e-02
8.698599999999999666e-01 9.315400000000000069e-02
7.128710000000000324e-01 -2.787500000000000047e-02
6.382470000000000088e-01 2.470400000000000096e-01
7.393659999999999677e-01 -6.558600000000000541e-02
7.327660000000000284e-01 -4.487200000000000216e-02
8.110680000000000112e-01 8.369999999999999619e-04
7.191130000000000022e-01 3.554050000000000264e-01
7.764499999999999735e-01 7.682200000000000140e-02
7.960629999999999651e-01 2.663869999999999849e-01
6.118829999999999547e-01 1.583320000000000005e-01
7.537160000000000526e-01 1.203189999999999954e-01
8.130270000000000552e-01 2.085899999999999976e-01
6.450249999999999595e-01 1.618910000000000071e-01
6.183870000000000200e-01 4.069729999999999737e-01
7.739040000000000363e-01 4.000800000000000189e-02
7.943930000000000158e-01 7.269699999999999773e-02
8.285599999999999632e-01 3.581269999999999731e-01
7.117510000000000225e-01 -1.044169999999999959e-01
7.459179999999999700e-01 1.176999999999999991e-01
7.412419999999999565e-01 1.013639999999999958e-01
8.818259999999999987e-01 1.632840000000000125e-01
9.278849999999999598e-01 -2.120299999999999963e-02
7.833649999999999780e-01 -3.609400000000000108e-02
8.166860000000000230e-01 1.890749999999999931e-01
7.882120000000000237e-01 1.602020000000000111e-01
7.704490000000000505e-01 1.154629999999999962e-01
7.543260000000000520e-01 4.438500000000000084e-02
8.060159999999999547e-01 2.537340000000000151e-01
6.970739999999999714e-01 2.072539999999999938e-01
8.689040000000000097e-01 -2.088399999999999979e-01
8.612600000000000255e-01 -9.123799999999999966e-02
8.501689999999999525e-01 1.148610000000000048e-01
7.577239999999999531e-01 2.021610000000000074e-01
7.713179999999999481e-01 1.713069999999999871e-01
2.543099999999999805e-01 3.504539999999999877e-01
8.267919999999999714e-01 1.372089999999999976e-01
6.428129999999999677e-01 1.033580000000000054e-01
4.840309999999999890e-01 -1.469200000000000020e-02
6.590819999999999457e-01 1.133770000000000056e-01
7.168459999999999832e-01 2.316700000000000009e-02
7.719660000000000410e-01 4.209299999999999847e-02
6.778340000000000476e-01 3.072269999999999723e-01
7.632520000000000415e-01 3.778900000000000314e-02
5.222200000000000175e-01 1.895489999999999953e-01
7.687209999999999877e-01 2.543699999999999850e-01
5.895740000000000425e-01 2.513750000000000151e-01
7.236000000000000210e-01 6.904000000000000414e-02
7.394600000000000062e-01 2.288479999999999959e-01
5.612289999999999779e-01 2.468339999999999979e-01
6.654989999999999517e-01 1.518599999999999950e-01
8.210439999999999960e-01 2.005049999999999888e-01
7.606159999999999588e-01 5.825199999999999823e-02
7.219919999999999671e-01 2.818080000000000029e-01
7.167390000000000150e-01 1.845330000000000026e-01
6.148670000000000524e-01 2.172169999999999934e-01
7.643379999999999619e-01 5.592699999999999755e-02
5.634109999999999951e-01 2.083389999999999964e-01
7.803820000000000201e-01 1.727950000000000041e-01
8.645639999999999992e-01 1.726719999999999922e-01
6.493630000000000235e-01 8.943299999999999861e-02
6.173619999999999663e-01 8.174099999999999422e-02
6.342640000000000500e-01 4.362610000000000099e-01
5.644850000000000145e-01 3.962000000000000244e-02
6.551219999999999821e-01 2.378560000000000119e-01
7.061110000000000442e-01 -4.769700000000000328e-02
7.177329999999999544e-01 -8.496499999999999886e-02
8.529980000000000340e-01 2.158589999999999953e-01
7.245559999999999778e-01 2.341620000000000090e-01
7.591620000000000035e-01 2.238380000000000092e-01
8.024480000000000501e-01 1.996690000000000131e-01
8.421579999999999622e-01 1.096810000000000007e-01
6.855550000000000255e-01 8.839900000000000535e-02
7.232830000000000092e-01 5.231899999999999745e-02
7.505589999999999762e-01 3.080300000000000260e-01
5.664400000000000546e-01 3.557279999999999887e-01
6.853620000000000267e-01 3.386779999999999791e-01
5.981790000000000163e-01 1.419370000000000076e-01
5.963279999999999692e-01 1.664869999999999961e-01
6.337369999999999948e-01 8.893099999999999616e-02
3.219279999999999919e-01 3.042000000000000259e-01
7.195730000000000182e-01 2.300929999999999920e-01
8.823149999999999604e-01 1.075229999999999936e-01
4.356530000000000125e-01 5.521199999999999719e-02
9.142879999999999896e-01 1.306019999999999959e-01
6.363550000000000040e-01 2.253749999999999920e-01
8.124289999999999567e-01 -1.390800000000000022e-02
8.085059999999999469e-01 -3.274300000000000127e-02
8.090990000000000126e-01 1.332520000000000093e-01
7.569529999999999870e-01 4.698000000000000093e-02
7.368930000000000202e-01 2.414469999999999950e-01
6.689969999999999528e-01 -6.342699999999999727e-02
7.936839999999999451e-01 2.241350000000000009e-01
7.773780000000000134e-01 1.664509999999999879e-01
5.982269999999999532e-01 3.934619999999999784e-01
5.854610000000000092e-01 3.688710000000000044e-01
6.529549999999999521e-01 1.223469999999999974e-01
6.968119999999999870e-01 2.411320000000000130e-01
6.040149999999999686e-01 2.135890000000000011e-01
6.102750000000000119e-01 4.323560000000000181e-01
7.182819999999999760e-01 -3.180499999999999994e-02
8.138279999999999959e-01 3.416390000000000260e-01
6.467429999999999568e-01 1.745480000000000087e-01
7.358080000000000176e-01 1.668739999999999946e-01
7.249520000000000408e-01 3.330029999999999935e-01
6.694959999999999800e-01 3.415349999999999775e-01
6.440730000000000066e-01 9.981299999999999895e-02
6.090860000000000163e-01 7.263200000000000212e-02
7.286850000000000271e-01 2.698700000000000057e-02
8.017410000000000370e-01 3.350949999999999762e-01
7.670460000000000056e-01 4.304200000000000248e-01
4.881320000000000103e-01 2.371300000000000074e-01
5.707529999999999548e-01 1.985580000000000123e-01
6.536800000000000388e-01 3.221840000000000259e-01
6.111769999999999703e-01 8.541700000000000681e-02
8.259389999999999787e-01 1.525219999999999909e-01
7.927469999999999795e-01 2.290599999999999928e-02
7.749310000000000365e-01 1.890689999999999871e-01
7.987229999999999608e-01 2.862500000000000114e-02
5.121719999999999606e-01 5.437299999999999772e-02
5.039369999999999683e-01 5.569699999999999651e-01
7.487979999999999636e-01 2.206220000000000125e-01
6.422269999999999923e-01 1.788480000000000070e-01
8.055649999999999755e-01 3.019789999999999974e-01
6.835390000000000077e-01 1.789769999999999972e-01
6.702730000000000077e-01 3.218719999999999914e-01
4.288859999999999895e-01 1.702220000000000122e-01
7.292140000000000288e-01 -2.650900000000000131e-02
6.089400000000000368e-01 1.678949999999999887e-01
6.509939999999999616e-01 2.427789999999999948e-01
6.379799999999999915e-01 1.608330000000000037e-01
5.485269999999999868e-01 1.861389999999999989e-01
7.383239999999999803e-01 2.398409999999999986e-01
6.436129999999999907e-01 4.060989999999999878e-01
5.669060000000000210e-01 1.220450000000000007e-01
8.873039999999999816e-01 -7.919700000000000351e-02
6.808300000000000463e-01 3.525889999999999858e-01
4.560279999999999889e-01 3.764469999999999761e-01
7.889599999999999946e-01 -1.305699999999999916e-01
7.370830000000000437e-01 2.771989999999999732e-01
5.204360000000000097e-01 -1.449640000000000095e-01
4.644499999999999740e-01 4.170639999999999903e-01
5.525959999999999761e-01 2.526999999999999802e-01
7.486939999999999706e-01 7.970399999999999707e-02
4.859299999999999731e-01 1.234409999999999952e-01
6.121389999999999887e-01 1.961579999999999990e-01
7.061629999999999852e-01 4.291799999999999782e-02
4.728470000000000173e-01 1.768969999999999987e-01
6.887990000000000501e-01 3.148999999999999889e-03
7.106649999999999912e-01 1.160149999999999931e-01
6.992239999999999567e-01 2.437989999999999879e-01
6.148329999999999629e-01 1.545910000000000062e-01
4.833410000000000206e-01 -3.041999999999999999e-03
6.568530000000000202e-01 4.185699999999999837e-02
5.247530000000000250e-01 3.370259999999999923e-01
8.596129999999999605e-01 7.341200000000000503e-02
4.533320000000000127e-01 2.562280000000000113e-01
7.741470000000000296e-01 2.533199999999999896e-01
6.717459999999999543e-01 1.964819999999999900e-01
6.868039999999999701e-01 1.641440000000000121e-01
6.612489999999999757e-01 2.074539999999999995e-01
8.027760000000000451e-01 3.174790000000000112e-01
8.216909999999999492e-01 1.658119999999999872e-01
6.105359999999999676e-01 2.920369999999999910e-01
8.192430000000000545e-01 1.721290000000000042e-01
6.687560000000000171e-01 3.403399999999999759e-01
3.883110000000000173e-01 3.590769999999999795e-01
6.759420000000000428e-01 1.062659999999999993e-01
5.280289999999999706e-01 3.541030000000000011e-01
5.259920000000000151e-01 3.635379999999999723e-01
4.618079999999999963e-01 3.274839999999999973e-01
6.751390000000000446e-01 2.918410000000000171e-01
8.610790000000000388e-01 1.502139999999999864e-01
7.150400000000000089e-01 4.886999999999999678e-02
6.749829999999999997e-01 2.507829999999999782e-01
7.942799999999999860e-01 2.031350000000000100e-01
7.691510000000000291e-01 4.918899999999999662e-02
6.690099999999999936e-01 2.925550000000000095e-01
7.602680000000000549e-01 5.574400000000000188e-02
7.298550000000000315e-01 1.498659999999999992e-01
7.141309999999999603e-01 1.158679999999999988e-01
5.302729999999999944e-01 1.636370000000000047e-01
5.747299999999999631e-01 5.097599999999999909e-01
8.122989999999999933e-01 1.679279999999999939e-01
7.408930000000000238e-01 6.974400000000000044e-02
5.049749999999999517e-01 6.401700000000000446e-02
9.521859999999999769e-01 6.616600000000000259e-02
6.243379999999999486e-01 -4.436500000000000166e-02
7.201950000000000296e-01 3.511540000000000217e-01
5.082419999999999716e-01 1.807320000000000038e-01
5.882500000000000506e-01 1.753199999999999897e-02
6.049480000000000413e-01 2.432330000000000048e-01
6.923430000000000417e-01 1.489810000000000023e-01
8.076860000000000150e-01 -4.865300000000000180e-02
8.254000000000000226e-01 5.028599999999999737e-02
5.809800000000000519e-01 2.061189999999999967e-01
7.835919999999999552e-01 5.556400000000000228e-02
8.454409999999999981e-01 1.939079999999999970e-01
7.503940000000000055e-01 3.070979999999999821e-01
7.313840000000000341e-01 1.406769999999999965e-01
6.386950000000000127e-01 2.306509999999999949e-01
5.825249999999999595e-01 3.760450000000000181e-01
6.406960000000000433e-01 6.762999999999999567e-02
7.202779999999999738e-01 1.649859999999999938e-01
6.443780000000000063e-01 2.318200000000000122e-02
6.684600000000000541e-01 5.257000000000000388e-03
6.955130000000000479e-01 2.950699999999999990e-01
7.783280000000000198e-01 2.573929999999999829e-01
7.692200000000000149e-01 1.766089999999999882e-01
7.528890000000000304e-01 3.214999999999999802e-02
7.300560000000000382e-01 7.865000000000000463e-03
5.352120000000000211e-01 2.562860000000000138e-01
4.588249999999999829e-01 5.431600000000000317e-02
7.257000000000000117e-01 2.891259999999999941e-01
6.685100000000000486e-01 1.338300000000000045e-01
5.299089999999999634e-01 -1.426910000000000123e-01
5.741690000000000405e-01 1.042420000000000013e-01
7.538280000000000536e-01 7.990999999999999492e-02
7.272800000000000376e-01 2.002210000000000101e-01
6.364330000000000265e-01 4.632599999999999912e-02
8.276670000000000416e-01 3.309219999999999939e-01
6.021969999999999823e-01 2.999350000000000072e-01
7.529120000000000257e-01 2.342120000000000035e-01
7.807709999999999928e-01 1.418590000000000129e-01
7.713370000000000504e-01 1.338650000000000118e-01
7.656199999999999672e-01 1.715569999999999873e-01
5.852169999999999872e-01 2.431800000000000073e-01
6.783660000000000245e-01 7.182700000000000196e-02
8.146179999999999533e-01 8.229000000000000203e-02
6.603329999999999478e-01 2.009150000000000102e-01
7.162650000000000405e-01 1.764989999999999892e-01
5.483799999999999786e-01 1.369380000000000042e-01
6.840850000000000541e-01 2.460440000000000127e-01
8.805340000000000389e-01 1.281519999999999881e-01
6.612460000000000004e-01 1.185139999999999944e-01
8.256750000000000478e-01 -1.020100000000000000e-02
7.279290000000000482e-01 3.838199999999999945e-01
8.851400000000000379e-01 3.014419999999999877e-01
4.162680000000000269e-01 2.976170000000000204e-01
8.084599999999999564e-01 2.076749999999999985e-01
6.991779999999999662e-01 -8.560199999999999754e-02
5.939590000000000147e-01 2.753240000000000132e-01
6.163650000000000517e-01 6.321300000000000530e-02
6.593290000000000539e-01 1.390909999999999924e-01
6.444180000000000463e-01 1.581190000000000095e-01
8.209589999999999943e-01 -1.642999999999999929e-03
6.847659999999999858e-01 1.224699999999999955e-01
7.599609999999999976e-01 1.930290000000000061e-01
6.281459999999999821e-01 2.873499999999999943e-01
7.919540000000000468e-01 2.584609999999999963e-01
6.382879999999999665e-01 8.421800000000000119e-02
5.374459999999999793e-01 1.202690000000000009e-01
7.844729999999999759e-01 1.114300000000000013e-02
6.146709999999999674e-01 1.961549999999999960e-01
7.371579999999999799e-01 2.073010000000000130e-01
7.210309999999999775e-01 -4.227999999999999987e-03
5.724230000000000151e-01 2.539040000000000186e-01
7.304359999999999742e-01 1.903829999999999967e-01
6.765790000000000415e-01 3.482009999999999827e-01
5.249599999999999822e-01 2.381900000000000128e-01
7.838770000000000460e-01 6.534700000000000231e-02
9.352420000000000178e-01 -5.678500000000000214e-02
7.443689999999999474e-01 -4.396800000000000014e-02
4.721620000000000261e-01 3.342060000000000031e-01
6.909229999999999539e-01 -6.055699999999999972e-02
6.913580000000000281e-01 -5.807400000000000062e-02
7.639489999999999892e-01 1.710569999999999868e-01
5.236220000000000319e-01 3.422359999999999847e-01
8.293160000000000531e-01 1.293380000000000085e-01
8.058539999999999592e-01 2.451339999999999908e-01
6.522799999999999709e-01 2.071260000000000046e-01
6.963890000000000358e-01 1.935010000000000063e-01
4.836949999999999861e-01 -2.678999999999999958e-03
3.698560000000000181e-01 4.689450000000000007e-01
5.440439999999999721e-01 -4.506999999999999895e-02
7.915499999999999758e-01 8.283000000000000085e-02
5.593759999999999843e-01 3.364530000000000021e-01
7.478479999999999572e-01 4.145880000000000121e-01
5.095709999999999962e-01 4.621060000000000167e-01
5.764179999999999859e-01 -2.829800000000000024e-02
4.122569999999999846e-01 4.310430000000000095e-01
7.754529999999999479e-01 2.877910000000000190e-01
7.106500000000000039e-01 5.263700000000000323e-02
6.988079999999999847e-01 7.135800000000000476e-02
6.059999999999999831e-01 1.547630000000000117e-01
6.965090000000000447e-01 3.001900000000000124e-01
6.003030000000000310e-01 2.506920000000000259e-01
6.747199999999999864e-01 3.005380000000000273e-01
5.124429999999999819e-01 1.992510000000000114e-01
8.020420000000000327e-01 3.171030000000000237e-01
8.843710000000000182e-01 1.330270000000000064e-01
3.171910000000000007e-01 2.037500000000000075e-02
6.364109999999999490e-01 5.737999999999999767e-01
7.618540000000000312e-01 4.962899999999999950e-02
7.196829999999999616e-01 4.040300000000000141e-02
4.728910000000000058e-01 1.867560000000000053e-01
5.226399999999999935e-01 2.487310000000000076e-01
5.810899999999999954e-01 3.418959999999999777e-01
5.703319999999999501e-01 1.215210000000000040e-01
8.447989999999999666e-01 3.216999999999999721e-02
5.096300000000000274e-01 1.255570000000000019e-01
6.811960000000000237e-01 1.106960000000000027e-01
4.972719999999999918e-01 2.083029999999999882e-01
3.453749999999999876e-01 -9.846299999999999497e-02
7.985039999999999916e-01 -3.324000000000000132e-03
6.965740000000000265e-01 1.379170000000000118e-01
7.520989999999999620e-01 1.532729999999999926e-01
7.995820000000000149e-01 2.977330000000000254e-01
5.048989999999999867e-01 6.506729999999999459e-01
6.929130000000000011e-01 6.019989999999999508e-01
5.193520000000000358e-01 7.230010000000000048e-01
6.289430000000000298e-01 4.932509999999999950e-01
6.249160000000000270e-01 5.143199999999999994e-01
5.811199999999999699e-01 4.200110000000000232e-01
5.411000000000000254e-01 1.503589999999999927e-01
6.291020000000000501e-01 2.922179999999999778e-01
4.131480000000000152e-01 6.929889999999999661e-01
4.826349999999999807e-01 5.225340000000000540e-01
6.508070000000000244e-01 6.418960000000000221e-01
4.959859999999999824e-01 6.975770000000000026e-01
4.472619999999999929e-01 4.193669999999999898e-01
4.332889999999999797e-01 4.215329999999999910e-01
5.349369999999999958e-01 5.210949999999999749e-01
5.908050000000000246e-01 4.677060000000000106e-01
6.312950000000000506e-01 4.107689999999999952e-01
5.285379999999999523e-01 4.258950000000000236e-01
4.677790000000000004e-01 6.902899999999999592e-01
4.772410000000000263e-01 6.329430000000000334e-01
7.846760000000000401e-01 2.772519999999999984e-01
5.888269999999999893e-01 5.119289999999999674e-01
4.698590000000000266e-01 8.513960000000000417e-01
5.727499999999999813e-01 4.755750000000000255e-01
4.457990000000000008e-01 7.079320000000000057e-01
6.633390000000000120e-01 2.880199999999999982e-01
5.513599999999999612e-01 3.522330000000000183e-01
6.335739999999999705e-01 4.778140000000000165e-01
7.211319999999999952e-01 3.588560000000000083e-01
4.787589999999999901e-01 5.247699999999999587e-01
5.000580000000000025e-01 5.570580000000000531e-01
7.500240000000000240e-01 4.756810000000000205e-01
6.658880000000000354e-01 4.958969999999999767e-01
5.447699999999999765e-01 5.712720000000000020e-01
6.884949999999999681e-01 3.336600000000000121e-01
5.772279999999999633e-01 5.957949999999999635e-01
4.609300000000000064e-01 5.836200000000000276e-01
7.382570000000000521e-01 3.083460000000000090e-01
7.058389999999999942e-01 2.587149999999999728e-01
5.912929999999999575e-01 5.871009999999999840e-01
5.172579999999999956e-01 5.482059999999999711e-01
5.824300000000000033e-01 1.954180000000000084e-01
6.005549999999999500e-01 5.401749999999999607e-01
4.829979999999999829e-01 5.477629999999999999e-01
6.767729999999999579e-01 8.932199999999999862e-02
4.125030000000000086e-01 5.185020000000000184e-01
5.549230000000000551e-01 6.034869999999999957e-01
4.531189999999999940e-01 5.214339999999999531e-01
5.877499999999999947e-01 5.371270000000000211e-01
2.879780000000000117e-01 3.759950000000000236e-01
6.010959999999999637e-01 4.721159999999999801e-01
4.898629999999999929e-01 -7.967000000000000123e-03
7.296190000000000175e-01 -4.917400000000000243e-02
7.325220000000000065e-01 3.427270000000000039e-01
3.867269999999999874e-01 5.582519999999999705e-01
7.546289999999999942e-01 1.180900000000000005e-01
6.624940000000000273e-01 4.481390000000000096e-01
7.970890000000000475e-01 2.347430000000000072e-01
7.961620000000000363e-01 2.131909999999999916e-01
4.864180000000000170e-01 4.550359999999999960e-01
8.016640000000000432e-01 2.084090000000000109e-01
5.954110000000000236e-01 4.525060000000000193e-01
4.622729999999999895e-01 4.014630000000000143e-01
5.812420000000000364e-01 9.942199999999999649e-02
3.995119999999999783e-01 3.384630000000000138e-01
8.005679999999999463e-01 2.543500000000000205e-01
8.153200000000000447e-01 2.454469999999999985e-01
5.997219999999999773e-01 2.354620000000000046e-01
7.117189999999999905e-01 2.781710000000000016e-01
6.788969999999999727e-01 2.436679999999999957e-01
6.304570000000000451e-01 2.912339999999999929e-01
6.269700000000000273e-01 3.233809999999999740e-01
7.731550000000000367e-01 1.836959999999999982e-01
7.030769999999999520e-01 2.811429999999999763e-01
4.469980000000000064e-01 5.983199999999999630e-01
8.187750000000000306e-01 1.805460000000000120e-01
6.402949999999999475e-01 4.668490000000000140e-01
7.047189999999999843e-01 9.163699999999999624e-02
6.006299999999999972e-01 4.880880000000000218e-01
4.246599999999999819e-01 5.626989999999999492e-01
6.337869999999999893e-01 2.924619999999999997e-01
6.003089999999999815e-01 3.530809999999999782e-01
5.359880000000000200e-01 4.297360000000000069e-01
5.243210000000000370e-01 6.265920000000000378e-01
1.892759999999999998e-01 8.676599999999999868e-01
6.784419999999999895e-01 5.666349999999999998e-01
4.731929999999999747e-01 5.925949999999999829e-01
6.920290000000000052e-01 2.800130000000000119e-01
5.469720000000000137e-01 3.521150000000000113e-01
6.687419999999999476e-01 4.136889999999999734e-01
5.367300000000000404e-01 3.957649999999999779e-01
5.657560000000000366e-01 4.637459999999999916e-01
5.609739999999999727e-01 4.753620000000000068e-01
5.788879999999999582e-01 3.869929999999999759e-01
6.373619999999999841e-01 2.390009999999999912e-01
6.646530000000000493e-01 1.124740000000000045e-01
6.836360000000000214e-01 -3.169600000000000195e-02
5.388589999999999769e-01 9.256399999999999351e-02
6.803369999999999695e-01 8.046499999999999486e-02
6.674649999999999750e-01 2.986800000000000010e-01
6.171280000000000099e-01 1.542509999999999992e-01
6.061330000000000329e-01 2.808379999999999765e-01
6.002729999999999455e-01 2.018400000000000055e-02
5.787750000000000394e-01 -4.596399999999999791e-02
5.791960000000000441e-01 2.224279999999999868e-01
6.272659999999999902e-01 2.304309999999999969e-01
5.862509999999999666e-01 1.908469999999999889e-01
6.620920000000000138e-01 -1.068799999999999958e-02
6.879370000000000207e-01 -6.471999999999999975e-02
5.405569999999999542e-01 1.408409999999999940e-01
5.088399999999999590e-01 2.563860000000000028e-01
5.402190000000000047e-01 3.532529999999999837e-01
6.895590000000000330e-01 2.676979999999999915e-01
5.714679999999999760e-01 4.097180000000000266e-01
7.181640000000000246e-01 2.099679999999999880e-01
5.225149999999999517e-01 1.963459999999999928e-01
7.649550000000000516e-01 1.523539999999999894e-01
6.049470000000000125e-01 1.082810000000000022e-01
6.142330000000000290e-01 1.163959999999999995e-01
4.545699999999999741e-01 1.317669999999999952e-01
7.690979999999999484e-01 2.781980000000000008e-01
5.427710000000000035e-01 2.466899999999999926e-01
6.644809999999999883e-01 2.660129999999999995e-01
4.738339999999999774e-01 3.955640000000000267e-01
5.704050000000000509e-01 1.303509999999999946e-01
6.155119999999999481e-01 2.764150000000000218e-01
4.927549999999999986e-01 2.115309999999999968e-01
5.902349999999999541e-01 3.370070000000000010e-01
6.428719999999999990e-01 2.787279999999999758e-01
5.066000000000000503e-01 3.923519999999999786e-01
6.504560000000000342e-01 2.248729999999999896e-01
4.347159999999999913e-01 2.228580000000000005e-01
6.218669999999999476e-01 2.192999999999999949e-01
3.087139999999999884e-01 1.013949999999999990e-01
4.110280000000000045e-01 3.560429999999999984e-01
4.381959999999999744e-01 2.619940000000000047e-01
5.390150000000000219e-01 4.256110000000000171e-01
7.424239999999999728e-01 2.882210000000000050e-01
6.278139999999999832e-01 1.543200000000000127e-01
6.629249999999999865e-01 3.001500000000000001e-02
4.977699999999999902e-01 4.511260000000000270e-01
3.823900000000000077e-01 3.346469999999999723e-01
5.788950000000000484e-01 4.305820000000000203e-01
7.133859999999999646e-01 4.421059999999999990e-01
6.350369999999999626e-01 3.538220000000000254e-01
5.479850000000000554e-01 3.011199999999999988e-01
4.659249999999999781e-01 3.704870000000000108e-01
6.486549999999999816e-01 2.239379999999999982e-01
7.131170000000000009e-01 3.280609999999999915e-01
6.272739999999999982e-01 -2.086999999999999880e-03
5.061550000000000216e-01 2.759880000000000111e-01
6.347420000000000284e-01 8.168599999999999473e-02
5.657400000000000206e-01 3.561909999999999799e-01
4.656609999999999916e-01 7.873399999999999843e-02
3.808340000000000058e-01 3.304449999999999887e-01
5.393550000000000288e-01 1.410150000000000015e-01
7.122079999999999522e-01 2.183160000000000101e-01
5.098319999999999519e-01 1.086809999999999998e-01
8.674410000000000176e-01 1.512330000000000063e-01
5.885029999999999983e-01 4.670079999999999787e-01
4.074990000000000001e-01 3.550639999999999907e-01
6.228620000000000267e-01 9.961599999999999622e-02
5.968660000000000077e-01 1.434989999999999877e-01
6.076179999999999914e-01 2.634940000000000060e-01
2.571689999999999809e-01 4.993079999999999741e-01
8.630550000000000166e-01 1.299659999999999982e-01
6.976750000000000451e-01 4.495000000000000107e-01
6.910340000000000371e-01 1.490049999999999986e-01
5.028679999999999817e-01 1.519820000000000060e-01
4.466840000000000255e-01 2.922660000000000258e-01
5.084089999999999998e-01 2.908189999999999942e-01
6.066059999999999786e-01 2.942640000000000255e-01
5.264450000000000518e-01 1.647600000000000106e-02
8.194129999999999470e-01 -1.595729999999999926e-01
3.844750000000000112e-01 1.681979999999999864e-01
4.598570000000000157e-01 1.099750000000000033e-01
6.139099999999999557e-01 8.983199999999999519e-02
5.795529999999999848e-01 1.558609999999999995e-01
6.930370000000000141e-01 2.380130000000000023e-01
6.420240000000000391e-01 2.070089999999999986e-01
5.517199999999999882e-01 1.457360000000000044e-01
6.549120000000000497e-01 3.119649999999999923e-01
6.846929999999999961e-01 2.174409999999999954e-01
7.584629999999999983e-01 9.527800000000000158e-02
4.090340000000000087e-01 2.675810000000000133e-01
7.804159999999999986e-01 3.697360000000000091e-01
8.265689999999999982e-01 -2.847399999999999931e-02
5.126239999999999686e-01 1.681829999999999992e-01
7.216420000000000057e-01 1.900830000000000020e-01
8.329459999999999642e-01 3.058109999999999995e-01
6.435870000000000202e-01 2.064259999999999984e-01
7.294279999999999653e-01 8.423400000000000332e-02
2.812109999999999888e-01 2.390359999999999985e-01
8.440480000000000205e-01 8.068200000000000371e-02
5.026100000000000012e-01 1.944700000000000040e-01
5.753540000000000321e-01 2.418800000000000117e-01
4.958370000000000277e-01 4.675909999999999789e-01
7.372069999999999457e-01 2.971150000000000180e-01
4.993210000000000148e-01 1.835600000000000079e-02
6.069290000000000518e-01 3.137420000000000209e-01
8.437919999999999865e-01 1.312730000000000008e-01
6.736499999999999710e-01 4.565759999999999819e-01
7.314929999999999488e-01 2.608320000000000083e-01
8.098619999999999708e-01 1.473260000000000125e-01
8.190020000000000078e-01 7.607300000000000173e-02
7.078210000000000335e-01 2.805440000000000156e-01
7.461959999999999704e-01 1.971819999999999962e-01
7.890160000000000506e-01 2.288209999999999966e-01
6.936890000000000001e-01 4.789199999999999707e-02
6.717049999999999965e-01 3.632110000000000061e-01
7.374730000000000452e-01 6.457100000000000339e-02
6.702780000000000404e-01 3.868409999999999904e-01
6.469799999999999995e-01 2.136210000000000053e-01
6.714719999999999578e-01 2.601640000000000064e-01
4.924069999999999836e-01 4.589500000000000246e-01
6.713230000000000031e-01 3.567609999999999948e-01
5.870469999999999855e-01 3.256379999999999830e-01
7.841120000000000312e-01 1.373620000000000119e-01
8.922820000000000196e-01 2.593960000000000155e-01
6.404649999999999510e-01 2.966260000000000008e-01
5.186929999999999596e-01 2.981170000000000209e-01
7.688490000000000046e-01 3.119160000000000266e-01
7.493379999999999486e-01 1.479300000000000059e-01
6.719249999999999945e-01 6.069499999999999895e-02
5.606700000000000017e-01 3.336509999999999754e-01
6.784179999999999655e-01 -1.858999999999999975e-03
6.607110000000000483e-01 1.092780000000000001e-01
5.687910000000000466e-01 -1.889199999999999907e-02
7.769139999999999935e-01 3.707860000000000045e-01
7.834189999999999765e-01 1.548229999999999884e-01
6.815130000000000354e-01 1.370580000000000132e-01
6.576450000000000351e-01 1.454529999999999990e-01
7.276620000000000310e-01 7.070799999999999308e-02
7.428129999999999455e-01 2.050220000000000098e-01
6.845999999999999863e-01 2.189139999999999975e-01
7.860829999999999762e-01 -8.219999999999999876e-03
7.508099999999999774e-01 2.022799999999999876e-01
6.553069999999999729e-01 1.345979999999999954e-01
6.675499999999999767e-01 1.430210000000000092e-01
6.154349999999999543e-01 4.320289999999999964e-01
8.596449999999999925e-01 -5.094999999999999703e-03
7.421550000000000091e-01 2.596979999999999844e-01
7.935579999999999856e-01 2.847020000000000106e-01
1.837000000000000022e-01 3.106439999999999757e-01
7.892259999999999831e-01 4.621839999999999837e-01
4.990220000000000211e-01 2.601189999999999891e-01
7.964930000000000065e-01 1.003269999999999995e-01
5.949510000000000076e-01 4.254089999999999816e-01
4.550179999999999780e-01 3.488129999999999842e-01
7.569749999999999535e-01 6.567599999999999827e-02
6.669030000000000236e-01 2.641020000000000034e-01
7.291370000000000351e-01 1.466169999999999973e-01
5.910100000000000353e-01 7.133299999999999363e-02
6.354220000000000423e-01 3.303889999999999882e-01
6.089590000000000281e-01 2.790460000000000163e-01
5.909229999999999761e-01 -2.026989999999999903e-01
6.420869999999999633e-01 2.105869999999999964e-01
7.131009999999999849e-01 1.628299999999999886e-02
6.387650000000000272e-01 9.826300000000000312e-02
5.499439999999999884e-01 2.002400000000000013e-01
6.396560000000000024e-01 2.748559999999999892e-01
6.604910000000000503e-01 2.554500000000000173e-02
5.171750000000000513e-01 2.084540000000000004e-01
6.753780000000000339e-01 3.027360000000000051e-01
6.178000000000000158e-01 8.637899999999999745e-02
4.727040000000000131e-01 3.060260000000000202e-01
6.070670000000000233e-01 3.225499999999999895e-02
7.023730000000000251e-01 -7.003700000000000203e-02
5.436609999999999498e-01 1.534230000000000038e-01
5.207220000000000182e-01 1.664869999999999961e-01
6.205310000000000548e-01 -4.218000000000000395e-03
5.265159999999999840e-01 5.258199999999999680e-02
7.048550000000000093e-01 2.391399999999999915e-01
6.524910000000000432e-01 2.041099999999999859e-02
4.816880000000000051e-01 4.234689999999999843e-01
4.435080000000000133e-01 8.130099999999999827e-02
6.949870000000000214e-01 2.624259999999999926e-01
7.072030000000000260e-01 3.188679999999999848e-01
5.235560000000000214e-01 1.069399999999999934e-01
7.858610000000000317e-01 5.780999999999999681e-03
4.880479999999999818e-01 -7.937700000000000311e-02
6.687990000000000324e-01 3.022199999999999886e-01
6.739640000000000075e-01 9.198000000000000620e-02
4.829640000000000044e-01 1.679170000000000107e-01
4.637859999999999761e-01 2.056769999999999987e-01
5.685270000000000046e-01 3.717829999999999746e-01
6.106519999999999726e-01 3.461110000000000020e-01
6.720679999999999987e-01 1.492870000000000030e-01
6.007400000000000517e-01 6.355900000000000438e-02
2.626279999999999726e-01 7.648399999999999643e-02
4.366789999999999838e-01 -1.007199999999999936e-02
7.440909999999999469e-01 2.485370000000000079e-01
6.221430000000000016e-01 9.339200000000000279e-02
6.574370000000000491e-01 2.357950000000000046e-01
7.639540000000000219e-01 1.941190000000000138e-01
4.976149999999999740e-01 9.557100000000000317e-02
7.788990000000000080e-01 2.241750000000000131e-01
7.557629999999999626e-01 4.502099999999999852e-02
7.169210000000000305e-01 9.291399999999999659e-02
8.037260000000000515e-01 1.602570000000000106e-01
7.349989999999999579e-01 8.982500000000000207e-02
7.991899999999999560e-01 5.671299999999999952e-02
8.230870000000000131e-01 -1.561399999999999941e-02
7.160900000000000043e-01 2.894000000000000045e-02
5.510319999999999663e-01 9.716900000000000537e-02
7.843269999999999964e-01 2.534270000000000134e-01
8.052500000000000213e-01 2.100910000000000000e-01
6.842479999999999674e-01 1.697150000000000047e-01
6.680209999999999759e-01 1.882959999999999912e-01
7.324580000000000535e-01 -5.354199999999999932e-02
7.502929999999999877e-01 2.478499999999999870e-01
7.731909999999999616e-01 1.589180000000000037e-01
7.998870000000000147e-01 3.493729999999999891e-01
8.438090000000000312e-01 1.282899999999999874e-01
7.172699999999999632e-01 3.261149999999999882e-01
6.801009999999999556e-01 2.605669999999999931e-01
8.024120000000000141e-01 1.011340000000000017e-01
7.023300000000000098e-01 8.775099999999999567e-02
5.879699999999999926e-01 2.180159999999999876e-01
6.189609999999999834e-01 2.174480000000000024e-01
6.535929999999999795e-01 2.146049999999999902e-01
5.942659999999999609e-01 3.313180000000000014e-01
5.470939999999999692e-01 3.989019999999999788e-01
7.148919999999999719e-01 2.843910000000000049e-01
6.409810000000000230e-01 -2.484899999999999956e-02
7.430210000000000425e-01 1.627400000000000027e-02
6.762259999999999938e-01 2.101939999999999920e-01
5.933420000000000361e-01 2.029229999999999923e-01
5.848339999999999650e-01 2.603940000000000143e-01
4.809329999999999994e-01 2.158770000000000133e-01
7.321800000000000530e-01 1.054289999999999949e-01
7.868169999999999886e-01 2.718499999999999805e-01
8.675739999999999563e-01 3.421690000000000009e-01
7.110260000000000469e-01 2.989820000000000255e-01
6.660570000000000102e-01 1.543140000000000067e-01
6.878870000000000262e-01 1.863059999999999994e-01
8.533610000000000362e-01 6.398199999999999721e-02
7.695499999999999563e-01 9.808500000000000552e-02
7.592160000000000020e-01 2.232639999999999902e-01
8.001479999999999704e-01 6.669300000000000228e-02
6.018149999999999888e-01 8.332199999999999329e-02
7.438379999999999992e-01 7.310300000000000131e-02
6.510799999999999921e-01 1.070019999999999999e-01
7.918929999999999580e-01 -1.900000000000000105e-05
6.116949999999999887e-01 5.131399999999999850e-02
7.561660000000000048e-01 9.127499999999999503e-02
7.913430000000000186e-01 4.921899999999999886e-02
6.199750000000000538e-01 -1.649499999999999925e-02
5.900239999999999929e-01 -6.653499999999999692e-02
6.190379999999999772e-01 8.204200000000000381e-02
4.927940000000000098e-01 2.002629999999999966e-01
6.195469999999999589e-01 3.466730000000000089e-01
7.510449999999999626e-01 1.720329999999999915e-01
6.504919999999999591e-01 -3.371999999999999997e-02
6.805379999999999763e-01 4.543289999999999829e-01
7.061760000000000259e-01 2.819599999999999884e-01
5.685339999999999838e-01 4.946729999999999738e-01
7.671769999999999978e-01 5.264499999999999735e-02
6.343849999999999767e-01 1.917649999999999910e-01
8.457510000000000305e-01 -1.746299999999999936e-02
6.223859999999999948e-01 4.689470000000000027e-01
4.945220000000000171e-01 3.053429999999999755e-01
5.322959999999999914e-01 1.863370000000000026e-01
7.186860000000000470e-01 4.424899999999999667e-02
7.305629999999999624e-01 1.906210000000000127e-01
7.370579999999999909e-01 5.289100000000000051e-02
7.477040000000000353e-01 1.912500000000000033e-01
6.267970000000000486e-01 2.503420000000000090e-01
7.928849999999999509e-01 8.488999999999999324e-02
6.854949999999999655e-01 2.875090000000000146e-01
8.307949999999999502e-01 1.152959999999999957e-01
7.119140000000000468e-01 2.503449999999999842e-01
7.146339999999999915e-01 2.289650000000000019e-01
6.419270000000000254e-01 3.438120000000000065e-01
8.340600000000000236e-01 -1.875100000000000031e-02
7.124970000000000470e-01 4.555919999999999970e-01
6.671270000000000255e-01 2.509129999999999971e-01
7.740580000000000238e-01 3.005959999999999743e-01
7.174180000000000001e-01 1.608070000000000055e-01
7.956220000000000514e-01 2.549500000000000099e-01
8.450779999999999959e-01 1.707019999999999926e-01
7.864069999999999672e-01 2.701129999999999920e-01
8.215909999999999602e-01 1.421030000000000071e-01
7.007809999999999873e-01 1.269069999999999920e-01
6.796250000000000346e-01 2.195060000000000067e-01
7.237749999999999462e-01 1.221160000000000023e-01
5.499859999999999749e-01 4.438529999999999975e-01
8.134719999999999729e-01 2.843140000000000112e-01
7.002310000000000478e-01 1.761880000000000113e-01
6.760680000000000023e-01 1.270189999999999930e-01
7.735819999999999919e-01 1.771250000000000047e-01
5.345349999999999824e-01 3.873349999999999849e-01
7.790529999999999955e-01 2.256279999999999952e-01
8.036250000000000338e-01 -4.377799999999999747e-02
7.749249999999999750e-01 2.697390000000000065e-01
7.259390000000000009e-01 1.749310000000000032e-01
8.040380000000000305e-01 -2.140370000000000050e-01
6.681850000000000289e-01 3.953300000000000147e-01
6.287700000000000511e-01 1.603910000000000058e-01
5.655869999999999509e-01 -3.636300000000000088e-01
9.001249999999999529e-01 2.670739999999999781e-01
8.845140000000000224e-01 1.005579999999999946e-01
6.753590000000000426e-01 2.527920000000000167e-01
5.301209999999999534e-01 3.214609999999999967e-01
5.500890000000000502e-01 3.555340000000000167e-01
6.858290000000000219e-01 -5.344200000000000339e-02
7.268989999999999618e-01 1.274919999999999942e-01
7.406260000000000066e-01 2.292000000000000200e-03
6.014300000000000201e-01 1.501460000000000017e-01
7.410259999999999625e-01 2.402469999999999883e-01
7.274049999999999683e-01 1.761199999999999918e-02
5.852920000000000345e-01 2.420480000000000131e-01
6.711909999999999821e-01 9.954599999999999560e-02
5.803059999999999885e-01 1.256950000000000012e-01
5.946649999999999991e-01 2.759650000000000158e-01
6.551639999999999686e-01 1.318989999999999885e-01
8.613939999999999930e-01 2.302009999999999890e-01
7.456840000000000135e-01 1.475599999999999967e-01
6.152349999999999763e-01 2.185570000000000013e-01
6.742169999999999552e-01 1.875360000000000082e-01
7.212809999999999500e-01 6.083600000000000119e-02
7.488839999999999941e-01 2.962640000000000273e-01
5.918619999999999992e-01 3.019819999999999727e-01
6.129019999999999468e-01 2.025339999999999918e-01
6.798610000000000486e-01 3.110430000000000139e-01
5.987689999999999957e-01 2.634409999999999807e-01
4.913020000000000165e-01 2.050639999999999963e-01
6.090759999999999508e-01 1.317309999999999870e-01
7.569409999999999750e-01 1.535009999999999986e-01
7.022810000000000441e-01 3.029000000000000026e-01
7.482119999999999882e-01 -4.390000000000000152e-02
8.342169999999999863e-01 8.754199999999999482e-02
6.611740000000000395e-01 3.071169999999999733e-01
7.345009999999999595e-01 2.432769999999999933e-01
5.850239999999999885e-01 4.384600000000000164e-01
7.604729999999999546e-01 1.715510000000000090e-01
5.757820000000000160e-01 4.117560000000000109e-01
6.501249999999999529e-01 2.266080000000000039e-01
7.880549999999999500e-01 3.031150000000000233e-01
5.010299999999999754e-01 3.284070000000000045e-01
7.507430000000000492e-01 1.938479999999999925e-01
6.871950000000000003e-01 2.939519999999999911e-01
6.855440000000000422e-01 1.985069999999999890e-01
6.344880000000000519e-01 8.971700000000000508e-02
5.638750000000000151e-01 2.253419999999999868e-01
5.237779999999999658e-01 3.613700000000000245e-01
7.192190000000000527e-01 1.806299999999999920e-02
8.323469999999999480e-01 2.651660000000000128e-01
