7.516439999999999788e-01 1.426759999999999973e-01
7.356800000000000006e-01 2.680259999999999865e-01
7.251499999999999613e-01 1.957389999999999963e-01
7.771029999999999882e-01 7.206600000000000505e-02
6.935240000000000293e-01 2.297559999999999880e-01
7.677030000000000243e-01 1.185810000000000058e-01
7.343509999999999760e-01 2.143700000000000050e-01
7.122579999999999467e-01 2.881460000000000132e-01
7.038839999999999542e-01 2.877089999999999925e-01
6.716050000000000075e-01 4.002399999999999708e-02
6.024260000000000170e-01 -1.038120000000000015e-01
7.701400000000000468e-01 2.322059999999999957e-01
-6.963219999999999965e-01 -1.162129999999999969e-01
-7.272999999999999465e-01 6.098300000000000248e-02
-6.985280000000000378e-01 -9.723999999999999311e-02
-6.531249999999999556e-01 9.337299999999999767e-02
-7.069210000000000216e-01 -2.972400000000000042e-02
-5.141799999999999704e-01 -1.863460000000000116e-01
-8.138459999999999583e-01 6.553229999999999889e-01
-6.567380000000000440e-01 -1.528200000000000114e-01
7.501630000000000242e-01 -1.010000000000000047e-03
6.568100000000000049e-01 7.304499999999999882e-02
7.415509999999999602e-01 6.819000000000000061e-02
7.793269999999999920e-01 3.103029999999999955e-01
5.260740000000000416e-01 5.987300000000000261e-02
6.460409999999999764e-01 1.604119999999999990e-01
4.951579999999999870e-01 -3.533599999999999935e-02
6.954630000000000534e-01 2.644500000000000184e-01
7.472309999999999786e-01 6.076600000000000057e-02
6.115220000000000100e-01 -6.359299999999999675e-02
8.102230000000000265e-01 1.099230000000000068e-01
6.522400000000000420e-01 4.132299999999999862e-02
6.600960000000000161e-01 1.620860000000000078e-01
7.193939999999999779e-01 1.138929999999999942e-01
6.382660000000000000e-01 -1.100800000000000042e-02
6.033779999999999699e-01 1.677899999999999947e-01
6.721629999999999550e-01 6.586300000000000487e-02
8.348109999999999697e-01 -3.168399999999999689e-02
8.368740000000000068e-01 -1.473800000000000110e-01
6.152849999999999708e-01 2.547459999999999725e-01
7.133000000000000451e-01 -1.108999999999999986e-01
8.228419999999999623e-01 1.905890000000000084e-01
8.282199999999999562e-01 3.810199999999999698e-02
7.941930000000000378e-01 2.887750000000000039e-01
7.080589999999999939e-01 2.272959999999999980e-01
6.492649999999999810e-01 2.679460000000000175e-01
5.905380000000000074e-01 3.378269999999999884e-01
6.979990000000000361e-01 3.521699999999999831e-02
6.867510000000000003e-01 2.675699999999999953e-02
7.910230000000000317e-01 2.209349999999999925e-01
8.693920000000000536e-01 1.180960000000000065e-01
7.425009999999999666e-01 8.560399999999999954e-02
7.495800000000000241e-01 2.291269999999999973e-01
7.550810000000000022e-01 -9.298800000000000121e-02
5.902399999999999869e-01 1.904490000000000072e-01
7.427080000000000348e-01 3.378269999999999884e-01
6.564809999999999812e-01 2.063929999999999931e-01
7.645349999999999646e-01 7.305699999999999694e-02
4.147219999999999795e-01 1.838400000000000034e-01
6.497659999999999547e-01 -7.452200000000000490e-02
6.771880000000000122e-01 3.120789999999999953e-01
6.197650000000000103e-01 2.702809999999999935e-01
6.100419999999999732e-01 3.247450000000000059e-01
6.966210000000000457e-01 -1.025019999999999959e-01
8.246010000000000284e-01 1.617810000000000081e-01
6.369620000000000282e-01 1.512900000000000009e-02
7.095939999999999470e-01 -1.055890000000000023e-01
5.990469999999999962e-01 -2.214800000000000102e-02
6.405089999999999950e-01 8.566100000000000103e-02
7.378409999999999691e-01 1.791419999999999957e-01
8.588120000000000198e-01 1.041190000000000032e-01
7.316780000000000506e-01 3.150100000000000122e-01
5.491009999999999502e-01 5.264800000000000035e-02
5.602160000000000473e-01 1.629120000000000013e-01
7.146259999999999835e-01 1.281140000000000057e-01
7.254220000000000113e-01 1.029550000000000048e-01
5.889590000000000103e-01 2.272300000000000014e-02
6.180099999999999483e-01 1.396330000000000071e-01
5.741720000000000157e-01 -1.938300000000000092e-02
4.641970000000000263e-01 3.318349999999999911e-01
6.466490000000000293e-01 6.393029999999999546e-01
7.245840000000000058e-01 1.050800000000000067e-01
6.638570000000000304e-01 4.356199999999999656e-02
5.971340000000000536e-01 1.513079999999999981e-01
6.076679999999999859e-01 1.693659999999999888e-01
5.074819999999999887e-01 1.794830000000000036e-01
7.594889999999999697e-01 1.947160000000000002e-01
7.520580000000000043e-01 -2.038399999999999934e-02
7.685889999999999667e-01 1.779799999999999993e-01
8.085010000000000252e-01 -6.927400000000000224e-02
7.554049999999999931e-01 -1.691000000000000012e-03
5.223870000000000458e-01 -4.867300000000000099e-02
6.267690000000000206e-01 1.473109999999999975e-01
6.528659999999999464e-01 -1.212779999999999969e-01
6.470890000000000253e-01 1.618320000000000036e-01
5.328060000000000018e-01 2.371999999999999977e-03
7.208799999999999653e-01 -3.783600000000000158e-02
7.857089999999999907e-01 -2.733369999999999966e-01
8.367520000000000513e-01 -5.800199999999999800e-02
6.654919999999999725e-01 8.548300000000000343e-02
6.166129999999999667e-01 7.857500000000000595e-02
8.137780000000000014e-01 1.794890000000000096e-01
8.770099999999999563e-01 1.461999999999999975e-03
7.897480000000000055e-01 4.118900000000000339e-02
7.388930000000000220e-01 9.131799999999999640e-02
7.778730000000000366e-01 1.582590000000000108e-01
5.015659999999999563e-01 -1.077530000000000016e-01
7.575100000000000167e-01 2.218179999999999874e-01
6.754360000000000364e-01 5.776400000000000284e-02
6.638530000000000264e-01 2.741930000000000200e-01
6.033319999999999794e-01 2.081449999999999967e-01
7.326489999999999947e-01 3.014229999999999965e-01
7.306479999999999642e-01 2.101329999999999865e-01
7.025050000000000461e-01 -4.665300000000000002e-02
7.210959999999999592e-01 8.577600000000000502e-02
6.887199999999999989e-01 -7.653699999999999393e-02
6.244119999999999671e-01 -7.409999999999999920e-03
7.945740000000000025e-01 2.584810000000000163e-01
5.661450000000000093e-01 -1.051000000000000024e-02
3.724399999999999933e-01 5.917470000000000230e-01
6.318890000000000340e-01 2.704179999999999917e-01
6.968170000000000197e-01 3.286700000000000177e-01
6.847849999999999770e-01 6.209900000000000142e-02
7.237719999999999709e-01 -1.216789999999999955e-01
8.018140000000000267e-01 -6.381000000000000387e-03
5.905730000000000146e-01 2.153609999999999969e-01
7.670430000000000303e-01 1.036249999999999949e-01
5.658349999999999769e-01 8.182200000000000584e-02
7.508160000000000389e-01 2.721729999999999983e-01
6.693750000000000533e-01 3.995200000000000140e-02
5.573519999999999586e-01 1.577050000000000118e-01
6.606140000000000345e-01 2.414630000000000110e-01
7.321550000000000002e-01 2.445340000000000014e-01
6.772179999999999866e-01 -5.690800000000000025e-02
6.564940000000000220e-01 8.601399999999999324e-02
6.618290000000000006e-01 1.167490000000000056e-01
6.676710000000000145e-01 6.947100000000000497e-02
6.062340000000000506e-01 1.933960000000000123e-01
6.789770000000000527e-01 1.570290000000000019e-01
7.375810000000000421e-01 -4.655499999999999916e-02
7.148560000000000469e-01 5.179999999999999709e-03
5.661399999999999766e-01 3.823599999999999915e-02
6.534410000000000496e-01 4.135099999999999887e-02
6.149499999999999966e-01 6.921900000000000275e-02
7.635570000000000412e-01 2.881369999999999765e-01
5.270690000000000097e-01 2.943600000000000036e-02
7.547160000000000535e-01 -3.095699999999999841e-02
6.082290000000000196e-01 2.729039999999999799e-01
7.266740000000000421e-01 -5.381999999999999632e-03
6.759380000000000388e-01 2.849199999999999997e-02
8.737319999999999531e-01 1.528770000000000129e-01
5.263269999999999893e-01 4.691670000000000007e-01
6.577359999999999873e-01 2.773610000000000242e-01
7.197360000000000424e-01 -1.305630000000000124e-01
6.763540000000000108e-01 8.882600000000000218e-02
7.771660000000000235e-01 4.974800000000000055e-02
5.315910000000000357e-01 2.521410000000000040e-01
7.659340000000000037e-01 1.583620000000000028e-01
7.799019999999999841e-01 1.666930000000000078e-01
7.371790000000000287e-01 -1.860000000000000108e-03
7.027989999999999515e-01 1.275599999999999998e-02
7.785029999999999450e-01 2.841879999999999962e-01
8.296750000000000513e-01 7.163100000000000023e-02
5.929299999999999571e-01 -1.332770000000000066e-01
6.506340000000000456e-01 1.858889999999999987e-01
6.927179999999999449e-01 9.024000000000000771e-03
7.915940000000000198e-01 2.093200000000000061e-01
6.869589999999999863e-01 -6.702700000000000324e-02
5.415250000000000341e-01 2.452779999999999960e-01
6.715640000000000498e-01 -1.159550000000000025e-01
5.820729999999999515e-01 8.184099999999999708e-02
6.009569999999999634e-01 2.506849999999999912e-01
4.377249999999999752e-01 3.713099999999999734e-01
7.743539999999999868e-01 -1.832400000000000001e-02
5.732490000000000085e-01 6.191000000000000322e-03
7.524450000000000305e-01 1.026519999999999933e-01
5.092929999999999957e-01 2.824090000000000211e-01
6.672949999999999715e-01 1.449910000000000088e-01
6.781840000000000090e-01 -1.185399999999999995e-02
6.301959999999999784e-01 1.673000000000000043e-01
7.739709999999999646e-01 5.943899999999999878e-02
7.349930000000000074e-01 2.208400000000000085e-01
7.381429999999999936e-01 1.153389999999999971e-01
6.443339999999999623e-01 1.237919999999999993e-01
7.204880000000000173e-01 1.282379999999999909e-01
7.234089999999999687e-01 -4.772000000000000200e-03
6.624179999999999513e-01 -2.880000000000000073e-04
7.717880000000000296e-01 4.174800000000000039e-02
6.749749999999999917e-01 1.804499999999999854e-02
-7.513199999999999878e-01 -1.046050000000000035e-01
-6.795619999999999994e-01 -1.025699999999999945e-01
-7.405030000000000223e-01 -1.716300000000000117e-02
-7.621120000000000116e-01 -4.021999999999999881e-02
-6.416340000000000376e-01 1.103500000000000036e-01
-5.624360000000000470e-01 7.981399999999999606e-02
-6.283769999999999634e-01 -2.917250000000000121e-01
-7.864790000000000392e-01 -6.964999999999999837e-03
-6.193670000000000009e-01 6.682499999999999551e-02
4.865110000000000268e-01 1.543559999999999932e-01
5.911070000000000491e-01 -4.184000000000000219e-03
6.045350000000000446e-01 -2.474369999999999903e-01
6.472799999999999665e-01 -1.443180000000000018e-01
7.299799999999999622e-01 5.518999999999999601e-03
8.120810000000000528e-01 2.649999999999999903e-04
6.759290000000000020e-01 5.042300000000000254e-02
6.570789999999999687e-01 2.531289999999999929e-01
5.646170000000000355e-01 2.482399999999999884e-01
7.432020000000000293e-01 1.659029999999999949e-01
8.083609999999999962e-01 4.291400000000000076e-02
8.216010000000000257e-01 4.071000000000000313e-02
7.215409999999999879e-01 4.147200000000000192e-02
8.146250000000000435e-01 4.918999999999999762e-03
6.186150000000000260e-01 2.794869999999999854e-01
8.195400000000000462e-01 2.389300000000000035e-01
6.665990000000000526e-01 1.585620000000000085e-01
5.395780000000000021e-01 7.564600000000000490e-02
6.656320000000000014e-01 2.709889999999999799e-01
8.235729999999999995e-01 1.595100000000000129e-01
7.011129999999999862e-01 1.479250000000000009e-01
8.398090000000000277e-01 1.002299999999999996e-01
7.954860000000000264e-01 1.684269999999999934e-01
5.976879999999999971e-01 1.844419999999999948e-01
6.276890000000000525e-01 7.444399999999999629e-02
6.832749999999999657e-01 1.464189999999999936e-01
6.635980000000000212e-01 1.015830000000000066e-01
8.396909999999999652e-01 3.560699999999999976e-02
6.715419999999999723e-01 5.208900000000000335e-02
5.846280000000000365e-01 6.269500000000000073e-02
7.091950000000000198e-01 1.192440000000000028e-01
6.230520000000000502e-01 8.747000000000000608e-02
4.563019999999999854e-01 3.153980000000000117e-01
6.947010000000000129e-01 -1.290299999999999954e-02
7.039699999999999847e-01 1.840050000000000019e-01
7.054030000000000022e-01 4.139899999999999830e-02
7.437449999999999894e-01 4.390830000000000011e-01
7.576230000000000464e-01 4.700000000000000185e-03
6.965590000000000392e-01 2.057299999999999962e-01
6.752380000000000049e-01 1.161490000000000022e-01
8.406599999999999628e-01 3.554910000000000014e-01
-7.098750000000000338e-01 -6.918900000000000050e-02
7.828880000000000283e-01 1.072200000000000063e-02
6.562339999999999840e-01 1.456169999999999964e-01
7.438320000000000487e-01 2.928669999999999884e-01
6.499049999999999550e-01 -1.458689999999999987e-01
7.766180000000000305e-01 2.576300000000000257e-01
6.549989999999999979e-01 -2.683200000000000168e-02
5.989339999999999664e-01 1.215539999999999954e-01
5.836900000000000421e-01 3.938900000000000040e-02
7.268270000000000008e-01 -2.121309999999999862e-01
6.012709999999999999e-01 1.483919999999999961e-01
7.856469999999999843e-01 6.445199999999999541e-02
7.349759999999999627e-01 2.353310000000000124e-01
7.743409999999999460e-01 2.194020000000000137e-01
5.109200000000000408e-01 -1.016959999999999947e-01
8.527559999999999585e-01 9.188699999999999646e-02
6.934320000000000483e-01 1.194130000000000053e-01
7.415049999999999697e-01 6.130700000000000038e-02
6.861589999999999634e-01 2.084529999999999994e-01
4.554560000000000275e-01 2.005720000000000003e-01
7.251119999999999788e-01 2.998569999999999847e-01
6.833040000000000225e-01 1.768480000000000052e-01
6.239050000000000429e-01 1.044690000000000063e-01
5.189420000000000144e-01 1.244849999999999984e-01
6.769349999999999534e-01 1.086219999999999963e-01
6.553290000000000504e-01 2.209369999999999945e-01
7.737479999999999913e-01 6.438900000000000179e-02
7.328930000000000167e-01 9.710599999999999787e-02
7.770740000000000425e-01 6.887400000000000466e-02
7.311870000000000314e-01 3.674800000000000288e-02
7.582299999999999596e-01 1.465410000000000046e-01
7.160790000000000211e-01 2.013919999999999877e-01
6.912019999999999831e-01 2.963470000000000271e-01
5.524740000000000206e-01 1.609839999999999882e-01
7.666279999999999761e-01 3.008640000000000203e-01
7.248229999999999951e-01 1.462559999999999971e-01
7.921589999999999465e-01 8.093699999999999506e-02
7.147449999999999637e-01 2.337730000000000086e-01
6.019769999999999843e-01 -4.300199999999999856e-02
5.792680000000000051e-01 7.983099999999999918e-02
8.472899999999999876e-01 1.412950000000000039e-01
7.271009999999999973e-01 3.357700000000000268e-02
6.851810000000000400e-01 1.145300000000000068e-01
7.118820000000000148e-01 2.731419999999999959e-01
7.614119999999999777e-01 -6.359199999999999575e-02
7.218679999999999541e-01 1.219159999999999966e-01
7.380299999999999638e-01 1.807199999999999918e-01
7.939249999999999918e-01 1.459260000000000002e-01
7.065900000000000514e-01 -3.879999999999999985e-04
7.230900000000000105e-01 2.924050000000000260e-01
7.188259999999999650e-01 4.570400000000000157e-02
7.041190000000000504e-01 3.338800000000000101e-02
6.638349999999999529e-01 2.020100000000000021e-02
8.539280000000000204e-01 1.236410000000000009e-01
6.948710000000000164e-01 6.984999999999999543e-02
8.152749999999999719e-01 2.482159999999999922e-01
5.782640000000000002e-01 1.323960000000000137e-01
5.837369999999999504e-01 1.439890000000000059e-01
7.035590000000000455e-01 1.699890000000000012e-01
7.336169999999999636e-01 3.511560000000000237e-01
7.447799999999999976e-01 3.146100000000000008e-01
6.362510000000000110e-01 9.922799999999999676e-02
7.793219999999999592e-01 -2.648599999999999913e-02
7.134740000000000526e-01 8.727200000000000235e-02
6.116899999999999560e-01 1.900689999999999880e-01
7.578669999999999574e-01 -3.624999999999999750e-02
8.019490000000000229e-01 -1.030000000000000100e-03
7.086890000000000134e-01 -7.332099999999999729e-02
7.776380000000000514e-01 -1.573599999999999999e-02
8.091099999999999959e-01 1.759300000000000100e-02
7.496950000000000003e-01 2.367000000000000007e-02
6.344090000000000007e-01 9.517399999999999471e-02
6.220130000000000381e-01 9.505500000000000060e-02
6.912190000000000278e-01 2.459010000000000085e-01
8.091289999999999871e-01 2.721779999999999755e-01
8.497219999999999773e-01 -9.539000000000000604e-03
7.518460000000000143e-01 1.423030000000000128e-01
7.564170000000000060e-01 1.896970000000000045e-01
7.111939999999999928e-01 1.887290000000000079e-01
8.038220000000000365e-01 1.597389999999999921e-01
7.494800000000000351e-01 8.004600000000000604e-02
8.491349999999999731e-01 2.401280000000000081e-01
8.268100000000000449e-01 2.835119999999999862e-01
7.044730000000000159e-01 2.378510000000000069e-01
7.064789999999999681e-01 2.942319999999999935e-01
7.890970000000000484e-01 9.059799999999999798e-02
7.083899999999999642e-01 1.213820000000000038e-01
7.212309999999999555e-01 2.775400000000000089e-01
6.732740000000000391e-01 1.839929999999999899e-01
6.627399999999999958e-01 2.602389999999999981e-01
8.768439999999999568e-01 1.581700000000000050e-01
6.629300000000000193e-01 2.017309999999999937e-01
7.306179999999999897e-01 -9.348299999999999665e-02
6.102060000000000262e-01 1.846069999999999933e-01
6.212839999999999474e-01 1.058989999999999931e-01
8.194630000000000525e-01 1.249099999999999933e-01
7.790839999999999987e-01 3.006409999999999916e-01
7.053610000000000158e-01 2.282760000000000067e-01
6.363459999999999672e-01 1.234669999999999934e-01
7.678380000000000205e-01 1.521889999999999910e-01
6.517269999999999452e-01 -2.492099999999999871e-02
6.786459999999999715e-01 1.040699999999999958e-01
4.908009999999999873e-01 2.339579999999999993e-01
8.169130000000000003e-01 -1.201330000000000037e-01
6.603219999999999645e-01 1.064620000000000011e-01
4.042240000000000277e-01 1.140499999999999986e-01
8.072700000000000431e-01 2.518650000000000055e-01
7.809930000000000483e-01 7.942000000000000448e-02
7.456869999999999887e-01 1.029079999999999995e-01
7.507239999999999469e-01 1.312520000000000076e-01
8.334690000000000154e-01 2.197459999999999969e-01
5.139420000000000099e-01 4.285599999999999826e-02
7.374500000000000499e-01 -1.228399999999999978e-02
5.175189999999999513e-01 1.523750000000000104e-01
7.062500000000000444e-01 3.169960000000000000e-01
6.009809999999999874e-01 1.970510000000000039e-01
6.463229999999999809e-01 1.412499999999999867e-01
6.905679999999999596e-01 2.092479999999999896e-01
7.944569999999999688e-01 4.524199999999999749e-02
8.083240000000000425e-01 1.861109999999999987e-01
7.742099999999999538e-01 2.305599999999999872e-01
7.441670000000000229e-01 2.454409999999999925e-01
7.017400000000000304e-01 -2.519199999999999912e-02
8.463800000000000212e-01 1.644609999999999961e-01
6.470770000000000133e-01 9.820900000000000463e-02
7.266920000000000046e-01 1.072099999999999997e-01
7.603060000000000374e-01 2.093849999999999878e-01
7.445460000000000411e-01 1.470699999999999959e-02
6.873000000000000220e-01 -4.202100000000000279e-02
7.498580000000000245e-01 3.837399999999999839e-02
7.021749999999999936e-01 1.364269999999999927e-01
7.456169999999999742e-01 1.070819999999999966e-01
7.831069999999999975e-01 2.060289999999999899e-01
4.598050000000000193e-01 4.653479999999999839e-01
7.723860000000000170e-01 -5.085900000000000143e-02
7.696610000000000396e-01 3.111180000000000057e-01
5.321740000000000359e-01 1.476880000000000137e-01
5.032060000000000421e-01 -5.270199999999999885e-02
6.527169999999999916e-01 8.311999999999999944e-02
6.794409999999999616e-01 3.331100000000000172e-01
6.336840000000000250e-01 1.047299999999999967e-02
7.150060000000000304e-01 9.687400000000000178e-02
8.341359999999999886e-01 -8.092000000000000234e-03
7.285660000000000469e-01 2.641500000000000098e-02
6.595919999999999561e-01 3.788699999999999707e-02
6.360890000000000155e-01 8.054999999999999660e-03
4.422679999999999945e-01 9.274599999999999511e-02
7.232100000000000195e-01 -4.445899999999999852e-02
7.424089999999999856e-01 2.445710000000000106e-01
7.858870000000000022e-01 8.908099999999999352e-02
6.624069999999999681e-01 -1.345500000000000029e-01
8.242369999999999974e-01 2.571149999999999824e-01
6.940899999999999848e-01 2.005600000000000091e-02
7.285970000000000502e-01 8.619400000000000672e-02
6.420369999999999688e-01 3.173630000000000062e-01
7.759629999999999583e-01 2.868839999999999724e-01
6.980089999999999906e-01 2.082650000000000057e-01
9.241179999999999950e-01 1.504739999999999966e-01
6.919469999999999787e-01 2.126770000000000049e-01
7.681989999999999652e-01 1.050699999999999967e-01
6.722860000000000502e-01 3.248480000000000256e-01
8.151929999999999454e-01 7.923800000000000288e-02
6.980739999999999723e-01 1.975280000000000091e-01
6.947600000000000442e-01 1.808919999999999972e-01
7.961420000000000163e-01 2.609960000000000058e-01
5.702089999999999659e-01 8.086599999999999344e-02
7.961219999999999963e-01 9.220299999999999330e-02
8.231420000000000403e-01 1.132989999999999969e-01
5.348589999999999733e-01 -1.082140000000000046e-01
8.276489999999999680e-01 1.393459999999999976e-01
8.185860000000000358e-01 2.740929999999999755e-01
6.646450000000000413e-01 5.279999999999999971e-02
6.217700000000000449e-01 6.878999999999999698e-03
5.930609999999999493e-01 -1.486560000000000104e-01
7.314380000000000326e-01 2.412100000000000077e-01
8.393030000000000213e-01 2.132960000000000134e-01
5.259139999999999926e-01 -3.499700000000000033e-02
7.989500000000000490e-01 2.222800000000000054e-01
6.757330000000000281e-01 5.908299999999999663e-02
7.274629999999999708e-01 2.459050000000000125e-01
8.723220000000000418e-01 1.984219999999999873e-01
7.935449999999999449e-01 -4.610800000000000315e-02
7.322429999999999772e-01 1.063980000000000065e-01
5.811790000000000012e-01 3.186680000000000068e-01
3.603419999999999956e-01 3.257959999999999745e-01
6.978050000000000086e-01 1.001400000000000068e-01
6.196469999999999478e-01 3.107929999999999859e-01
6.393429999999999946e-01 4.041299999999999754e-02
7.180199999999999916e-01 8.294100000000000084e-02
8.338339999999999641e-01 1.865130000000000121e-01
8.491459999999999564e-01 2.194470000000000032e-01
6.595180000000000486e-01 2.068800000000000153e-02
7.365829999999999878e-01 -4.239500000000000213e-02
6.353250000000000286e-01 -3.201399999999999801e-01
7.818990000000000107e-01 -8.866499999999999382e-02
7.969770000000000465e-01 -3.683299999999999769e-02
7.148820000000000174e-01 8.028599999999999626e-02
9.719200000000000061e-01 8.170199999999999685e-02
6.713289999999999536e-01 2.126329999999999887e-01
7.612630000000000230e-01 2.178599999999999981e-01
8.083869999999999667e-01 1.272349999999999870e-01
6.450519999999999587e-01 8.540399999999999381e-02
7.203749999999999876e-01 1.458939999999999959e-01
7.207959999999999923e-01 8.004300000000000304e-02
5.677910000000000457e-01 1.569889999999999897e-01
8.123449999999999838e-01 4.909600000000000075e-02
8.079640000000000155e-01 6.030699999999999950e-02
7.798380000000000312e-01 1.426590000000000080e-01
8.098039999999999683e-01 1.319440000000000057e-01
6.949530000000000429e-01 2.385400000000000020e-02
6.280240000000000267e-01 4.496900000000000203e-02
8.359900000000000109e-01 1.164560000000000040e-01
7.304030000000000244e-01 2.055579999999999907e-01
7.626389999999999558e-01 2.747870000000000035e-01
6.160550000000000193e-01 3.594620000000000037e-01
6.562740000000000240e-01 7.155200000000000449e-02
7.631179999999999630e-01 1.440670000000000006e-01
6.722510000000000430e-01 7.265299999999999536e-02
6.921479999999999855e-01 -1.005879999999999969e-01
5.459300000000000264e-01 -2.585300000000000098e-02
7.972479999999999567e-01 -7.598999999999999852e-03
7.369350000000000067e-01 3.683999999999999775e-02
7.109830000000000316e-01 1.944629999999999970e-01
7.560860000000000358e-01 2.307999999999999982e-02
8.332929999999999504e-01 5.327500000000000291e-02
7.092619999999999481e-01 1.287659999999999916e-01
6.877969999999999917e-01 1.692589999999999928e-01
5.122499999999999831e-01 8.570300000000000140e-02
3.858519999999999728e-01 3.005650000000000266e-01
8.318440000000000278e-01 1.181399999999999985e-02
8.436129999999999463e-01 3.196869999999999989e-01
8.172270000000000367e-01 -1.247690000000000049e-01
6.904219999999999802e-01 7.390299999999999647e-02
8.722739999999999938e-01 5.757799999999999724e-02
7.497559999999999780e-01 2.677559999999999940e-01
6.273600000000000287e-01 1.545259999999999967e-01
6.974810000000000176e-01 9.504899999999999460e-02
8.764570000000000416e-01 1.784409999999999885e-01
7.010610000000000452e-01 1.554200000000000026e-02
5.966089999999999449e-01 -3.090899999999999898e-02
7.204129999999999701e-01 1.990400000000000155e-02
6.269689999999999985e-01 1.515029999999999988e-01
5.935380000000000100e-01 6.042999999999999761e-02
7.420330000000000537e-01 6.982199999999999518e-02
4.407690000000000219e-01 3.412529999999999730e-01
7.148940000000000294e-01 2.004700000000000093e-01
4.731670000000000043e-01 3.193010000000000015e-01
8.383950000000000014e-01 2.089699999999999891e-02
6.118149999999999977e-01 1.324529999999999874e-01
6.747900000000000009e-01 1.729999999999999941e-02
7.887180000000000302e-01 -5.535600000000000243e-02
7.024629999999999486e-01 -8.732000000000000178e-03
7.091619999999999591e-01 2.878120000000000123e-01
7.337270000000000181e-01 -2.123619999999999952e-01
7.944470000000000143e-01 1.464299999999999977e-02
7.033850000000000380e-01 2.084699999999999886e-01
4.819069999999999743e-01 -3.458640000000000048e-01
5.563000000000000167e-01 5.290600000000000164e-02
7.652719999999999523e-01 1.160859999999999947e-01
6.866029999999999633e-01 1.110899999999999943e-01
8.595930000000000515e-01 2.564819999999999878e-01
6.555140000000000411e-01 2.417700000000000057e-02
6.290620000000000100e-01 -1.232729999999999937e-01
8.082690000000000152e-01 1.672399999999999998e-01
8.025700000000000056e-01 1.212649999999999978e-01
4.970080000000000053e-01 5.041600000000000525e-01
7.245740000000000514e-01 -1.956000000000000100e-02
6.533240000000000158e-01 1.311000000000000013e-02
7.039790000000000214e-01 1.934849999999999903e-01
8.194320000000000492e-01 8.850600000000000134e-02
5.497149999999999537e-01 7.139399999999999913e-02
5.121390000000000109e-01 3.278619999999999868e-01
6.549460000000000282e-01 2.807810000000000028e-01
7.717460000000000431e-01 1.213420000000000054e-01
6.844470000000000276e-01 3.101500000000000090e-02
6.558159999999999545e-01 3.035340000000000260e-01
7.198039999999999994e-01 1.278050000000000019e-01
6.516380000000000505e-01 2.528830000000000244e-01
6.079639999999999489e-01 2.059439999999999882e-01
6.332750000000000323e-01 4.317900000000000210e-02
6.908609999999999474e-01 1.759380000000000110e-01
6.832129999999999592e-01 2.126099999999999934e-01
6.283969999999999834e-01 1.697839999999999905e-01
6.784900000000000375e-01 1.659180000000000099e-01
5.444999999999999840e-01 3.514899999999999969e-02
5.988700000000000134e-01 2.390500000000000125e-01
6.038229999999999986e-01 2.027069999999999983e-01
6.537990000000000190e-01 -9.094800000000000106e-02
8.410009999999999986e-01 5.544400000000000023e-02
6.817410000000000414e-01 6.019599999999999951e-02
6.910809999999999453e-01 2.243729999999999891e-01
3.269929999999999781e-01 2.701649999999999885e-01
8.211060000000000025e-01 3.621249999999999747e-01
5.625989999999999602e-01 9.741700000000000359e-02
7.246169999999999556e-01 2.374610000000000054e-01
7.088179999999999481e-01 2.712769999999999904e-01
6.529049999999999576e-01 -3.479600000000000054e-02
6.491660000000000208e-01 1.144300000000000005e-02
6.296110000000000317e-01 2.683110000000000217e-01
6.749020000000000019e-01 1.799759999999999971e-01
7.694349999999999801e-01 6.174099999999999727e-02
7.375049999999999661e-01 1.540269999999999972e-01
7.745300000000000518e-01 4.512100000000000138e-02
6.169289999999999496e-01 2.836389999999999745e-01
7.694180000000000463e-01 4.005700000000000233e-02
7.228499999999999925e-01 1.306599999999999949e-02
5.893209999999999837e-01 2.747669999999999835e-01
6.414999999999999591e-01 1.418099999999999916e-02
4.531899999999999817e-01 -7.000900000000000178e-02
7.944609999999999728e-01 -6.558400000000000341e-02
6.409430000000000405e-01 1.897709999999999952e-01
8.537470000000000336e-01 2.778030000000000221e-01
6.804580000000000073e-01 2.162340000000000095e-01
6.923669999999999547e-01 -1.553700000000000046e-02
7.442220000000000502e-01 1.140380000000000005e-01
7.460510000000000197e-01 8.505200000000000260e-02
6.876459999999999795e-01 1.696409999999999862e-01
6.923989999999999867e-01 2.568499999999999950e-02
8.113139999999999796e-01 -1.146000000000000100e-03
6.061180000000000456e-01 1.005800000000000027e-01
6.205800000000000205e-01 1.623120000000000118e-01
4.772379999999999955e-01 3.153940000000000077e-01
7.218290000000000539e-01 4.209299999999999847e-02
7.210370000000000390e-01 9.780700000000000505e-02
6.409420000000000117e-01 2.425700000000000078e-01
6.433520000000000350e-01 -7.962900000000000533e-02
6.809009999999999785e-01 -1.502799999999999969e-02
6.556729999999999503e-01 7.217200000000000004e-02
7.612649999999999695e-01 4.235799999999999982e-02
7.413570000000000437e-01 2.363000000000000170e-02
6.763529999999999820e-01 3.344599999999999657e-02
6.715470000000000050e-01 8.304999999999999882e-02
7.280750000000000277e-01 1.300899999999999973e-02
7.106649999999999912e-01 -2.037299999999999875e-02
8.790890000000000093e-01 -7.875000000000000056e-03
6.857349999999999834e-01 7.387000000000000337e-03
7.225129999999999608e-01 9.892399999999999805e-02
8.585199999999999498e-01 2.826599999999999946e-02
7.652949999999999475e-01 2.049400000000000110e-01
7.321809999999999707e-01 2.781199999999999992e-02
7.167529999999999735e-01 4.784200000000000258e-02
6.325840000000000352e-01 6.813700000000000312e-02
7.874060000000000503e-01 9.651999999999999469e-02
7.045780000000000376e-01 7.562099999999999378e-02
6.937280000000000113e-01 3.052739999999999898e-01
5.931659999999999711e-01 2.610460000000000003e-01
7.438730000000000064e-01 1.536230000000000095e-01
7.854600000000000470e-01 8.631400000000000183e-02
8.690449999999999564e-01 7.296400000000000108e-02
7.601759999999999629e-01 9.225300000000000167e-02
7.405190000000000383e-01 1.031559999999999977e-01
6.622400000000000508e-01 2.071560000000000068e-01
7.995750000000000357e-01 1.560769999999999935e-01
5.375760000000000538e-01 1.159400000000000014e-01
6.748629999999999907e-01 3.730129999999999835e-01
5.466140000000000443e-01 2.858129999999999837e-01
7.391539999999999777e-01 2.820529999999999982e-01
6.620129999999999626e-01 1.268249999999999933e-01
5.957280000000000353e-01 1.997700000000000170e-02
7.610019999999999563e-01 1.805219999999999880e-01
5.936249999999999583e-01 -1.227199999999999992e-02
6.592090000000000449e-01 7.535699999999999343e-02
7.326070000000000082e-01 2.274750000000000105e-01
7.031060000000000088e-01 1.545539999999999969e-01
6.250130000000000408e-01 -4.047800000000000009e-02
6.879650000000000487e-01 1.003340000000000065e-01
8.435949999999999838e-01 1.662299999999999889e-02
6.773879999999999901e-01 7.606200000000000461e-02
7.339590000000000281e-01 1.855269999999999975e-01
6.925329999999999542e-01 4.234200000000000186e-01
6.102589999999999959e-01 3.725060000000000038e-01
4.712580000000000102e-01 1.949210000000000109e-01
8.836570000000000258e-01 1.143819999999999976e-01
7.202650000000000441e-01 2.139900000000000135e-01
6.900800000000000267e-01 -8.893700000000000216e-02
7.699240000000000528e-01 8.488800000000000512e-02
2.468319999999999959e-01 2.919880000000000253e-01
7.638449999999999962e-01 8.011999999999999678e-02
5.507640000000000313e-01 1.623479999999999923e-01
6.818269999999999609e-01 1.052099999999999980e-01
6.474469999999999947e-01 -1.591259999999999897e-01
7.387850000000000250e-01 3.939400000000000124e-01
7.248310000000000031e-01 7.909199999999999564e-02
7.841500000000000137e-01 2.029320000000000013e-01
5.918130000000000335e-01 1.640199999999999991e-02
6.992319999999999647e-01 5.064400000000000152e-02
7.589360000000000550e-01 1.120280000000000026e-01
7.032319999999999682e-01 1.195989999999999970e-01
7.138379999999999725e-01 1.970679999999999932e-01
6.401820000000000288e-01 1.806379999999999930e-01
5.086960000000000370e-01 -1.281720000000000081e-01
7.432290000000000285e-01 1.872530000000000028e-01
6.427540000000000475e-01 8.940800000000000136e-02
7.275880000000000125e-01 2.874990000000000046e-01
8.204040000000000221e-01 2.029680000000000095e-01
8.039709999999999912e-01 5.782500000000000140e-02
8.438649999999999762e-01 1.816790000000000072e-01
3.052489999999999926e-01 2.242999999999999855e-02
4.806420000000000137e-01 9.705400000000000138e-02
4.781190000000000162e-01 2.627659999999999996e-01
7.354629999999999779e-01 3.000519999999999854e-01
7.544739999999999780e-01 6.111599999999999672e-02
6.655860000000000110e-01 1.910620000000000096e-01
6.431069999999999842e-01 2.883220000000000227e-01
7.340160000000000018e-01 2.505200000000000135e-02
7.410050000000000248e-01 5.745999999999999719e-02
6.677389999999999715e-01 1.503120000000000012e-01
6.990429999999999700e-01 2.111669999999999936e-01
7.017280000000000184e-01 -6.872899999999999843e-02
6.309500000000000108e-01 1.433899999999999932e-02
5.721410000000000107e-01 1.651350000000000040e-01
6.803799999999999848e-01 4.241639999999999855e-01
6.664579999999999949e-01 1.446000000000000063e-01
5.919529999999999514e-01 3.382700000000000151e-01
6.929680000000000284e-01 1.723000000000000087e-01
6.163720000000000310e-01 -2.903299999999999978e-02
7.277550000000000407e-01 3.157399999999999790e-02
5.137699999999999489e-01 1.731229999999999991e-01
7.477939999999999587e-01 -1.855739999999999890e-01
8.599010000000000264e-01 8.545700000000000518e-02
5.316499999999999559e-01 3.282129999999999770e-01
8.025999999999999801e-01 -1.625000000000000056e-02
6.044040000000000523e-01 2.372190000000000132e-01
7.217029999999999834e-01 3.398180000000000089e-01
6.803479999999999528e-01 3.983689999999999731e-01
5.862760000000000193e-01 2.450150000000000106e-01
6.499869999999999814e-01 9.021400000000000252e-02
5.380449999999999955e-01 1.755500000000000116e-02
7.751529999999999809e-01 3.800629999999999842e-01
7.806370000000000253e-01 2.592439999999999745e-01
5.607149999999999634e-01 8.907099999999999740e-02
5.461260000000000003e-01 4.423409999999999842e-01
6.483640000000000514e-01 2.384370000000000100e-01
7.244960000000000289e-01 1.722210000000000130e-01
6.202630000000000088e-01 6.299299999999999344e-02
6.579829999999999846e-01 2.380200000000000024e-02
5.611519999999999841e-01 1.908400000000000096e-01
6.406880000000000353e-01 3.329429999999999890e-01
5.694320000000000492e-01 2.369999999999999874e-04
6.023549999999999738e-01 1.932290000000000119e-01
7.269539999999999891e-01 2.222979999999999956e-01
5.676029999999999687e-01 1.287699999999999956e-01
5.884470000000000534e-01 1.774099999999999983e-02
5.308209999999999873e-01 -1.194960000000000050e-01
8.428130000000000344e-01 -3.220100000000000046e-02
6.426579999999999515e-01 1.665550000000000086e-01
1.972190000000000054e-01 1.718790000000000040e-01
7.873010000000000286e-01 2.196660000000000001e-01
7.426650000000000196e-01 1.824810000000000043e-01
7.387620000000000298e-01 1.724310000000000009e-01
7.508540000000000214e-01 -2.293399999999999953e-02
5.142930000000000001e-01 1.682889999999999942e-01
6.605929999999999858e-01 2.271209999999999896e-01
6.927539999999999809e-01 -2.934099999999999903e-02
6.271579999999999933e-01 2.079080000000000095e-01
7.520419999999999883e-01 2.061600000000000099e-01
5.677250000000000352e-01 2.422100000000000086e-01
7.488230000000000164e-01 2.708229999999999804e-01
7.067210000000000436e-01 1.455269999999999897e-01
7.649449999999999861e-01 1.774999999999999911e-01
6.931490000000000151e-01 -1.548700000000000077e-02
8.252410000000000023e-01 2.813740000000000130e-01
6.770530000000000159e-01 1.312989999999999990e-01
7.418700000000000294e-01 3.456200000000000244e-02
6.263940000000000063e-01 4.117239999999999789e-01
7.264500000000000401e-01 2.070619999999999961e-01
5.957139999999999658e-01 1.025960000000000066e-01
6.546210000000000084e-01 6.396399999999999308e-02
7.221290000000000209e-01 1.822310000000000041e-01
7.597000000000000419e-01 2.672379999999999756e-01
7.732949999999999546e-01 3.271089999999999831e-01
6.971749999999999892e-01 -6.670900000000000440e-02
6.875999999999999890e-01 8.557700000000000029e-02
7.054610000000000047e-01 6.798800000000000676e-02
7.415429999999999522e-01 -1.510300000000000011e-02
6.775719999999999521e-01 2.365929999999999978e-01
8.277179999999999538e-01 2.008729999999999960e-01
8.737359999999999571e-01 -1.053599999999999953e-01
7.999560000000000004e-01 2.643399999999999916e-02
7.165089999999999515e-01 2.904999999999999943e-02
7.338170000000000526e-01 2.102350000000000052e-01
7.037900000000000267e-01 1.610939999999999872e-01
5.365510000000000002e-01 1.085330000000000045e-01
6.893850000000000255e-01 1.193410000000000026e-01
7.507059999999999844e-01 1.108959999999999946e-01
7.664630000000000054e-01 -9.120699999999999641e-02
6.237089999999999579e-01 2.896670000000000078e-01
5.933420000000000361e-01 1.970999999999999835e-02
6.551639999999999686e-01 3.582060000000000244e-01
7.745619999999999727e-01 1.264820000000000111e-01
7.776760000000000339e-01 1.812469999999999914e-01
6.807830000000000270e-01 1.822310000000000041e-01
7.471809999999999841e-01 1.121420000000000056e-01
7.296340000000000048e-01 3.249259999999999926e-01
6.289569999999999883e-01 6.855400000000000382e-02
6.508690000000000309e-01 2.443009999999999904e-01
7.992799999999999905e-01 2.729260000000000019e-01
7.674320000000000030e-01 -3.319099999999999828e-02
6.853029999999999955e-01 1.647460000000000035e-01
7.607169999999999765e-01 1.220370000000000066e-01
5.633890000000000287e-01 7.811600000000000488e-02
8.384200000000000541e-01 -9.729100000000000248e-02
7.269290000000000473e-01 1.620850000000000068e-01
7.288109999999999866e-01 4.463570000000000038e-01
4.656620000000000203e-01 -1.213999999999999940e-01
6.503980000000000317e-01 9.368400000000000338e-02
6.968720000000000470e-01 1.475420000000000065e-01
6.873669999999999503e-01 1.751510000000000011e-01
7.169370000000000465e-01 4.021700000000000275e-02
4.708550000000000235e-01 -1.234699999999999964e-01
6.593700000000000117e-01 3.321609999999999840e-01
6.677140000000000297e-01 1.257989999999999942e-01
6.544769999999999754e-01 9.023200000000000665e-02
8.035099999999999465e-01 2.024309999999999998e-01
6.759830000000000005e-01 2.036209999999999964e-01
6.874139999999999695e-01 1.174440000000000067e-01
7.002439999999999776e-01 -4.977800000000000280e-02
6.822219999999999951e-01 1.383560000000000068e-01
7.902050000000000463e-01 7.963299999999999546e-02
5.287990000000000190e-01 5.273300000000000209e-02
8.263880000000000114e-01 5.179399999999999976e-02
7.248350000000000071e-01 1.862920000000000131e-01
6.735790000000000388e-01 2.051360000000000128e-01
5.698539999999999717e-01 2.233199999999999907e-01
5.606400000000000272e-01 1.090480000000000060e-01
5.546229999999999771e-01 2.718269999999999853e-01
7.196439999999999504e-01 1.455680000000000029e-01
6.956170000000000408e-01 1.624359999999999971e-01
7.157769999999999966e-01 1.065529999999999949e-01
5.539760000000000240e-01 3.167929999999999913e-01
6.398059999999999858e-01 1.630910000000000137e-01
6.676560000000000272e-01 1.743919999999999915e-01
7.935799999999999521e-01 2.132880000000000054e-01
7.791059999999999652e-01 1.716719999999999913e-01
6.085899999999999643e-01 9.415800000000000558e-02
6.836069999999999647e-01 1.233230000000000021e-01
7.738580000000000458e-01 1.314289999999999903e-01
6.415830000000000144e-01 1.659990000000000077e-01
8.382950000000000124e-01 2.738829999999999876e-01
5.943819999999999659e-01 4.109399999999999858e-02
7.060499999999999554e-01 2.563050000000000050e-01
6.203920000000000545e-01 1.883269999999999944e-01
8.110859999999999737e-01 -4.485800000000000204e-02
7.253180000000000183e-01 1.323110000000000119e-01
6.242320000000000091e-01 2.215689999999999882e-01
6.744649999999999812e-01 6.713900000000000423e-02
6.998189999999999689e-01 1.581789999999999863e-01
5.340179999999999927e-01 1.666179999999999883e-01
4.638039999999999941e-01 2.894869999999999943e-01
6.001670000000000060e-01 2.273950000000000138e-01
6.299960000000000004e-01 3.945699999999999902e-02
8.282329999999999970e-01 1.418179999999999996e-01
5.434360000000000301e-01 8.585500000000000076e-02
7.386610000000000120e-01 -1.220549999999999968e-01
6.524130000000000207e-01 -1.291000000000000047e-03
7.334230000000000471e-01 2.432000000000000134e-02
7.157339999999999813e-01 1.363959999999999895e-01
8.372439999999999882e-01 -6.381499999999999673e-02
7.014730000000000132e-01 1.170800000000000035e-01
6.937039999999999873e-01 2.365170000000000050e-01
7.360200000000000076e-01 8.108200000000000129e-02
7.168039999999999967e-01 1.902679999999999927e-01
7.164030000000000120e-01 3.573790000000000022e-01
7.256820000000000492e-01 -6.442499999999999616e-02
6.487610000000000321e-01 2.106339999999999879e-01
7.997900000000000009e-01 1.990850000000000120e-01
6.326469999999999594e-01 1.618249999999999966e-01
5.741190000000000460e-01 9.877500000000000169e-02
6.954879999999999951e-01 1.770950000000000024e-01
7.512900000000000134e-01 2.650239999999999818e-01
4.809260000000000201e-01 1.451999999999999957e-01
7.011519999999999975e-01 5.032899999999999874e-02
7.530160000000000187e-01 1.801850000000000118e-01
9.200629999999999642e-01 1.154619999999999952e-01
8.505040000000000378e-01 3.727790000000000270e-01
7.555309999999999526e-01 -2.362799999999999970e-02
8.268659999999999899e-01 4.270600000000000090e-02
6.640439999999999676e-01 1.400619999999999921e-01
6.876830000000000442e-01 6.314000000000000168e-02
4.891110000000000180e-01 2.112980000000000136e-01
6.333860000000000046e-01 4.647799999999999848e-02
5.955719999999999903e-01 1.671229999999999938e-01
7.392800000000000482e-01 4.896999999999999964e-02
8.394909999999999872e-01 3.511100000000000332e-02
7.835579999999999767e-01 8.767000000000000487e-03
7.664959999999999551e-01 1.128559999999999980e-01
6.441700000000000204e-01 3.456560000000000188e-01
7.836450000000000360e-01 1.008349999999999941e-01
7.265099999999999891e-01 2.881920000000000037e-01
7.707580000000000542e-01 -4.713000000000000175e-03
6.752329999999999721e-01 1.190260000000000068e-01
6.210890000000000022e-01 7.933999999999999386e-02
8.437970000000000192e-01 6.406000000000000236e-03
6.651209999999999622e-01 1.729410000000000114e-01
7.856360000000000010e-01 -1.101820000000000022e-01
7.265329999999999844e-01 9.693400000000000627e-02
7.314019999999999966e-01 1.521589999999999887e-01
7.024989999999999846e-01 1.133720000000000006e-01
6.890180000000000193e-01 5.693700000000000150e-02
8.547360000000000513e-01 3.065200000000000147e-01
7.478359999999999452e-01 2.133809999999999873e-01
7.252070000000000460e-01 3.129799999999999943e-02
6.262280000000000069e-01 2.057400000000000062e-01
7.264279999999999626e-01 1.055799999999999933e-01
7.368099999999999650e-01 2.983879999999999866e-01
7.488089999999999469e-01 1.747259999999999924e-01
6.289099999999999691e-01 2.183200000000000071e-02
7.766739999999999755e-01 6.539200000000000568e-02
7.814259999999999540e-01 -9.514999999999999153e-03
5.160900000000000487e-01 3.412569999999999770e-01
8.432039999999999536e-01 1.866980000000000028e-01
7.063019999999999854e-01 1.004879999999999940e-01
7.506059999999999954e-01 3.073899999999999896e-02
7.216050000000000519e-01 1.082400000000000029e-02
6.779199999999999671e-01 1.297280000000000100e-01
7.146500000000000075e-01 1.269730000000000025e-01
8.660090000000000288e-01 9.343700000000000616e-02
6.050309999999999855e-01 3.847400000000000125e-02
6.534180000000000543e-01 1.279790000000000094e-01
5.321050000000000502e-01 1.403760000000000008e-01
8.022479999999999611e-01 5.516299999999999676e-02
7.632349999999999968e-01 4.482300000000000173e-02
6.981389999999999540e-01 2.638409999999999922e-01
6.178789999999999560e-01 2.066820000000000046e-01
7.686389999999999612e-01 2.406840000000000090e-01
8.871289999999999454e-01 1.153909999999999936e-01
7.197179999999999689e-01 2.220389999999999864e-01
7.661040000000000072e-01 2.657499999999999862e-01
6.738220000000000320e-01 9.074500000000000621e-02
6.908199999999999896e-01 1.759529999999999983e-01
8.243909999999999849e-01 1.724489999999999912e-01
6.450160000000000338e-01 -2.837900000000000145e-02
7.384230000000000516e-01 2.777599999999999861e-02
7.373410000000000242e-01 1.552610000000000101e-01
8.543049999999999811e-01 1.636279999999999957e-01
7.651989999999999625e-01 3.715399999999999953e-02
7.488089999999999469e-01 1.181809999999999944e-01
6.896510000000000140e-01 1.301889999999999992e-01
7.416709999999999692e-01 2.431969999999999965e-01
7.216510000000000424e-01 1.379990000000000105e-01
6.516950000000000243e-01 3.328030000000000155e-01
6.722529999999999895e-01 1.867659999999999876e-01
8.113280000000000491e-01 2.140620000000000023e-01
6.700599999999999890e-01 1.639399999999999885e-02
6.409359999999999502e-01 3.997699999999999865e-02
7.050539999999999585e-01 1.804550000000000043e-01
4.988310000000000244e-01 6.878900000000000292e-02
6.263030000000000541e-01 -5.114999999999999755e-03
5.663319999999999466e-01 4.334500000000000158e-02
5.911830000000000140e-01 1.285290000000000044e-01
5.793139999999999956e-01 1.938539999999999985e-01
7.489249999999999519e-01 2.502240000000000020e-01
5.654360000000000497e-01 1.273620000000000030e-01
7.190530000000000532e-01 5.831299999999999678e-02
7.240039999999999809e-01 1.852199999999999958e-01
6.943840000000000012e-01 2.201970000000000038e-01
5.580990000000000117e-01 9.240299999999999903e-02
6.860929999999999529e-01 3.085769999999999902e-01
7.934750000000000414e-01 1.088289999999999952e-01
7.704360000000000097e-01 2.226269999999999916e-01
7.461330000000000462e-01 8.931200000000000250e-02
8.261720000000000175e-01 -4.174100000000000033e-02
7.944740000000000135e-01 1.729690000000000116e-01
5.575050000000000283e-01 -2.012329999999999952e-01
7.133209999999999829e-01 8.548200000000000243e-02
8.712100000000000399e-01 1.329750000000000099e-01
6.842819999999999458e-01 1.108780000000000043e-01
5.106260000000000243e-01 1.067929999999999990e-01
8.013240000000000363e-01 -3.539000000000000045e-03
7.108809999999999851e-01 1.643519999999999981e-01
7.820470000000000477e-01 1.607799999999999854e-02
7.377899999999999459e-01 1.368070000000000119e-01
7.841219999999999857e-01 1.389600000000000037e-02
7.468080000000000274e-01 1.799499999999999988e-01
7.774830000000000352e-01 -1.461870000000000114e-01
7.042850000000000499e-01 1.236150000000000027e-01
3.825709999999999944e-01 3.498699999999999727e-02
7.123760000000000092e-01 1.416659999999999864e-01
7.547789999999999777e-01 1.803150000000000031e-01
6.983350000000000390e-01 1.635159999999999947e-01
7.553919999999999524e-01 8.930299999999999350e-02
6.831970000000000542e-01 -5.224700000000000177e-02
6.264100000000000223e-01 2.455459999999999865e-01
7.020330000000000181e-01 1.363469999999999960e-01
8.369060000000000388e-01 1.423419999999999963e-01
7.454969999999999652e-01 1.282969999999999944e-01
7.258350000000000080e-01 2.154270000000000074e-01
8.207370000000000498e-01 1.138829999999999981e-01
6.788840000000000430e-01 5.493699999999999972e-02
7.078109999999999680e-01 1.507330000000000059e-01
7.602999999999999758e-01 9.174000000000000210e-02
6.973650000000000126e-01 2.496019999999999905e-01
8.463619999999999477e-01 1.984670000000000045e-01
7.421729999999999716e-01 2.076510000000000022e-01
5.158519999999999772e-01 1.623880000000000046e-01
7.595290000000000097e-01 6.958999999999999908e-03
5.610429999999999584e-01 3.120410000000000128e-01
8.437799999999999745e-01 1.360099999999999920e-01
6.907379999999999631e-01 -8.838000000000000370e-03
7.439789999999999459e-01 3.680300000000000238e-02
7.879760000000000097e-01 7.928899999999999837e-02
7.597329999999999917e-01 -2.984099999999999947e-02
7.915379999999999638e-01 1.839050000000000129e-01
8.657749999999999613e-01 1.477799999999999947e-01
7.207109999999999905e-01 1.168199999999999933e-01
8.371150000000000535e-01 1.143969999999999987e-01
5.796869999999999523e-01 7.618999999999999904e-03
6.427230000000000443e-01 2.107850000000000001e-01
5.785679999999999712e-01 -6.350999999999999701e-02
7.434049999999999825e-01 2.033619999999999872e-01
7.070699999999999763e-01 -3.384899999999999715e-02
7.453619999999999690e-01 1.664730000000000099e-01
7.524260000000000392e-01 1.561569999999999903e-01
6.897600000000000398e-01 1.103070000000000023e-01
7.060189999999999522e-01 5.433899999999999841e-02
6.866229999999999833e-01 3.372879999999999767e-01
6.157470000000000443e-01 2.984609999999999763e-01
7.085019999999999651e-01 9.049100000000000199e-02
7.087989999999999569e-01 2.476980000000000015e-01
3.963969999999999994e-01 5.355299999999999505e-01
7.045609999999999928e-01 2.514910000000000201e-01
7.423880000000000479e-01 -1.222840000000000038e-01
7.413089999999999957e-01 5.698099999999999693e-02
7.948859999999999815e-01 1.880060000000000064e-01
5.191689999999999916e-01 1.746600000000000097e-01
7.302509999999999835e-01 -3.309000000000000136e-02
6.652479999999999505e-01 2.054699999999999929e-02
6.318589999999999485e-01 5.327899999999999997e-02
6.906440000000000357e-01 -2.104100000000000067e-02
6.537169999999999925e-01 1.950759999999999994e-01
7.755889999999999729e-01 1.784509999999999985e-01
6.470599999999999685e-01 1.614800000000000124e-01
6.769730000000000469e-01 5.069599999999999801e-02
4.622939999999999827e-01 1.517090000000000105e-01
6.615130000000000177e-01 2.229939999999999978e-01
6.330599999999999561e-01 2.685699999999999893e-02
8.276550000000000296e-01 2.005540000000000100e-01
7.925219999999999487e-01 4.045599999999999891e-02
7.107040000000000024e-01 -6.853999999999999850e-03
5.896780000000000355e-01 1.071129999999999999e-01
6.253549999999999942e-01 1.095499999999999946e-01
5.289009999999999545e-01 1.967929999999999957e-01
7.405789999999999873e-01 -1.070999999999999903e-03
8.166550000000000198e-01 1.642349999999999921e-01
7.639489999999999892e-01 1.932400000000000090e-02
7.550670000000000437e-01 2.482449999999999934e-01
7.405620000000000536e-01 7.160999999999999310e-02
8.802590000000000137e-01 -3.479499999999999954e-02
7.434669999999999890e-01 6.665699999999999403e-02
7.190189999999999637e-01 2.895710000000000228e-01
5.845380000000000020e-01 1.133809999999999957e-01
6.611050000000000537e-01 2.135100000000000053e-01
5.417779999999999818e-01 3.339999999999999913e-02
7.428970000000000296e-01 1.151770000000000016e-01
6.918699999999999850e-01 4.618799999999999989e-02
7.425239999999999618e-01 -1.891000000000000103e-03
8.648369999999999669e-01 8.414299999999999558e-02
6.532409999999999606e-01 4.326019999999999865e-01
7.996060000000000390e-01 4.118999999999999745e-02
7.085209999999999564e-01 1.271639999999999993e-01
6.958879999999999511e-01 1.960449999999999970e-01
7.163810000000000455e-01 1.004749999999999949e-01
8.079690000000000483e-01 1.718359999999999888e-01
8.772299999999999542e-01 -1.561359999999999970e-01
6.454199999999999937e-01 3.401819999999999844e-01
8.098269999999999635e-01 1.030959999999999932e-01
7.794039999999999857e-01 3.047679999999999834e-01
5.900870000000000282e-01 3.001099999999999948e-02
7.551590000000000247e-01 8.276699999999999335e-02
7.294129999999999781e-01 9.316699999999999982e-02
7.051849999999999508e-01 5.910200000000000176e-02
5.267309999999999492e-01 8.279200000000000448e-02
7.607840000000000158e-01 3.979920000000000124e-01
6.897400000000000198e-01 -1.162590000000000012e-01
6.807079999999999798e-01 7.643700000000000494e-02
9.232209999999999583e-01 -5.535000000000000336e-02
6.127810000000000201e-01 -1.799200000000000105e-02
7.207630000000000425e-01 1.983040000000000080e-01
5.916979999999999462e-01 2.900440000000000240e-01
6.872829999999999773e-01 1.898729999999999862e-01
7.734649999999999581e-01 8.586299999999999488e-02
7.242309999999999581e-01 8.070199999999999596e-02
8.666120000000000489e-01 5.401600000000000151e-02
5.934909999999999908e-01 5.284739999999999993e-01
7.460790000000000477e-01 4.469200000000000256e-02
7.509430000000000271e-01 9.343300000000000216e-02
6.710990000000000011e-01 -1.612290000000000112e-01
7.002150000000000318e-01 4.504710000000000103e-01
7.067839999999999678e-01 2.476899999999999935e-02
5.673719999999999875e-01 4.073399999999999938e-02
6.918910000000000338e-01 3.172119999999999940e-01
6.538899999999999713e-01 1.349080000000000001e-01
6.260320000000000329e-01 -2.193000000000000158e-02
8.812459999999999738e-01 1.396739999999999926e-01
7.561689999999999801e-01 4.129399999999999737e-02
6.640359999999999596e-01 1.503659999999999997e-01
5.929940000000000211e-01 1.604980000000000018e-01
8.035200000000000120e-01 4.271420000000000217e-01
6.110219999999999541e-01 2.795210000000000194e-01
7.717600000000000016e-01 1.129030000000000034e-01
7.044780000000000486e-01 1.015540000000000054e-01
6.198329999999999673e-01 4.389830000000000121e-01
7.436869999999999870e-01 1.948479999999999934e-01
7.377719999999999834e-01 5.904800000000000326e-02
8.576589999999999492e-01 -2.158349999999999991e-01
6.325220000000000287e-01 3.116999999999999979e-03
7.833750000000000435e-01 1.254830000000000112e-01
8.310079999999999689e-01 2.708630000000000204e-01
6.475250000000000172e-01 -1.446679999999999910e-01
6.042910000000000226e-01 1.349120000000000041e-01
7.424570000000000336e-01 -1.267500000000000050e-02
7.753210000000000379e-01 6.307799999999999518e-02
7.502670000000000172e-01 -2.301299999999999873e-02
7.784990000000000521e-01 1.365679999999999950e-01
6.638410000000000144e-01 1.579049999999999898e-01
-6.800079999999999458e-01 -3.962899999999999756e-02
-6.750969999999999471e-01 1.926380000000000037e-01
-6.174500000000000544e-01 -1.650260000000000060e-01
-6.692249999999999588e-01 -1.442300000000000006e-02
-6.438500000000000334e-01 4.759300000000000336e-02
-5.509070000000000356e-01 5.976000000000000062e-02
-5.708849999999999758e-01 -1.094139999999999974e-01
-6.138209999999999500e-01 3.012690000000000090e-01
-6.768570000000000420e-01 -3.900300000000000294e-02
-7.353950000000000209e-01 7.715900000000000536e-02
-5.583599999999999675e-01 -8.516300000000000259e-02
-6.693759999999999710e-01 -1.033680000000000015e-01
7.834959999999999702e-01 1.787340000000000040e-01
7.132359999999999811e-01 1.518380000000000007e-01
7.510069999999999801e-01 1.896559999999999913e-01
1.885769999999999946e-01 2.255830000000000057e-01
6.748250000000000082e-01 2.297150000000000025e-01
7.124249999999999750e-01 1.373649999999999871e-01
7.304610000000000269e-01 -8.489999999999999283e-03
6.129219999999999668e-01 3.765809999999999991e-01
7.122500000000000497e-01 1.068100000000000022e-01
7.788260000000000183e-01 2.223440000000000139e-01
7.246740000000000403e-01 1.678330000000000100e-01
7.450099999999999500e-01 1.884450000000000014e-01
6.943209999999999660e-01 1.941199999999999870e-02
6.047249999999999570e-01 1.216219999999999940e-01
6.985679999999999668e-01 2.024539999999999951e-01
6.612099999999999644e-01 1.617860000000000131e-01
7.755400000000000071e-01 2.018050000000000122e-01
7.789779999999999482e-01 2.450579999999999981e-01
5.396809999999999663e-01 2.222280000000000089e-01
6.600730000000000208e-01 2.368689999999999962e-01
7.561149999999999816e-01 8.024599999999999789e-02
8.738759999999999861e-01 6.711100000000000398e-02
8.006529999999999481e-01 -2.909499999999999933e-02
4.787859999999999894e-01 2.252869999999999873e-01
3.760299999999999754e-01 5.732660000000000533e-01
7.854360000000000230e-01 4.207999999999999935e-03
7.275880000000000125e-01 -7.728999999999999759e-03
5.605839999999999712e-01 2.196859999999999924e-01
6.674679999999999502e-01 1.612540000000000084e-01
7.468200000000000394e-01 1.717049999999999965e-01
7.964470000000000161e-01 6.180100000000000177e-02
7.151990000000000292e-01 1.519230000000000025e-01
9.828010000000000357e-01 -1.969100000000000017e-02
5.166950000000000154e-01 1.078579999999999955e-01
7.731200000000000294e-01 1.598660000000000081e-01
6.649009999999999643e-01 2.261660000000000059e-01
8.243989999999999929e-01 3.015240000000000142e-01
6.107780000000000431e-01 2.627229999999999843e-01
7.212340000000000417e-01 1.164170000000000066e-01
7.519230000000000080e-01 -6.573600000000000276e-02
7.183119999999999505e-01 9.213999999999999968e-03
7.657709999999999795e-01 -1.132849999999999968e-01
6.630059999999999842e-01 2.119179999999999953e-01
6.795039999999999969e-01 -2.820000000000000024e-03
8.030829999999999913e-01 5.736499999999999932e-02
8.000660000000000549e-01 3.996999999999999859e-02
7.631499999999999950e-01 9.661899999999999655e-02
7.080419999999999492e-01 1.682059999999999944e-01
6.862519999999999731e-01 -2.574399999999999952e-02
6.920359999999999845e-01 -9.560799999999999854e-02
7.552090000000000192e-01 1.415899999999999936e-01
6.675839999999999552e-01 1.988570000000000060e-01
7.491729999999999778e-01 -1.603050000000000030e-01
7.153950000000000031e-01 1.904679999999999984e-01
7.991399999999999615e-01 5.327799999999999897e-02
7.866400000000000059e-01 -2.216299999999999867e-02
6.553700000000000081e-01 1.404640000000000055e-01
7.459999999999999964e-01 7.663899999999999879e-02
6.286960000000000326e-01 1.474739999999999940e-01
7.434060000000000112e-01 1.234650000000000053e-01
5.995660000000000434e-01 1.846250000000000113e-01
6.652280000000000415e-01 1.485070000000000001e-01
6.726429999999999909e-01 1.330860000000000098e-01
6.794959999999999889e-01 8.826900000000000024e-02
7.644699999999999829e-01 -1.914720000000000033e-01
5.864819999999999478e-01 2.557639999999999914e-01
6.360689999999999955e-01 1.462340000000000029e-01
7.571719999999999562e-01 1.193560000000000038e-01
7.272009999999999863e-01 1.195399999999999935e-02
9.076899999999999968e-01 2.170439999999999869e-01
6.613809999999999967e-01 1.616859999999999964e-01
5.633890000000000287e-01 2.188710000000000100e-01
5.722399999999999709e-01 2.628170000000000228e-01
7.672069999999999723e-01 -3.356900000000000162e-02
6.912199999999999456e-01 -1.458000000000000095e-03
8.827059999999999906e-01 7.724399999999999322e-02
6.663820000000000299e-01 1.123000000000000083e-03
7.599430000000000351e-01 4.901699999999999807e-02
7.432320000000000038e-01 -3.504100000000000270e-02
8.293380000000000196e-01 8.457099999999999340e-02
7.131290000000000129e-01 7.254000000000000031e-03
7.302650000000000530e-01 3.052139999999999853e-01
7.794219999999999482e-01 2.663800000000000057e-01
6.883089999999999486e-01 -2.056600000000000095e-02
8.718360000000000554e-01 1.289389999999999981e-01
5.521920000000000162e-01 5.692709999999999715e-01
6.007789999999999520e-01 3.036420000000000230e-01
6.344020000000000215e-01 6.103720000000000256e-01
5.120320000000000427e-01 4.437610000000000166e-01
4.599460000000000215e-01 2.603360000000000118e-01
6.930520000000000014e-01 3.396549999999999847e-01
6.472550000000000248e-01 4.032359999999999833e-01
4.348759999999999848e-01 5.938139999999999530e-01
5.610730000000000439e-01 4.248449999999999727e-01
6.921310000000000517e-01 2.691899999999999848e-01
5.975859999999999506e-01 6.228029999999999955e-01
6.357530000000000125e-01 1.606650000000000023e-01
7.192469999999999697e-01 2.043000000000000111e-03
7.017250000000000432e-01 1.737789999999999890e-01
6.817490000000000494e-01 -5.448599999999999971e-02
6.531590000000000451e-01 1.965770000000000017e-01
7.430970000000000075e-01 2.142830000000000013e-01
7.401619999999999866e-01 -1.155999999999999910e-03
6.997039999999999926e-01 1.474280000000000035e-01
7.005879999999999885e-01 1.403520000000000045e-01
7.457780000000000520e-01 6.626600000000000545e-02
7.429700000000000193e-01 -1.603200000000000111e-02
6.662019999999999609e-01 1.669460000000000111e-01
7.140050000000000008e-01 1.012210000000000054e-01
6.910749999999999948e-01 1.538740000000000108e-01
6.828250000000000153e-01 -1.558539999999999925e-01
7.194979999999999709e-01 1.984329999999999983e-01
6.591749999999999554e-01 -2.370369999999999977e-01
7.621160000000000156e-01 4.494800000000000184e-02
6.030100000000000460e-01 -1.065839999999999982e-01
6.191790000000000349e-01 -6.149199999999999805e-02
7.105540000000000189e-01 -2.980500000000000163e-02
5.495430000000000037e-01 3.016750000000000265e-01
5.558600000000000207e-01 -6.872699999999999643e-02
6.268719999999999848e-01 -1.186409999999999965e-01
6.293830000000000258e-01 2.580120000000000191e-01
6.386420000000000430e-01 -1.113300000000000053e-02
5.659129999999999994e-01 8.597299999999999387e-02
7.886969999999999814e-01 1.363399999999999890e-01
7.025329999999999631e-01 -1.988820000000000032e-01
7.778730000000000366e-01 1.121010000000000062e-01
7.863689999999999847e-01 -2.516399999999999887e-02
7.572290000000000409e-01 2.591689999999999827e-01
6.492289999999999450e-01 2.881999999999999840e-02
7.262100000000000222e-01 2.411959999999999937e-01
6.692310000000000203e-01 8.817600000000000438e-02
7.055919999999999970e-01 8.759100000000000219e-02
7.298139999999999628e-01 2.850139999999999896e-01
6.969180000000000375e-01 3.955790000000000139e-01
5.996029999999999971e-01 -9.044399999999999662e-02
7.402400000000000091e-01 3.786539999999999906e-01
8.276940000000000408e-01 1.615070000000000117e-01
6.054979999999999807e-01 -1.180270000000000069e-01
6.954979999999999496e-01 2.517119999999999913e-01
6.335039999999999560e-01 1.020599999999999979e-02
8.256390000000000118e-01 1.131199999999999914e-02
8.010779999999999568e-01 1.425200000000000078e-02
7.967109999999999470e-01 2.134919999999999873e-01
5.390099999999999891e-01 1.956320000000000003e-01
6.770850000000000479e-01 2.074739999999999918e-01
6.900789999999999980e-01 9.374100000000000488e-02
8.108119999999999772e-01 3.671699999999999964e-02
8.137050000000000116e-01 2.716000000000000011e-02
8.206350000000000033e-01 -1.229949999999999932e-01
6.820540000000000491e-01 5.850199999999999845e-02
5.540100000000000025e-01 6.114699999999999996e-02
5.501500000000000279e-01 2.122620000000000062e-01
6.953540000000000276e-01 5.993799999999999822e-02
7.540740000000000220e-01 -4.382999999999999743e-03
6.660340000000000149e-01 8.459099999999999953e-02
6.379599999999999715e-01 1.264900000000000052e-02
7.311670000000000114e-01 2.201399999999999885e-02
7.166799999999999837e-01 -1.107390000000000041e-01
4.829030000000000267e-01 4.361340000000000217e-01
7.483300000000000507e-01 1.441820000000000046e-01
5.792380000000000306e-01 2.404640000000000111e-01
7.173659999999999481e-01 2.087509999999999921e-01
7.406519999999999770e-01 1.008860000000000035e-01
6.804299999999999793e-01 2.696919999999999873e-01
5.238760000000000083e-01 6.440999999999999504e-02
6.735449999999999493e-01 4.097810000000000064e-01
6.591489999999999849e-01 1.893799999999999997e-02
7.749779999999999447e-01 -3.952999999999999917e-03
8.446869999999999656e-01 2.083760000000000057e-01
8.568449999999999678e-01 2.460839999999999972e-01
5.492609999999999992e-01 9.285100000000000298e-02
6.087979999999999503e-01 -3.501449999999999840e-01
8.019619999999999527e-01 9.633600000000000496e-02
8.319710000000000161e-01 -1.031099999999999933e-01
6.949589999999999934e-01 2.398329999999999906e-01
6.497969999999999580e-01 4.580359999999999987e-01
8.143470000000000431e-01 3.816749999999999865e-01
6.889359999999999928e-01 1.293809999999999960e-01
5.478460000000000552e-01 6.165500000000000425e-01
6.124439999999999884e-01 1.720550000000000135e-01
8.242819999999999592e-01 1.070009999999999989e-01
7.743520000000000403e-01 -5.479699999999999849e-02
7.266209999999999614e-01 9.020000000000000240e-02
8.681630000000000180e-01 3.998800000000000271e-02
7.585910000000000153e-01 -4.565000000000000308e-02
5.875409999999999799e-01 8.880899999999999905e-02
6.529220000000000024e-01 9.731199999999999573e-02
7.446660000000000501e-01 1.772710000000000119e-01
7.972770000000000135e-01 1.441550000000000054e-01
7.998490000000000322e-01 2.239009999999999889e-01
6.418160000000000531e-01 1.328290000000000026e-01
8.169229999999999547e-01 3.382399999999999990e-02
6.520080000000000320e-01 -1.163550000000000001e-01
7.486859999999999626e-01 3.007400000000000004e-02
5.998320000000000318e-01 1.654599999999999960e-01
7.916419999999999568e-01 3.460499999999999687e-02
6.578319999999999723e-01 3.875499999999999778e-02
8.038049999999999917e-01 2.713900000000000201e-01
7.425589999999999691e-01 1.817320000000000046e-01
5.589129999999999932e-01 -1.225200000000000074e-02
5.589579999999999549e-01 2.040720000000000034e-01
7.568340000000000067e-01 1.517979999999999885e-01
8.049589999999999801e-01 1.235100000000000087e-02
7.142659999999999565e-01 1.185930000000000040e-01
7.558700000000000419e-01 3.162730000000000263e-01
7.223920000000000341e-01 1.737039999999999973e-01
7.149820000000000064e-01 -3.740399999999999975e-02
8.314690000000000136e-01 1.215809999999999946e-01
8.077079999999999815e-01 5.721500000000000197e-02
6.428120000000000500e-01 9.813299999999999801e-02
6.629040000000000488e-01 3.269520000000000204e-01
7.102119999999999544e-01 -1.839199999999999863e-02
7.463990000000000347e-01 8.391300000000000148e-02
5.857229999999999936e-01 -1.066160000000000024e-01
6.891140000000000043e-01 8.755400000000000682e-02
8.205459999999999976e-01 1.708979999999999944e-01
8.575329999999999897e-01 1.365439999999999987e-01
6.739910000000000068e-01 2.706709999999999949e-01
8.559419999999999806e-01 1.120460000000000067e-01
9.052630000000000399e-01 6.193099999999999994e-02
6.164370000000000127e-01 1.447880000000000000e-01
5.835259999999999891e-01 1.147100000000000064e-01
6.412069999999999714e-01 -2.164299999999999904e-02
7.905499999999999750e-01 4.279499999999999971e-02
8.285559999999999592e-01 1.230860000000000010e-01
7.244300000000000184e-01 9.657300000000000606e-02
7.011939999999999840e-01 1.731040000000000079e-01
8.442859999999999809e-01 1.183550000000000019e-01
8.113960000000000061e-01 1.816760000000000042e-01
4.876710000000000211e-01 -4.477500000000000230e-02
7.893879999999999786e-01 2.170890000000000042e-01
8.480339999999999545e-01 4.978500000000000286e-02
7.456760000000000055e-01 1.962430000000000008e-01
6.405659999999999688e-01 -4.855700000000000294e-02
8.515669999999999629e-01 -7.250800000000000300e-02
3.153949999999999809e-01 4.728399999999999825e-01
-4.474469999999999836e-01 -5.444000000000000228e-02
6.021670000000000078e-01 2.680299999999999905e-01
5.387450000000000294e-01 3.695829999999999949e-01
7.243749999999999911e-01 6.342499999999999527e-02
7.965400000000000258e-01 -3.271000000000000036e-03
6.130179999999999518e-01 1.725820000000000132e-01
7.376310000000000366e-01 2.072650000000000048e-01
6.854980000000000517e-01 1.618930000000000091e-01
8.146409999999999485e-01 2.901099999999999790e-01
8.250579999999999581e-01 1.417910000000000004e-01
8.102859999999999507e-01 -1.273040000000000005e-01
8.077180000000000470e-01 1.413909999999999889e-01
7.137189999999999923e-01 1.158970000000000000e-01
7.988960000000000505e-01 1.021009999999999973e-01
5.985930000000000417e-01 2.422030000000000016e-01
8.223040000000000349e-01 2.278439999999999910e-01
6.300259999999999749e-01 1.466260000000000063e-01
6.402320000000000233e-01 3.225180000000000269e-01
7.001939999999999831e-01 1.096970000000000028e-01
7.681860000000000355e-01 8.764099999999999668e-02
7.845339999999999536e-01 2.682199999999999862e-02
6.009889999999999954e-01 2.566570000000000240e-01
7.979730000000000434e-01 4.642899999999999805e-02
6.501280000000000392e-01 -7.385799999999999310e-02
7.904830000000000467e-01 9.615100000000000036e-02
5.649030000000000440e-01 1.204429999999999945e-01
7.039159999999999862e-01 1.408439999999999970e-01
7.905550000000000077e-01 4.764700000000000185e-02
6.276659999999999462e-01 2.958669999999999911e-01
6.600700000000000456e-01 -8.707099999999999562e-02
7.837460000000000537e-01 4.501499999999999946e-02
6.846780000000000088e-01 9.561400000000000454e-02
7.466070000000000206e-01 -1.873819999999999930e-01
8.378160000000000052e-01 2.627909999999999968e-01
7.975250000000000394e-01 2.602900000000000214e-01
8.397219999999999684e-01 -6.515799999999999370e-02
6.733989999999999698e-01 1.364910000000000012e-01
6.933799999999999963e-01 2.875530000000000030e-01
8.101850000000000440e-01 2.770210000000000172e-01
7.074059999999999793e-01 9.428599999999999481e-02
6.975040000000000129e-01 4.632900000000000212e-02
6.645640000000000436e-01 1.796619999999999884e-01
8.189480000000000093e-01 5.251700000000000118e-02
7.064979999999999594e-01 1.825859999999999983e-01
6.406640000000000112e-01 2.762910000000000088e-01
7.050739999999999785e-01 2.522809999999999775e-01
6.537269999999999470e-01 2.859720000000000040e-01
6.853599999999999692e-01 1.780720000000000081e-01
6.645259999999999501e-01 -1.433800000000000005e-02
5.660450000000000204e-01 1.850050000000000028e-01
8.147839999999999527e-01 2.083379999999999954e-01
6.389860000000000539e-01 2.438569999999999904e-01
6.417840000000000211e-01 2.634750000000000147e-01
7.096770000000000023e-01 -2.364700000000000135e-02
6.477990000000000137e-01 -9.992399999999999893e-02
7.663950000000000484e-01 7.899299999999999378e-02
6.913810000000000233e-01 -6.743799999999999795e-02
7.155019999999999714e-01 9.520999999999999949e-03
8.039659999999999584e-01 5.282499999999999696e-02
4.591089999999999893e-01 -5.633599999999999719e-02
8.230220000000000313e-01 -1.217299999999999979e-02
5.101480000000000459e-01 1.999360000000000026e-01
6.977389999999999981e-01 2.384000000000000008e-01
7.422539999999999694e-01 -1.588999999999999918e-03
6.194650000000000434e-01 -7.311900000000000344e-02
6.416979999999999906e-01 2.492920000000000136e-01
5.272580000000000044e-01 2.336239999999999983e-01
5.480099999999999971e-01 4.447800000000000087e-01
7.457399999999999585e-01 6.741099999999999870e-02
5.987040000000000139e-01 1.307500000000000051e-01
7.211309999999999665e-01 1.221549999999999997e-01
6.617809999999999526e-01 1.728959999999999941e-01
8.244099999999999762e-01 -8.547000000000000777e-03
4.918089999999999962e-01 3.124620000000000175e-01
6.074640000000000040e-01 3.969449999999999923e-01
7.912420000000000009e-01 1.469479999999999953e-01
7.034080000000000332e-01 9.530500000000000083e-02
7.445669999999999789e-01 -1.731300000000000061e-01
8.539430000000000076e-01 1.061689999999999995e-01
6.779859999999999776e-01 1.293500000000000032e-02
5.805740000000000345e-01 2.083019999999999872e-01
6.990859999999999852e-01 2.108140000000000014e-01
7.760719999999999841e-01 1.168659999999999977e-01
7.954350000000000032e-01 4.653499999999999998e-02
8.016839999999999522e-01 7.343399999999999928e-02
7.454410000000000203e-01 1.027890000000000054e-01
7.755739999999999856e-01 1.188659999999999994e-01
5.454480000000000439e-01 1.219800000000000051e-02
8.611060000000000381e-01 1.612310000000000132e-01
5.840159999999999796e-01 2.607189999999999785e-01
7.216690000000000049e-01 -1.137699999999999996e-02
7.228700000000000125e-01 -1.792340000000000044e-01
7.451050000000000173e-01 3.574189999999999867e-01
7.583220000000000516e-01 1.592050000000000132e-01
7.370320000000000205e-01 1.698200000000000057e-02
8.837840000000000140e-01 6.084699999999999831e-02
6.885379999999999834e-01 2.846999999999999878e-02
7.546580000000000510e-01 3.966900000000000287e-02
6.051590000000000025e-01 2.058929999999999927e-01
6.889830000000000121e-01 1.007760000000000045e-01
7.181530000000000413e-01 2.548279999999999990e-01
8.014550000000000285e-01 8.829499999999999849e-02
8.304479999999999640e-01 3.048640000000000239e-01
5.865230000000000166e-01 -3.121200000000000016e-02
8.208600000000000341e-01 1.027079999999999937e-01
7.684330000000000327e-01 -2.877899999999999903e-02
7.795279999999999987e-01 1.218799999999999918e-02
7.276620000000000310e-01 -1.843999999999999936e-03
7.547629999999999617e-01 1.318249999999999977e-01
5.403019999999999490e-01 4.379999999999999866e-02
6.726799999999999446e-01 1.261359999999999981e-01
6.227279999999999482e-01 2.420120000000000049e-01
8.163979999999999571e-01 1.121120000000000033e-01
7.019149999999999556e-01 2.596400000000000097e-02
6.587190000000000545e-01 -4.582399999999999668e-02
5.980680000000000440e-01 -6.329500000000000404e-02
7.705109999999999459e-01 1.507640000000000091e-01
7.667659999999999476e-01 2.330800000000000094e-01
7.286599999999999744e-01 1.505740000000000134e-01
6.489500000000000268e-01 1.966920000000000057e-01
5.743759999999999977e-01 7.655000000000000693e-02
7.745319999999999983e-01 6.037900000000000211e-02
6.146690000000000209e-01 -5.795399999999999857e-02
8.766920000000000268e-01 -2.697499999999999898e-02
5.854279999999999484e-01 1.387799999999999867e-01
6.549690000000000234e-01 4.839080000000000048e-01
6.163739999999999775e-01 1.646489999999999898e-01
6.770969999999999489e-01 1.854729999999999990e-01
6.880560000000000009e-01 -3.333799999999999958e-02
4.946610000000000174e-01 -6.058199999999999696e-02
7.053690000000000238e-01 1.724910000000000054e-01
7.668300000000000116e-01 1.544270000000000087e-01
3.503919999999999813e-01 4.859089999999999798e-01
4.661580000000000168e-01 -2.668900000000000092e-02
4.509259999999999935e-01 -9.560499999999999554e-02
7.812719999999999665e-01 1.885409999999999864e-01
7.021950000000000136e-01 1.040910000000000030e-01
6.276540000000000452e-01 2.977029999999999954e-01
4.762290000000000134e-01 2.018919999999999881e-01
6.394520000000000204e-01 5.428499999999999992e-02
6.256869999999999932e-01 1.411519999999999997e-01
5.263719999999999510e-01 1.568499999999999894e-01
4.697870000000000101e-01 2.328600000000000114e-01
8.467679999999999652e-01 -1.034339999999999982e-01
6.405920000000000503e-01 1.847570000000000046e-01
6.854630000000000445e-01 7.941499999999999948e-02
6.413459999999999717e-01 3.031999999999999973e-02
6.890910000000000091e-01 -2.213100000000000137e-02
6.571249999999999591e-01 2.194299999999999862e-01
6.328529999999999989e-01 1.163010000000000016e-01
6.192760000000000487e-01 2.448450000000000071e-01
7.523980000000000112e-01 1.474840000000000040e-01
8.249539999999999651e-01 -9.087800000000000045e-02
7.138710000000000333e-01 1.314379999999999993e-01
6.115519999999999845e-01 -7.665800000000000392e-02
7.876210000000000155e-01 1.601640000000000008e-01
6.767659999999999787e-01 6.677199999999999802e-02
7.793830000000000480e-01 -1.100919999999999954e-01
6.994460000000000122e-01 1.887099999999999889e-01
7.540059999999999540e-01 2.300119999999999942e-01
6.614759999999999529e-01 2.538730000000000153e-01
6.763000000000000123e-01 7.771400000000000530e-02
7.151760000000000339e-01 4.421699999999999936e-02
7.044869999999999743e-01 1.751099999999999879e-01
7.394509999999999694e-01 -7.639300000000000257e-02
3.353849999999999887e-01 2.460990000000000122e-01
6.982660000000000533e-01 9.543300000000000394e-02
7.069149999999999601e-01 3.779629999999999934e-01
5.341230000000000144e-01 -5.329600000000000309e-02
6.761700000000000488e-01 -4.744099999999999706e-02
8.368250000000000410e-01 1.654249999999999887e-01
7.442309999999999759e-01 -1.438820000000000099e-01
6.511179999999999746e-01 -8.798999999999999877e-02
7.446450000000000014e-01 -1.345520000000000049e-01
7.626380000000000381e-01 9.826100000000000112e-02
7.163730000000000375e-01 3.262899999999999828e-02
6.486629999999999896e-01 3.023199999999999846e-02
7.619639999999999747e-01 3.981009999999999827e-01
7.514239999999999808e-01 6.580600000000000338e-02
6.734489999999999643e-01 1.111690000000000039e-01
8.244860000000000522e-01 2.107060000000000044e-01
6.732620000000000271e-01 -1.470640000000000003e-01
8.015970000000000040e-01 -5.100999999999999979e-02
6.745280000000000165e-01 2.807239999999999736e-01
3.913440000000000252e-01 4.069289999999999852e-01
7.069400000000000128e-01 1.118559999999999971e-01
7.293680000000000163e-01 -6.471899999999999875e-02
7.975579999999999892e-01 7.813999999999999765e-03
5.674869999999999637e-01 -1.518599999999999985e-02
5.909889999999999866e-01 7.554099999999999704e-02
8.337309999999999999e-01 1.254020000000000135e-01
6.890450000000000186e-01 -2.572500000000000134e-02
6.937389999999999946e-01 1.922780000000000045e-01
7.829460000000000308e-01 5.165100000000000247e-02
6.597589999999999844e-01 1.097680000000000045e-01
4.659400000000000208e-01 3.099700000000000025e-02
8.743189999999999573e-01 2.425819999999999921e-01
7.637610000000000232e-01 5.310999999999999749e-03
5.622709999999999653e-01 4.487929999999999975e-01
6.844900000000000428e-01 1.244900000000000000e-02
6.735799999999999566e-01 1.092499999999999999e-01
6.275589999999999780e-01 -4.075800000000000256e-02
4.530509999999999815e-01 1.367329999999999934e-01
7.737399999999999833e-01 3.971520000000000050e-01
7.366599999999999815e-01 4.278799999999999965e-02
4.101989999999999803e-01 4.277380000000000071e-01
4.531589999999999785e-01 2.334299999999999917e-02
6.548810000000000464e-01 1.153939999999999966e-01
5.871969999999999690e-01 -1.078370000000000023e-01
6.619450000000000056e-01 -3.102519999999999722e-01
4.806480000000000197e-01 6.497150000000000425e-01
7.821909999999999696e-01 6.405700000000000283e-02
7.172520000000000007e-01 1.851299999999999890e-01
-5.810419999999999474e-01 -1.525160000000000127e-01
3.150870000000000060e-01 5.911990000000000300e-01
-5.806890000000000107e-01 -3.521750000000000158e-01
4.182150000000000034e-01 -1.269649999999999945e-01
-5.441120000000000401e-01 5.020270000000000010e-01
7.264930000000000554e-01 -4.215700000000000003e-02
6.263929999999999776e-01 1.205620000000000025e-01
6.244629999999999903e-01 3.565059999999999896e-01
6.756959999999999633e-01 -1.942800000000000082e-02
7.531649999999999734e-01 1.981469999999999898e-01
5.648269999999999680e-01 1.611360000000000015e-01
6.370270000000000099e-01 2.021880000000000066e-01
6.583660000000000068e-01 1.484959999999999891e-01
5.012250000000000316e-01 7.224770000000000358e-01
4.533010000000000095e-01 6.966820000000000235e-01
7.058790000000000342e-01 4.382449999999999957e-01
6.823740000000000361e-01 3.069500000000000006e-02
8.442790000000000017e-01 -1.041910000000000058e-01
7.265019999999999811e-01 -3.359800000000000286e-02
5.619889999999999608e-01 2.959019999999999984e-01
7.875020000000000353e-01 -4.125199999999999700e-02
6.383189999999999698e-01 1.410770000000000080e-01
5.699940000000000007e-01 4.213020000000000098e-01
8.510159999999999947e-01 6.866300000000000181e-02
6.633740000000000192e-01 1.724860000000000004e-01
6.111750000000000238e-01 1.552449999999999941e-01
7.886349999999999749e-01 -1.828510000000000135e-01
7.196019999999999639e-01 1.666610000000000036e-01
7.515169999999999906e-01 2.607180000000000053e-01
8.666859999999999564e-01 1.573019999999999974e-01
8.991919999999999913e-01 1.778740000000000043e-01
7.498489999999999878e-01 2.480279999999999985e-01
5.195089999999999986e-01 1.611009999999999942e-01
8.197480000000000322e-01 -3.778499999999999914e-02
7.324850000000000527e-01 8.000300000000000467e-02
5.303630000000000289e-01 1.286509999999999876e-01
7.347289999999999655e-01 1.148300000000000015e-02
7.821559999999999624e-01 2.292349999999999943e-01
7.317939999999999445e-01 1.600560000000000038e-01
6.179710000000000480e-01 1.905799999999999994e-01
6.151109999999999634e-01 3.401500000000000079e-01
5.204079999999999817e-01 1.435190000000000077e-01
7.611909999999999510e-01 -7.586400000000000088e-02
6.800589999999999691e-01 4.957600000000000201e-02
6.956799999999999651e-01 2.033600000000000130e-01
6.169860000000000344e-01 1.042669999999999986e-01
6.295690000000000452e-01 4.556049999999999822e-01
7.353910000000000169e-01 -1.423689999999999956e-01
6.084519999999999929e-01 2.362670000000000048e-01
7.758289999999999909e-01 9.556000000000000605e-02
6.591399999999999482e-01 6.812500000000000500e-02
5.606560000000000432e-01 -1.769640000000000102e-01
7.398010000000000419e-01 3.094799999999999982e-02
6.548899999999999721e-01 6.031099999999999656e-02
6.689580000000000526e-01 5.461160000000000458e-01
6.099609999999999754e-01 9.433300000000000018e-02
7.379120000000000124e-01 2.272260000000000113e-01
7.585410000000000208e-01 9.501500000000000223e-02
7.984799999999999676e-01 -6.384800000000000197e-02
6.353379999999999583e-01 1.908120000000000094e-01
8.173479999999999634e-01 1.061300000000000021e-01
7.056930000000000147e-01 8.634200000000000208e-02
6.925740000000000229e-01 3.845839999999999814e-01
6.794449999999999656e-01 2.910530000000000062e-01
5.955259999999999998e-01 6.661499999999999366e-02
7.838600000000000012e-01 8.143200000000000438e-02
6.059059999999999446e-01 6.880899999999999517e-02
6.713350000000000151e-01 -4.288000000000000145e-03
7.262469999999999759e-01 -8.272400000000000586e-02
6.739079999999999515e-01 9.747799999999999521e-02
7.523490000000000455e-01 1.008970000000000006e-01
7.977180000000000382e-01 -2.218499999999999986e-02
7.210039999999999782e-01 1.083439999999999959e-01
5.787090000000000289e-01 1.008730000000000043e-01
7.666190000000000504e-01 1.794090000000000129e-01
5.673390000000000377e-01 2.622200000000000086e-01
6.947090000000000209e-01 3.841900000000000176e-02
6.327960000000000251e-01 1.119190000000000046e-01
6.175730000000000386e-01 5.393400000000000277e-02
5.538849999999999607e-01 1.829820000000000058e-01
6.605060000000000375e-01 7.764500000000000568e-02
7.075529999999999875e-01 1.596889999999999976e-01
6.744360000000000355e-01 1.494089999999999863e-01
7.096630000000000438e-01 5.959699999999999720e-02
5.022520000000000318e-01 1.446909999999999863e-01
7.243389999999999551e-01 2.624879999999999991e-01
7.999260000000000259e-01 -9.879000000000000628e-03
7.811749999999999527e-01 1.209810000000000052e-01
6.562890000000000112e-01 1.329639999999999989e-01
8.657829999999999693e-01 1.587000000000000086e-03
6.347629999999999661e-01 2.947230000000000127e-01
3.094299999999999828e-01 -1.554180000000000006e-01
6.643750000000000488e-01 -2.772600000000000064e-02
7.440970000000000084e-01 3.610369999999999968e-01
6.436260000000000314e-01 1.753429999999999989e-01
6.411400000000000432e-01 3.196510000000000185e-01
7.981920000000000126e-01 2.561539999999999928e-01
5.666980000000000350e-01 2.128379999999999994e-01
7.938020000000000076e-01 1.620999999999999941e-01
6.785080000000000000e-01 1.367250000000000132e-01
5.391890000000000294e-01 1.025090000000000029e-01
5.743749999999999689e-01 2.360889999999999933e-01
6.912540000000000351e-01 -1.894649999999999945e-01
7.551069999999999727e-01 2.229049999999999920e-01
6.160619999999999985e-01 1.458339999999999914e-01
6.550570000000000004e-01 6.382400000000000573e-02
8.114599999999999591e-01 6.249500000000000194e-02
6.818530000000000424e-01 4.867799999999999905e-02
6.113669999999999938e-01 -7.179299999999999571e-02
6.786020000000000385e-01 2.315720000000000001e-01
7.839260000000000117e-01 5.057799999999999796e-02
7.476749999999999785e-01 6.588099999999999512e-02
7.780329999999999746e-01 -2.137380000000000113e-01
7.542240000000000055e-01 1.521619999999999917e-01
5.632829999999999782e-01 3.205040000000000111e-01
6.017050000000000454e-01 2.388959999999999972e-01
4.416599999999999970e-01 1.571780000000000121e-01
5.556940000000000213e-01 1.375329999999999886e-01
7.897570000000000423e-01 3.351799999999999780e-01
7.527779999999999472e-01 9.589599999999999513e-02
6.206890000000000462e-01 2.151379999999999959e-01
7.737039999999999473e-01 1.243120000000000058e-01
6.216949999999999976e-01 8.873100000000000431e-02
6.302079999999999904e-01 1.087909999999999988e-01
5.879109999999999614e-01 5.656689999999999774e-01
6.777389999999999803e-01 6.712799999999999323e-02
6.718870000000000120e-01 6.961900000000000033e-02
7.000499999999999501e-01 1.750680000000000014e-01
6.025230000000000308e-01 1.950649999999999884e-01
5.852519999999999945e-01 -1.193999999999999966e-03
7.617460000000000342e-01 1.527610000000000079e-01
7.314859999999999696e-01 -9.567399999999999516e-02
7.884910000000000529e-01 8.368000000000000438e-02
6.883059999999999734e-01 1.565539999999999987e-01
6.398540000000000338e-01 4.723299999999999721e-02
5.921830000000000149e-01 1.046679999999999972e-01
5.424189999999999845e-01 9.185599999999999321e-02
8.356310000000000127e-01 2.392360000000000042e-01
5.855369999999999742e-01 8.557199999999999529e-02
7.149360000000000159e-01 -1.085779999999999940e-01
9.508109999999999618e-01 1.604839999999999878e-01
7.199440000000000284e-01 -8.316500000000000281e-02
7.152519999999999989e-01 4.284700000000000175e-01
6.509700000000000486e-01 3.851149999999999851e-01
4.625659999999999772e-01 2.274849999999999928e-01
7.736469999999999736e-01 1.787700000000000122e-01
6.595480000000000231e-01 -5.608500000000000291e-02
6.702970000000000317e-01 2.945429999999999993e-01
7.472820000000000018e-01 -8.295900000000000496e-02
3.767980000000000218e-01 1.119669999999999971e-01
9.299460000000000504e-01 1.345449999999999979e-01
8.650870000000000504e-01 -1.659499999999999864e-02
6.508089999999999709e-01 3.533800000000000135e-02
5.587670000000000137e-01 -3.835999999999999827e-02
6.261379999999999724e-01 1.720919999999999950e-01
5.909309999999999841e-01 2.518020000000000258e-01
7.509379999999999944e-01 1.196519999999999945e-01
5.461120000000000418e-01 2.262440000000000007e-01
6.814099999999999602e-01 4.553800000000000070e-01
7.067900000000000293e-01 -1.291120000000000045e-01
6.641580000000000261e-01 5.888100000000000278e-02
7.538850000000000273e-01 1.946600000000000066e-02
6.754829999999999446e-01 1.671519999999999950e-01
6.422069999999999723e-01 6.320499999999999730e-02
6.915790000000000548e-01 2.086439999999999961e-01
5.797529999999999628e-01 9.586000000000000076e-02
6.908750000000000169e-01 -2.007899999999999963e-02
6.786529999999999507e-01 1.331239999999999923e-01
6.530099999999999794e-01 2.564400000000000013e-01
7.139469999999999983e-01 1.336660000000000070e-01
6.433729999999999727e-01 2.666330000000000089e-01
6.584039999999999893e-01 2.435640000000000027e-01
6.103859999999999841e-01 9.941300000000000137e-02
7.285730000000000262e-01 1.552999999999999910e-03
6.375570000000000404e-01 3.719900000000000290e-02
6.989250000000000185e-01 -2.583699999999999886e-02
6.853280000000000483e-01 1.088709999999999956e-01
7.785140000000000393e-01 3.171530000000000182e-01
6.971789999999999932e-01 2.004759999999999875e-01
8.887920000000000265e-01 -1.667400000000000132e-02
7.580940000000000456e-01 1.791889999999999872e-01
6.235460000000000447e-01 -1.108949999999999936e-01
4.814320000000000266e-01 8.593199999999999450e-02
6.807389999999999830e-01 3.259800000000000197e-02
5.682479999999999754e-01 8.987499999999999656e-02
7.053979999999999695e-01 1.016119999999999940e-01
7.899760000000000115e-01 4.934100000000000291e-02
6.545940000000000092e-01 7.055000000000000160e-02
7.013390000000000457e-01 2.270040000000000113e-01
5.742680000000000007e-01 2.186619999999999953e-01
6.890570000000000306e-01 4.596900000000000291e-02
6.392280000000000184e-01 2.431399999999999950e-01
6.343710000000000182e-01 2.309730000000000116e-01
7.884120000000000017e-01 1.853319999999999967e-01
5.802770000000000428e-01 -5.630999999999999721e-03
6.385619999999999630e-01 1.751969999999999916e-01
6.659739999999999549e-01 1.570729999999999904e-01
5.026639999999999997e-01 2.302369999999999972e-01
7.282039999999999624e-01 -4.251999999999999703e-03
7.184230000000000338e-01 9.923300000000000176e-02
7.595690000000000497e-01 -4.329399999999999915e-02
7.888779999999999681e-01 -1.250800000000000002e-02
7.040889999999999649e-01 6.302599999999999869e-02
6.327869999999999884e-01 1.717319999999999958e-01
5.672690000000000232e-01 2.419699999999999976e-02
7.060840000000000449e-01 3.716400000000000259e-02
8.302690000000000348e-01 2.408889999999999920e-01
6.846879999999999633e-01 3.857499999999999818e-01
7.371220000000000550e-01 2.161049999999999915e-01
8.249849999999999683e-01 7.949900000000000022e-02
5.418319999999999803e-01 5.639500000000000068e-02
7.253659999999999553e-01 6.355399999999999938e-02
7.282170000000000032e-01 2.926989999999999870e-01
7.884989999999999499e-01 1.543849999999999945e-01
8.065010000000000234e-01 5.815399999999999736e-02
6.770089999999999719e-01 -1.288189999999999891e-01
7.320539999999999825e-01 1.622069999999999901e-01
7.354180000000000161e-01 2.396580000000000099e-01
7.101020000000000110e-01 -5.996900000000000147e-02
7.160220000000000473e-01 7.265099999999999336e-02
5.548859999999999904e-01 1.755909999999999971e-01
7.499190000000000023e-01 1.147790000000000060e-01
7.118379999999999708e-01 2.412199999999999900e-01
8.755450000000000177e-01 1.547699999999999909e-01
7.099720000000000475e-01 -9.196999999999999620e-02
8.108710000000000084e-01 8.957400000000000084e-02
4.712950000000000195e-01 -7.379399999999999848e-02
7.805980000000000141e-01 2.185429999999999873e-01
6.928269999999999706e-01 7.608199999999999685e-02
6.239519999999999511e-01 3.845379999999999909e-01
7.707610000000000294e-01 3.787100000000000188e-02
5.467070000000000540e-01 4.447260000000000102e-01
6.076780000000000515e-01 2.101999999999999980e-01
3.861749999999999905e-01 6.240489999999999648e-01
5.486029999999999518e-01 1.867369999999999863e-01
8.376219999999999777e-01 -8.353299999999999614e-02
8.325519999999999587e-01 2.839799999999999963e-02
6.913129999999999553e-01 -1.722299999999999873e-02
6.718439999999999968e-01 8.623200000000000309e-02
8.133519999999999639e-01 -1.114020000000000010e-01
5.132010000000000183e-01 3.098870000000000235e-01
6.480580000000000229e-01 -1.125089999999999979e-01
4.020270000000000232e-01 -6.104199999999999904e-02
6.942939999999999667e-01 -1.774950000000000139e-01
5.908149999999999791e-01 1.714539999999999953e-01
6.927170000000000272e-01 9.520699999999999996e-02
6.865090000000000359e-01 -3.395200000000000301e-02
7.295310000000000406e-01 1.107979999999999937e-01
6.656520000000000215e-01 1.987349999999999950e-01
8.159819999999999851e-01 5.719500000000000278e-02
6.442860000000000253e-01 1.429449999999999887e-01
6.836050000000000182e-01 2.763499999999999845e-01
7.455760000000000165e-01 2.212929999999999897e-01
7.099109999999999587e-01 1.144909999999999956e-01
8.108809999999999629e-01 1.134679999999999994e-01
4.794249999999999901e-01 -4.838200000000000139e-02
6.589690000000000270e-01 2.367199999999999860e-02
6.118599999999999595e-01 1.921070000000000000e-01
7.923289999999999500e-01 1.306309999999999971e-01
6.754289999999999461e-01 8.984300000000000619e-02
7.499320000000000430e-01 2.395140000000000047e-01
6.929509999999999836e-01 2.058260000000000089e-01
7.366120000000000445e-01 -1.531770000000000076e-01
8.638839999999999852e-01 8.786900000000000266e-02
6.666689999999999561e-01 2.244500000000000106e-01
7.315530000000000088e-01 1.068769999999999998e-01
8.144510000000000360e-01 3.047839999999999994e-01
6.791880000000000139e-01 -7.112599999999999478e-02
7.784130000000000216e-01 -5.117100000000000121e-02
5.886740000000000306e-01 2.021390000000000131e-01
7.750369999999999759e-01 2.057400000000000062e-01
5.775000000000000133e-01 8.668499999999999817e-02
7.309459999999999846e-01 5.682799999999999657e-02
8.431750000000000078e-01 1.073989999999999945e-01
7.224080000000000501e-01 1.920360000000000122e-01
6.541029999999999900e-01 2.818820000000000214e-01
8.612020000000000231e-01 5.306199999999999806e-02
7.789570000000000105e-01 3.773130000000000095e-01
6.022220000000000351e-01 -1.355079999999999896e-01
6.169740000000000224e-01 1.877099999999999949e-02
6.743860000000000410e-01 -1.691399999999999848e-02
7.489529999999999799e-01 1.495499999999999885e-01
6.412099999999999467e-01 -2.277440000000000020e-01
8.166999999999999815e-01 -5.600700000000000123e-02
7.207219999999999738e-01 1.229699999999999960e-01
5.858069999999999666e-01 -3.908999999999999975e-02
7.148470000000000102e-01 -2.216600000000000167e-02
7.272960000000000536e-01 8.454599999999999616e-02
6.880049999999999777e-01 -3.975800000000000167e-02
6.299719999999999764e-01 3.247129999999999739e-01
8.229490000000000416e-01 2.059050000000000047e-01
6.767609999999999459e-01 5.314100000000000074e-02
7.096710000000000518e-01 1.754410000000000136e-01
6.815870000000000539e-01 8.699999999999999400e-02
6.706980000000000164e-01 3.105760000000000187e-01
6.101910000000000389e-01 1.086680000000000007e-01
6.119900000000000340e-01 2.057829999999999937e-01
6.591900000000000537e-01 2.370869999999999922e-01
7.393359999999999932e-01 1.966239999999999932e-01
7.304709999999999814e-01 8.779099999999999404e-02
5.231099999999999639e-01 7.976999999999999369e-02
7.445260000000000211e-01 1.457100000000000062e-01
7.292769999999999531e-01 3.168989999999999863e-01
6.511259999999999826e-01 -3.701700000000000129e-02
5.248260000000000147e-01 5.218810000000000393e-01
7.296799999999999953e-01 8.578299999999999814e-02
7.759549999999999503e-01 2.486339999999999939e-01
8.016370000000000440e-01 -1.118730000000000002e-01
6.959579999999999655e-01 2.228640000000000065e-01
6.034350000000000547e-01 4.092680000000000207e-01
5.987240000000000339e-01 4.043140000000000067e-01
7.384359999999999813e-01 5.661599999999999966e-02
6.161950000000000482e-01 3.461299999999999794e-02
6.925339999999999829e-01 1.303880000000000039e-01
6.806100000000000483e-01 8.195900000000000407e-02
6.717619999999999703e-01 2.426319999999999866e-01
6.293400000000000105e-01 4.146679999999999811e-01
7.150069999999999482e-01 1.819979999999999931e-01
8.164989999999999748e-01 1.089299999999999990e-01
7.200400000000000134e-01 -1.088340000000000002e-01
7.161619999999999653e-01 1.250769999999999937e-01
6.519899999999999585e-01 -3.803700000000000137e-02
6.819899999999999851e-01 3.863050000000000095e-01
6.710880000000000178e-01 1.519800000000000040e-01
7.959359999999999769e-01 5.631800000000000000e-02
7.450790000000000468e-01 1.409099999999999936e-02
8.821059999999999457e-01 2.885039999999999827e-01
6.867910000000000403e-01 1.513559999999999905e-01
7.761909999999999643e-01 2.887999999999999942e-02
8.128779999999999895e-01 2.494510000000000061e-01
7.047520000000000451e-01 9.404700000000000559e-02
6.357800000000000118e-01 2.365400000000000003e-01
6.982549999999999590e-01 -4.321300000000000141e-02
5.406300000000000550e-01 1.083550000000000069e-01
7.116829999999999545e-01 3.031050000000000133e-01
7.992129999999999512e-01 1.990760000000000030e-01
6.704069999999999752e-01 -2.672649999999999748e-01
6.381590000000000318e-01 8.061699999999999422e-02
6.431569999999999787e-01 1.902699999999999947e-01
6.826820000000000110e-01 2.801299999999999971e-02
7.176529999999999854e-01 6.772599999999999454e-02
6.611059999999999715e-01 -1.848800000000000096e-02
8.585289999999999866e-01 1.359559999999999935e-01
4.780280000000000085e-01 2.944300000000000250e-01
7.576270000000000504e-01 1.206440000000000012e-01
7.165019999999999722e-01 -4.128400000000000125e-02
7.511210000000000386e-01 -5.342399999999999927e-02
4.681560000000000166e-01 2.424169999999999936e-01
7.604889999999999706e-01 9.979100000000000470e-02
5.375520000000000298e-01 -9.695000000000000492e-03
7.483370000000000299e-01 7.925799999999999512e-02
5.923129999999999784e-01 2.224059999999999926e-01
6.449049999999999505e-01 1.867280000000000051e-01
8.036489999999999467e-01 2.438190000000000079e-01
6.443539999999999823e-01 4.213499999999999884e-02
7.805539999999999701e-01 2.372420000000000084e-01
7.195650000000000102e-01 1.727400000000000116e-02
4.928239999999999843e-01 -1.189550000000000052e-01
7.717920000000000336e-01 2.224609999999999921e-01
5.823110000000000230e-01 2.993049999999999877e-01
5.146469999999999656e-01 -1.717779999999999863e-01
5.482890000000000263e-01 9.997100000000000430e-02
6.808980000000000032e-01 6.594600000000000461e-02
6.861850000000000449e-01 1.287800000000000056e-01
