-6.085880000000000178e-01 3.402089999999999836e-01
-5.564130000000000464e-01 -8.871900000000000619e-02
4.754479999999999817e-01 1.073329999999999979e-01
-7.502790000000000292e-01 1.128460000000000019e-01
2.702260000000000217e-01 -2.451129999999999975e-01
-6.025960000000000205e-01 -1.145089999999999997e-01
5.932899999999999840e-01 -1.175299999999999956e-01
5.534320000000000350e-01 1.902699999999999947e-01
-5.213780000000000081e-01 8.136899999999999689e-02
-7.574800000000000422e-01 2.383689999999999976e-01
-6.321320000000000272e-01 6.080900000000000194e-02
-7.557089999999999641e-01 3.531190000000000162e-01
-6.119980000000000420e-01 -1.465819999999999901e-01
-6.906520000000000437e-01 1.255529999999999979e-01
-6.685649999999999649e-01 -1.749999999999999982e-04
-6.326869999999999994e-01 1.140130000000000032e-01
-6.701169999999999627e-01 2.649969999999999826e-01
-7.384800000000000253e-01 -2.561620000000000008e-01
-5.475170000000000314e-01 5.571089999999999653e-01
-6.437370000000000037e-01 4.893549999999999844e-01
-6.433769999999999767e-01 2.035530000000000117e-01
-6.348000000000000309e-01 5.826700000000000212e-01
-5.402909999999999657e-01 1.332010000000000138e-01
-6.919049999999999923e-01 7.070799999999999308e-02
-6.457349999999999479e-01 5.331040000000000223e-01
-7.260870000000000379e-01 2.345170000000000032e-01
-5.444400000000000350e-01 4.382889999999999842e-01
-4.741029999999999966e-01 1.660580000000000112e-01
4.865289999999999893e-01 -1.679100000000000037e-02
-6.640470000000000539e-01 2.935989999999999989e-01
-4.495199999999999751e-01 -4.099499999999999672e-02
-5.434290000000000509e-01 -3.780580000000000052e-01
-4.107129999999999947e-01 -2.255079999999999862e-01
-7.625229999999999508e-01 1.904279999999999862e-01
-7.572990000000000554e-01 4.700000000000000011e-02
5.774019999999999708e-01 1.378230000000000011e-01
-4.396079999999999988e-01 -9.428200000000000469e-02
-7.430229999999999890e-01 4.397150000000000225e-01
-4.235030000000000183e-01 -9.945000000000000714e-03
-3.048719999999999763e-01 6.245779999999999665e-01
-6.681329999999999769e-01 -1.316549999999999943e-01
-5.821009999999999796e-01 1.779679999999999873e-01
6.836459999999999759e-01 3.565749999999999753e-01
6.082109999999999461e-01 1.265529999999999988e-01
-6.224300000000000388e-01 2.378659999999999941e-01
-4.761009999999999964e-01 -9.040800000000000225e-02
-7.089499999999999691e-01 7.415599999999999969e-02
-8.258100000000000440e-01 4.578700000000000131e-02
-7.215970000000000439e-01 1.957220000000000071e-01
-6.686980000000000146e-01 1.733230000000000048e-01
-6.733460000000000001e-01 1.519240000000000035e-01
-6.600719999999999921e-01 5.832699999999999690e-02
-6.167839999999999989e-01 -6.237999999999999795e-02
-5.250240000000000462e-01 5.593160000000000354e-01
-8.228590000000000071e-01 4.000119999999999787e-01
-6.387230000000000407e-01 -6.201700000000000268e-02
-5.775259999999999838e-01 -1.025220000000000020e-01
-7.573870000000000324e-01 -2.426679999999999948e-01
-6.466399999999999926e-01 2.261700000000000169e-02
-6.995270000000000099e-01 1.374080000000000024e-01
-7.911030000000000006e-01 1.770049999999999957e-01
-6.297169999999999712e-01 1.138340000000000046e-01
-8.405820000000000514e-01 8.267599999999999949e-02
-7.787760000000000238e-01 3.893900000000000139e-02
-7.977910000000000279e-01 3.094450000000000256e-01
-7.852470000000000283e-01 6.539000000000000368e-02
-4.762959999999999972e-01 -3.811910000000000021e-01
-8.296590000000000353e-01 6.688199999999999701e-02
-6.043610000000000371e-01 8.217499999999999805e-02
-7.675009999999999888e-01 6.161099999999999910e-02
-5.716590000000000282e-01 -3.960400000000000031e-01
-1.767170000000000130e-01 3.171889999999999987e-01
-4.930979999999999808e-01 -3.785529999999999728e-01
-7.042690000000000339e-01 1.100109999999999977e-01
-7.198139999999999539e-01 3.710900000000000309e-02
-5.448520000000000030e-01 2.345389999999999975e-01
-6.095949999999999980e-01 1.880640000000000089e-01
-6.788009999999999877e-01 2.538599999999999746e-01
-5.299139999999999961e-01 -2.066590000000000094e-01
-8.605469999999999509e-01 6.059799999999999909e-02
-4.028269999999999906e-01 -4.021560000000000135e-01
2.661819999999999742e-01 -4.613840000000000163e-01
-6.230269999999999975e-01 3.588060000000000138e-01
-7.631970000000000143e-01 3.057520000000000238e-01
-6.200759999999999605e-01 8.179400000000000559e-02
-6.246899999999999675e-01 -1.145339999999999969e-01
-6.681909999999999794e-01 2.125600000000000059e-02
-7.123260000000000147e-01 3.691699999999999982e-01
-6.399219999999999908e-01 3.536099999999999660e-02
-7.705600000000000227e-01 3.586610000000000076e-01
-3.166689999999999783e-01 5.899579999999999824e-01
-7.365030000000000188e-01 -4.301399999999999668e-02
-8.552049999999999930e-01 3.134910000000000196e-01
-4.340899999999999759e-01 -5.869600000000000373e-01
-7.835109999999999575e-01 4.876799999999999885e-02
-6.892099999999999893e-01 1.649450000000000083e-01
-5.598290000000000211e-01 4.068030000000000257e-01
-6.552679999999999616e-01 2.194989999999999997e-01
-6.382219999999999560e-01 3.628910000000000191e-01
-5.119920000000000027e-01 4.967909999999999826e-01
-1.963249999999999995e-01 -3.934279999999999999e-01
-7.707030000000000269e-01 6.931999999999999794e-03
-8.552950000000000275e-01 4.884299999999999753e-02
-4.348480000000000123e-01 1.277790000000000037e-01
-7.192110000000000447e-01 3.411139999999999728e-01
-7.333920000000000439e-01 2.257929999999999937e-01
-7.598099999999999854e-01 3.794029999999999903e-01
-5.899280000000000079e-01 2.553909999999999791e-01
-6.216359999999999664e-01 1.097380000000000022e-01
-4.116299999999999959e-01 -3.990969999999999795e-01
-5.289610000000000145e-01 -2.530669999999999864e-01
-7.241849999999999676e-01 1.877169999999999950e-01
-7.487270000000000314e-01 3.153500000000000192e-01
-6.599760000000000071e-01 4.571700000000000208e-01
-7.193619999999999459e-01 -7.263799999999999424e-02
-5.693230000000000235e-01 -1.509909999999999863e-01
-6.652190000000000047e-01 3.843019999999999770e-01
-6.681529999999999969e-01 6.547000000000000042e-02
-4.368810000000000193e-01 -1.869689999999999963e-01
-5.210960000000000036e-01 -2.295280000000000098e-01
-6.316730000000000400e-01 -2.575049999999999839e-01
-7.701550000000000340e-01 6.611999999999999822e-02
-7.394789999999999974e-01 2.767569999999999752e-01
-5.975840000000000041e-01 -8.889800000000000479e-02
6.461240000000000316e-01 -9.646000000000000060e-03
-6.006259999999999932e-01 2.329579999999999984e-01
-7.230659999999999865e-01 -7.857400000000000495e-02
-4.742790000000000061e-01 -4.666300000000000309e-02
7.502950000000000452e-01 2.651000000000000023e-01
6.630070000000000130e-01 2.491520000000000123e-01
7.597629999999999661e-01 2.269650000000000001e-01
4.907480000000000175e-01 -2.509640000000000204e-01
6.760319999999999663e-01 3.523060000000000080e-01
8.293719999999999981e-01 3.392479999999999940e-01
-3.933400000000000230e-01 -3.585079999999999933e-01
-7.445060000000000011e-01 -1.430869999999999920e-01
-5.936399999999999455e-01 1.198680000000000023e-01
-6.431599999999999540e-01 5.011999999999999789e-01
5.736909999999999510e-01 1.412249999999999894e-01
4.089800000000000102e-01 -2.574270000000000169e-01
-7.535460000000000491e-01 1.626839999999999953e-01
-6.939889999999999670e-01 1.076960000000000001e-01
-7.034139999999999837e-01 -8.433899999999999730e-02
6.258049999999999446e-01 5.731610000000000316e-01
-7.734389999999999876e-01 1.728780000000000039e-01
-6.922239999999999505e-01 3.949170000000000180e-01
-7.100229999999999597e-01 6.173000000000000015e-02
-6.447060000000000013e-01 -7.221400000000000041e-02
-8.700109999999999788e-01 1.921670000000000045e-01
-6.803740000000000343e-01 -2.807330000000000103e-01
-6.310219999999999718e-01 2.414949999999999875e-01
-7.088529999999999553e-01 1.681070000000000064e-01
-7.532780000000000031e-01 2.687069999999999736e-01
-4.506330000000000058e-01 7.221099999999999741e-02
-5.372679999999999678e-01 1.603330000000000033e-01
-6.533790000000000431e-01 2.597880000000000189e-01
-7.175129999999999564e-01 -2.201349999999999973e-01
-6.031100000000000350e-01 1.245939999999999964e-01
-6.665969999999999951e-01 4.736380000000000035e-01
-6.139750000000000485e-01 1.328759999999999941e-01
-6.907389999999999919e-01 3.037600000000000022e-02
-7.069480000000000208e-01 4.614119999999999888e-01
-7.466199999999999504e-01 4.258109999999999951e-01
-5.727640000000000509e-01 -8.285199999999999509e-02
-6.130670000000000286e-01 1.061699999999999970e-02
-7.269649999999999723e-01 3.058879999999999932e-01
-7.481240000000000112e-01 -5.524799999999999850e-02
-7.006989999999999608e-01 2.310869999999999869e-01
-4.659749999999999726e-01 7.668600000000000416e-02
-6.764069999999999805e-01 2.705540000000000167e-01
-7.201589999999999936e-01 3.773150000000000115e-01
-6.281759999999999566e-01 1.924190000000000067e-01
-5.336779999999999857e-01 9.573099999999999665e-02
-7.550259999999999749e-01 4.126159999999999828e-01
-4.706839999999999913e-01 1.663999999999999854e-02
-7.407120000000000370e-01 2.180580000000000018e-01
-6.188390000000000279e-01 2.361209999999999976e-01
-5.821600000000000108e-01 1.485579999999999956e-01
-7.156059999999999643e-01 4.581430000000000224e-01
6.417669999999999764e-01 -2.011499999999999955e-01
-6.352290000000000436e-01 -1.213700000000000057e-01
4.988560000000000216e-01 -8.798000000000000265e-03
-6.595910000000000384e-01 -1.841139999999999999e-01
-6.942030000000000145e-01 2.529480000000000062e-01
-6.201759999999999495e-01 -3.065169999999999839e-01
-8.169399999999999995e-01 1.487940000000000096e-01
-7.538599999999999746e-01 4.712089999999999890e-01
-5.997130000000000516e-01 2.588570000000000038e-01
-4.976169999999999760e-01 -2.749969999999999914e-01
-6.199200000000000266e-01 3.297780000000000156e-01
-8.788310000000000288e-01 2.362160000000000093e-01
-5.770140000000000269e-01 2.185179999999999900e-01
6.806740000000000013e-01 8.727100000000000135e-02
-6.513759999999999550e-01 4.289300000000000057e-02
5.626649999999999707e-01 6.100640000000000507e-01
-5.387720000000000287e-01 2.035510000000000097e-01
-7.349949999999999539e-01 3.355369999999999742e-01
6.845160000000000133e-01 1.077759999999999968e-01
-6.131069999999999576e-01 1.645030000000000103e-01
-7.558080000000000354e-01 4.907399999999999957e-02
-7.252560000000000118e-01 6.139999999999999625e-04
-7.478489999999999860e-01 1.548199999999999923e-02
-6.439909999999999801e-01 7.663799999999999779e-02
-7.340109999999999690e-01 2.964430000000000121e-01
-5.055669999999999886e-01 -6.317300000000000693e-02
-5.960910000000000375e-01 1.282600000000000059e-02
-4.134019999999999917e-01 -3.592580000000000218e-01
-3.852570000000000161e-01 3.384699999999999931e-01
-3.857079999999999953e-01 -1.046360000000000068e-01
-4.863370000000000193e-01 -1.008710000000000023e-01
-6.337699999999999445e-01 1.776500000000000024e-01
-4.846349999999999825e-01 2.793999999999999956e-02
-6.062939999999999996e-01 1.214820000000000066e-01
-6.753700000000000259e-01 1.659059999999999979e-01
6.435809999999999587e-01 4.152660000000000240e-01
4.590190000000000103e-01 -4.450999999999999956e-01
-5.140580000000000149e-01 -2.021350000000000091e-01
-3.364829999999999766e-01 -2.475970000000000115e-01
-6.542400000000000437e-01 5.831910000000000149e-01
-4.106739999999999835e-01 -1.851270000000000138e-01
-5.123910000000000409e-01 -1.933489999999999931e-01
-6.235990000000000144e-01 -6.151800000000000324e-02
-7.744670000000000165e-01 -4.821000000000000285e-02
-6.522780000000000244e-01 1.485760000000000136e-01
4.506820000000000270e-01 -4.481580000000000008e-01
-6.870880000000000321e-01 1.260290000000000021e-01
-5.418789999999999996e-01 2.707590000000000274e-01
5.153309999999999835e-01 -1.188040000000000068e-01
-6.571709999999999496e-01 3.309989999999999877e-01
-6.846119999999999983e-01 4.196460000000000190e-01
-7.510689999999999866e-01 -1.899019999999999875e-01
-6.366990000000000149e-01 3.632679999999999798e-01
-6.234809999999999519e-01 -2.987549999999999928e-01
-2.245300000000000074e-02 -2.767819999999999725e-01
-6.417370000000000019e-01 -1.050050000000000011e-01
-7.735819999999999919e-01 3.162900000000000156e-01
-2.826770000000000116e-01 -5.505400000000000293e-01
-6.775050000000000239e-01 3.146530000000000160e-01
-7.105169999999999542e-01 7.597399999999999987e-02
-6.938220000000000498e-01 -3.607699999999999796e-02
-8.153310000000000279e-01 4.350709999999999855e-01
-4.959089999999999887e-01 -1.277200000000000002e-01
-7.079280000000000017e-01 8.648100000000000231e-02
-4.549159999999999870e-01 -2.465870000000000006e-01
-8.330929999999999724e-01 -5.680000000000000370e-04
-5.869640000000000413e-01 3.485739999999999950e-01
-5.434970000000000079e-01 3.811799999999999911e-02
-4.234029999999999738e-01 -4.147259999999999835e-01
5.161350000000000104e-01 6.985600000000000143e-02
-3.626380000000000159e-01 -5.463409999999999656e-01
4.927639999999999798e-01 4.960800000000000209e-01
-7.005639999999999645e-01 -1.893980000000000108e-01
-6.708239999999999759e-01 4.082129999999999925e-01
-7.206169999999999520e-01 3.698480000000000101e-01
-4.963389999999999747e-01 8.356399999999999939e-02
-7.086059999999999581e-01 -1.120040000000000063e-01
4.598570000000000157e-01 3.920359999999999956e-01
3.105229999999999935e-01 -4.442650000000000210e-01
-5.078529999999999989e-01 -3.322320000000000273e-01
-5.475449999999999484e-01 3.040939999999999754e-01
-6.007780000000000342e-01 -4.805000000000000243e-02
6.780909999999999993e-01 -6.796299999999999564e-02
-5.093339999999999534e-01 2.879699999999999968e-02
-2.324199999999999877e-01 -3.765999999999999903e-01
-6.766069999999999585e-01 2.922830000000000150e-01
-7.475039999999999463e-01 5.483019999999999561e-01
-6.154169999999999918e-01 5.323590000000000266e-01
-7.280630000000000157e-01 5.533199999999999924e-02
-8.057130000000000125e-01 4.282899999999999902e-02
-7.484920000000000462e-01 2.004900000000000015e-01
-5.733179999999999943e-01 1.733030000000000126e-01
-7.250600000000000378e-01 7.968000000000000083e-02
-5.938989999999999547e-01 2.530999999999999917e-02
-5.110310000000000130e-01 -6.369500000000000162e-02
-6.784559999999999480e-01 3.284639999999999782e-01
-7.386610000000000120e-01 3.579660000000000064e-01
-3.800419999999999909e-01 -4.051290000000000169e-01
-4.008169999999999789e-01 -4.789970000000000061e-01
-4.663120000000000043e-01 3.313570000000000126e-01
-4.612499999999999933e-01 -3.016900000000000137e-01
-4.559309999999999752e-01 -3.664780000000000260e-01
-8.541940000000000088e-01 1.471040000000000125e-01
-7.442809999999999704e-01 1.260709999999999886e-01
-4.477059999999999929e-01 6.452000000000000270e-03
-7.524960000000000537e-01 8.848899999999999821e-02
-8.018389999999999684e-01 2.078309999999999880e-01
-7.894710000000000338e-01 1.782239999999999935e-01
-5.549140000000000184e-01 2.308900000000000119e-01
-6.674360000000000293e-01 2.453970000000000040e-01
-6.062170000000000059e-01 -7.433999999999999636e-03
-5.828459999999999752e-01 1.809300000000000075e-01
-5.752460000000000351e-01 6.590380000000000127e-01
-7.408599999999999630e-01 4.326869999999999883e-01
-6.978809999999999736e-01 3.336160000000000236e-01
-6.702040000000000219e-01 1.684599999999999986e-02
-4.812330000000000219e-01 3.378799999999999859e-02
-5.831870000000000109e-01 1.868559999999999943e-01
-1.531530000000000113e-01 7.425199999999999578e-01
-7.030870000000000175e-01 2.224200000000000135e-02
-7.321619999999999795e-01 5.500899999999999679e-01
-5.602979999999999627e-01 -3.437899999999999984e-02
-4.747230000000000061e-01 2.788289999999999935e-01
-7.537139999999999951e-01 1.435109999999999997e-01
-6.944510000000000405e-01 1.521699999999999962e-02
-6.958010000000000028e-01 2.445950000000000069e-01
-3.962930000000000064e-01 2.841879999999999962e-01
-7.654189999999999605e-01 -2.045889999999999931e-01
-5.959140000000000548e-01 4.203899999999999998e-02
-7.636330000000000062e-01 1.736830000000000040e-01
-7.634549999999999947e-01 3.795229999999999992e-01
-6.660199999999999454e-01 1.950280000000000069e-01
-7.543370000000000353e-01 1.010410000000000058e-01
-6.922399999999999665e-01 -8.175300000000000622e-02
-6.780220000000000136e-01 2.478549999999999920e-01
-6.186589999999999590e-01 3.837369999999999948e-01
-6.272739999999999982e-01 3.153290000000000259e-01
-5.094640000000000279e-01 2.650790000000000091e-01
-6.180139999999999523e-01 1.602760000000000018e-01
-5.505970000000000031e-01 5.650389999999999580e-01
-7.372009999999999952e-01 1.436890000000000112e-01
-6.807400000000000118e-01 1.082900000000000008e-02
-7.484509999999999774e-01 1.194370000000000015e-01
-5.157450000000000090e-01 8.973299999999999332e-02
-8.278090000000000170e-01 1.633799999999999975e-01
-7.407010000000000538e-01 4.531439999999999912e-01
-7.246970000000000356e-01 3.370319999999999983e-01
-6.660859999999999559e-01 2.588239999999999985e-01
-3.788239999999999941e-01 3.578080000000000149e-01
-7.170720000000000427e-01 3.947550000000000225e-01
-3.952809999999999935e-01 2.756950000000000234e-01
-7.442619999999999791e-01 2.387680000000000080e-01
-6.836250000000000382e-01 1.845229999999999926e-01
-8.953119999999999967e-01 1.746929999999999872e-01
-7.541780000000000150e-01 1.902059999999999862e-01
-5.019000000000000128e-01 8.487300000000000400e-02
-7.109900000000000109e-01 5.354899999999999938e-02
-5.486870000000000358e-01 5.151700000000000029e-02
-8.213829999999999742e-01 -1.814999999999999947e-02
-7.090819999999999901e-01 -1.248800000000000084e-02
-6.558429999999999538e-01 3.330790000000000139e-01
-6.441670000000000451e-01 4.466829999999999967e-01
-6.017360000000000486e-01 1.332299999999999873e-01
-4.615449999999999831e-01 5.711270000000000513e-01
-5.401299999999999990e-01 2.812299999999999800e-01
-6.154530000000000278e-01 4.741940000000000044e-01
-5.437359999999999971e-01 4.904810000000000003e-01
-5.015849999999999476e-01 4.354450000000000265e-01
-4.896570000000000089e-01 5.429800000000000182e-01
-5.637330000000000396e-01 3.522080000000000211e-01
-4.974669999999999925e-01 5.845860000000000500e-01
-7.332699999999999774e-01 1.173999999999999913e-03
-6.623430000000000151e-01 3.222099999999999964e-02
-5.194600000000000328e-01 5.947869999999999546e-01
-6.288869999999999738e-01 3.752999999999999826e-03
-7.195420000000000149e-01 8.575800000000000090e-02
-6.061549999999999994e-01 1.615260000000000029e-01
-7.679380000000000095e-01 1.917399999999999938e-01
-6.136150000000000215e-01 -7.909800000000000164e-02
-7.355180000000000051e-01 8.765100000000000668e-02
-7.563750000000000195e-01 2.440370000000000039e-01
-4.907409999999999828e-01 -7.041400000000000436e-02
-5.423259999999999748e-01 6.579500000000000626e-02
-5.708309999999999773e-01 8.985300000000000231e-02
-6.122290000000000232e-01 2.717430000000000123e-01
-7.632839999999999625e-01 2.041920000000000124e-01
-6.658939999999999859e-01 3.898800000000000043e-01
-7.095749999999999558e-01 3.831040000000000001e-01
-7.187590000000000368e-01 4.732680000000000220e-01
-4.575230000000000130e-01 -6.379899999999999460e-02
-6.135730000000000350e-01 3.395000000000000101e-02
-6.088799999999999768e-01 -1.630699999999999927e-01
-3.111749999999999794e-01 -3.043529999999999847e-01
-5.070909999999999584e-01 -5.313600000000000267e-02
-1.971809999999999952e-01 -3.413109999999999755e-01
-7.601290000000000546e-01 3.717600000000000071e-02
-5.983049999999999757e-01 -4.057910000000000128e-01
-4.120960000000000178e-01 -2.282800000000000107e-01
-6.711899999999999533e-01 6.625599999999999545e-02
-4.914979999999999905e-01 8.798799999999999677e-02
-5.506159999999999943e-01 4.633200000000000096e-01
-6.182189999999999630e-01 7.290499999999999758e-02
-7.220180000000000486e-01 4.724729999999999763e-01
-5.933990000000000098e-01 1.148290000000000005e-01
-7.033909999999999885e-01 1.901440000000000075e-01
-6.211349999999999927e-01 1.656289999999999984e-01
3.502270000000000105e-01 4.078049999999999731e-01
-4.386499999999999844e-01 -6.970099999999999907e-02
-3.023989999999999734e-01 -2.309900000000000009e-01
-5.189219999999999944e-01 -2.760900000000000160e-02
-5.514660000000000117e-01 -1.537600000000000078e-01
-5.587419999999999609e-01 5.096810000000000507e-01
-6.091600000000000348e-01 1.361570000000000003e-01
-3.240890000000000160e-01 1.355659999999999921e-01
-6.589850000000000430e-01 1.640060000000000129e-01
-8.651290000000000369e-01 3.750839999999999730e-01
-6.271259999999999613e-01 -2.434330000000000105e-01
-6.022699999999999720e-01 -1.511510000000000076e-01
-6.624079999999999968e-01 -1.096310000000000062e-01
-7.120689999999999520e-01 -8.244799999999999351e-02
-7.878739999999999633e-01 5.581499999999999656e-02
-6.779380000000000406e-01 1.276799999999999879e-01
-4.493039999999999812e-01 3.032110000000000083e-01
-5.165260000000000407e-01 1.564450000000000007e-01
6.063579999999999526e-01 2.131669999999999954e-01
-6.508659999999999446e-01 2.530649999999999844e-01
-4.069769999999999777e-01 -8.279300000000000548e-02
-5.435649999999999649e-01 5.801599999999999813e-02
-6.338669999999999582e-01 3.516710000000000114e-01
-6.408909999999999885e-01 1.380530000000000090e-01
-5.678539999999999699e-01 3.747119999999999895e-01
5.586670000000000247e-01 9.584499999999999964e-02
-7.174779999999999491e-01 1.209680000000000061e-01
-6.435870000000000202e-01 2.630500000000000060e-01
6.553269999999999929e-01 4.388549999999999951e-01
-7.442729999999999624e-01 -1.300689999999999902e-01
-5.120059999999999611e-01 -2.722700000000000120e-02
-5.316750000000000087e-01 -2.799300000000000122e-01
-7.346219999999999972e-01 1.004899999999999960e-01
7.103150000000000297e-01 2.541200000000000125e-01
3.928740000000000010e-01 6.946609999999999729e-01
-5.449739999999999585e-01 -6.137000000000000094e-03
-4.867360000000000020e-01 2.224200000000000135e-02
-6.060830000000000384e-01 3.171840000000000215e-01
-4.383900000000000019e-01 2.619960000000000067e-01
-7.476819999999999578e-01 1.557219999999999993e-01
-6.980199999999999738e-01 3.013700000000000059e-02
5.198979999999999713e-01 8.375999999999999765e-03
-6.547760000000000247e-01 2.460100000000000134e-02
-6.423959999999999670e-01 6.204899999999999999e-02
-6.745929999999999982e-01 3.448120000000000074e-01
-7.543370000000000353e-01 2.013399999999999912e-01
-6.872120000000000450e-01 -5.763000000000000067e-02
-4.804539999999999922e-01 3.783270000000000244e-01
-3.419380000000000197e-01 2.864579999999999904e-01
5.757240000000000135e-01 1.380540000000000100e-01
-3.462040000000000117e-01 -2.951469999999999927e-01
-6.175119999999999498e-01 3.825390000000000179e-01
-4.504679999999999795e-01 3.351629999999999887e-01
-4.438549999999999995e-01 -5.150099999999999817e-02
-6.468979999999999730e-01 3.261120000000000130e-01
-6.890249999999999986e-01 4.551819999999999755e-01
-4.838470000000000271e-01 5.716759999999999620e-01
-6.203779999999999850e-01 1.485009999999999941e-01
-5.822979999999999823e-01 3.408860000000000223e-01
-5.859879999999999534e-01 2.234680000000000000e-01
-5.224980000000000180e-01 -4.666330000000000200e-01
-5.777470000000000105e-01 -1.558730000000000115e-01
-7.376970000000000471e-01 -1.506540000000000101e-01
-6.069350000000000023e-01 -1.240819999999999979e-01
-5.728959999999999608e-01 1.386610000000000065e-01
-7.876630000000000020e-01 2.509899999999999909e-01
-6.963000000000000300e-01 1.291690000000000060e-01
-5.832869999999999999e-01 9.824800000000000200e-02
-5.760290000000000132e-01 7.469000000000000639e-02
-4.369109999999999938e-01 -1.087619999999999976e-01
-8.591090000000000115e-01 4.439850000000000185e-01
-5.153579999999999828e-01 -2.637430000000000052e-01
-5.443529999999999758e-01 3.027500000000000191e-01
-6.631939999999999502e-01 -1.453059999999999907e-01
-6.388800000000000034e-01 2.594679999999999764e-01
-6.317580000000000418e-01 1.229169999999999985e-01
5.587640000000000384e-01 2.158499999999999863e-01
-4.051799999999999846e-01 1.985139999999999960e-01
-4.895439999999999792e-01 -1.405450000000000033e-01
-6.310769999999999991e-01 2.543000000000000121e-02
-6.919619999999999660e-01 6.270210000000000505e-01
-4.789610000000000256e-01 -1.852989999999999915e-01
-5.417659999999999698e-01 -1.305230000000000001e-01
-5.839750000000000218e-01 6.339200000000000390e-02
-4.946809999999999818e-01 1.631430000000000102e-01
-7.672050000000000258e-01 4.851300000000000057e-02
-6.539850000000000385e-01 3.686150000000000260e-01
-4.942380000000000106e-01 1.113880000000000009e-01
6.081360000000000099e-01 3.070010000000000239e-01
-6.787520000000000220e-01 2.659880000000000022e-01
-7.219400000000000261e-01 1.613580000000000014e-01
4.161619999999999764e-01 -2.637360000000000260e-01
-4.628160000000000052e-01 -3.429820000000000091e-01
-6.187340000000000062e-01 -1.722100000000000020e-02
-4.974129999999999940e-01 9.890899999999999692e-02
-7.313129999999999908e-01 -3.699199999999999711e-02
5.727649999999999686e-01 5.059690000000000021e-01
4.803979999999999917e-01 3.054959999999999898e-01
-7.298280000000000323e-01 4.288279999999999870e-01
-1.439050000000000051e-01 5.998310000000000031e-01
5.452200000000000379e-01 6.190930000000000044e-01
-5.578659999999999730e-01 1.560719999999999885e-01
-7.532820000000000071e-01 3.566779999999999951e-01
-7.222560000000000091e-01 1.159980000000000039e-01
-5.989499999999999824e-01 2.210779999999999967e-01
-7.751740000000000297e-01 1.987829999999999875e-01
-6.032469999999999777e-01 -2.309660000000000046e-01
-6.083709999999999951e-01 1.739769999999999928e-01
-5.907489999999999686e-01 4.709940000000000238e-01
-6.301449999999999552e-01 -1.074800000000000061e-02
-4.750110000000000166e-01 4.730190000000000228e-01
-6.235699999999999577e-01 1.029099999999999980e-02
-6.309369999999999701e-01 2.851420000000000066e-01
-5.003130000000000077e-01 3.841459999999999875e-01
-2.887890000000000179e-01 -1.304220000000000101e-01
-7.268000000000000016e-01 2.257579999999999865e-01
-6.111849999999999783e-01 1.866019999999999901e-01
-2.934970000000000079e-01 2.950360000000000205e-01
-7.182570000000000343e-01 -1.497699999999999865e-01
-8.222319999999999629e-01 3.341700000000000226e-01
-6.569629999999999637e-01 4.336260000000000114e-01
-6.311250000000000471e-01 3.534500000000000142e-02
-7.099680000000000435e-01 4.115280000000000049e-01
-6.618249999999999966e-01 6.217000000000000304e-02
5.742660000000000542e-01 -1.624879999999999936e-01
-5.534400000000000430e-01 -4.205999999999999669e-03
-5.066530000000000200e-01 4.650599999999999873e-02
-6.949400000000000022e-01 3.747809999999999753e-01
-6.345979999999999954e-01 3.185999999999999943e-02
-6.146179999999999977e-01 3.341879999999999851e-01
-4.561939999999999884e-01 -3.238170000000000215e-01
-5.556440000000000268e-01 4.958049999999999957e-01
-6.933850000000000291e-01 1.120260000000000006e-01
-4.464460000000000095e-01 9.494999999999999968e-03
-5.850800000000000445e-01 7.248409999999999576e-01
-6.654090000000000282e-01 3.337080000000000046e-01
-7.149860000000000104e-01 5.907899999999999957e-02
-7.668239999999999501e-01 3.669649999999999856e-01
-6.669739999999999558e-01 1.882189999999999974e-01
-6.630329999999999835e-01 -1.336920000000000053e-01
-7.981209999999999694e-01 2.001999999999999891e-01
-5.844829999999999748e-01 -1.322540000000000104e-01
-6.502949999999999564e-01 2.314400000000000068e-01
-6.599739999999999496e-01 -1.127549999999999941e-01
-5.145049999999999901e-01 5.760629999999999917e-01
-5.769149999999999556e-01 -1.777670000000000083e-01
-4.636549999999999838e-01 -1.886240000000000139e-01
5.157140000000000057e-01 6.264399999999999968e-01
-6.238359999999999461e-01 -1.191320000000000018e-01
-5.340240000000000542e-01 2.423170000000000046e-01
5.886099999999999666e-01 3.563600000000000101e-02
-4.488269999999999760e-01 3.243679999999999897e-01
-7.509839999999999849e-01 -9.105299999999999505e-02
-4.873000000000000109e-01 2.033560000000000090e-01
4.995839999999999725e-01 -1.235919999999999935e-01
-6.257129999999999637e-01 5.409300000000000219e-02
5.046009999999999662e-01 1.822950000000000126e-01
5.860640000000000294e-01 4.168499999999999983e-01
7.365099999999999980e-01 -3.287500000000000144e-02
-6.859429999999999694e-01 4.112950000000000217e-01
-8.509330000000000505e-01 2.207649999999999890e-01
5.820419999999999483e-01 1.167819999999999969e-01
-5.208369999999999944e-01 2.989669999999999828e-01
-6.249270000000000103e-01 1.824439999999999951e-01
-5.991870000000000251e-01 2.590410000000000212e-01
-5.996129999999999516e-01 1.546919999999999962e-01
-4.575799999999999867e-01 4.202020000000000199e-01
-4.011310000000000153e-01 2.847200000000000078e-02
-5.347319999999999851e-01 4.844459999999999877e-01
-6.720340000000000202e-01 -1.353570000000000051e-01
-7.096879999999999855e-01 -1.091400000000000009e-01
-7.897340000000000471e-01 2.723010000000000153e-01
-5.906460000000000043e-01 3.176740000000000119e-01
-6.015930000000000444e-01 9.093999999999999306e-02
-4.352750000000000230e-01 -3.940350000000000241e-01
-6.995959999999999956e-01 1.514729999999999965e-01
-6.764750000000000485e-01 3.078310000000000213e-01
-7.623379999999999601e-01 1.913849999999999996e-01
-7.631839999999999735e-01 2.711230000000000029e-01
-7.300900000000000167e-01 1.785410000000000053e-01
-6.180839999999999668e-01 5.703999999999999869e-03
-6.588870000000000005e-01 -2.043850000000000111e-01
-6.454029999999999490e-01 -5.807299999999999962e-02
-7.705260000000000442e-01 4.889200000000000212e-01
-6.064159999999999551e-01 -4.383200000000000290e-02
-8.564920000000000311e-01 2.194949999999999957e-01
-5.923009999999999664e-01 3.609330000000000038e-01
-9.741549999999999931e-01 1.241040000000000060e-01
-5.428929999999999589e-01 3.943309999999999871e-01
-5.848989999999999467e-01 -6.547699999999999354e-02
-7.850589999999999513e-01 2.879039999999999933e-01
-6.573329999999999451e-01 -1.291930000000000023e-01
-4.796449999999999880e-01 4.273129999999999984e-01
-6.374210000000000154e-01 3.057349999999999790e-01
-6.401529999999999720e-01 -8.480000000000000038e-02
-5.114910000000000290e-01 -2.481029999999999902e-01
-5.699119999999999742e-01 3.007589999999999986e-01
-6.726689999999999614e-01 2.248400000000000121e-01
-6.081550000000000011e-01 -8.609100000000000086e-02
-6.938069999999999515e-01 3.372339999999999782e-01
-6.120550000000000157e-01 2.286320000000000019e-01
-5.920579999999999732e-01 2.298590000000000078e-01
-4.781549999999999967e-01 -1.815789999999999904e-01
-8.209969999999999768e-01 -5.575399999999999801e-02
-6.363550000000000040e-01 -1.577800000000000036e-02
-6.061469999999999914e-01 3.170229999999999992e-01
-5.404419999999999780e-01 -2.530229999999999979e-01
-4.732310000000000128e-01 -1.373340000000000116e-01
-7.129670000000000174e-01 1.529300000000000104e-01
-5.579260000000000330e-01 -2.054040000000000032e-01
-6.262769999999999726e-01 5.946820000000000439e-01
-6.668640000000000123e-01 -1.953920000000000101e-01
-6.466709999999999958e-01 -6.074299999999999838e-02
-5.002969999999999917e-01 6.944869999999999655e-01
-5.750889999999999613e-01 1.271500000000000061e-02
4.976940000000000253e-01 -1.462320000000000009e-01
-6.503379999999999717e-01 -2.878299999999999956e-02
-7.413990000000000302e-01 -3.177000000000000136e-03
-5.921659999999999702e-01 3.842740000000000045e-01
-7.008739999999999970e-01 1.080760000000000054e-01
-5.909630000000000161e-01 -2.947069999999999967e-01
-5.956099999999999728e-01 6.027000000000000135e-01
-6.193100000000000271e-01 -2.054100000000000092e-01
-6.933070000000000066e-01 2.376119999999999899e-01
-5.090040000000000120e-01 3.746849999999999903e-01
-7.848730000000000429e-01 -1.114839999999999998e-01
-5.329460000000000308e-01 2.851350000000000273e-01
-5.137150000000000327e-01 3.013300000000000006e-02
-6.247260000000000035e-01 3.589879999999999738e-01
-4.099800000000000111e-01 3.361720000000000264e-01
-7.879350000000000520e-01 2.535459999999999936e-01
-6.714449999999999585e-01 3.872459999999999791e-01
-5.004450000000000287e-01 1.708719999999999961e-01
-7.340430000000000010e-01 3.797019999999999840e-01
-7.522250000000000325e-01 -8.798799999999999677e-02
-6.124920000000000364e-01 3.329840000000000022e-01
-6.283870000000000289e-01 2.536499999999999866e-02
-4.878250000000000086e-01 1.914959999999999996e-01
-7.166630000000000500e-01 2.895179999999999976e-01
-5.679659999999999709e-01 3.250520000000000076e-01
-6.005899999999999572e-01 -2.646999999999999909e-01
-5.650939999999999852e-01 -1.121400000000000001e-02
-6.402079999999999993e-01 4.106969999999999787e-01
-7.349010000000000264e-01 3.795819999999999750e-01
-5.912779999999999703e-01 5.933669999999999778e-01
-7.761120000000000241e-01 1.106079999999999980e-01
-6.598349999999999493e-01 1.342409999999999992e-01
-5.697799999999999532e-01 1.042259999999999992e-01
-6.139989999999999615e-01 1.100229999999999958e-01
-7.931759999999999922e-01 8.953500000000000347e-02
7.078740000000000032e-01 4.080700000000000299e-02
3.257769999999999833e-01 5.813949999999999951e-01
5.824939999999999563e-01 5.045539999999999470e-01
4.620319999999999983e-01 4.867139999999999800e-01
5.676050000000000262e-01 5.945099999999999690e-02
5.344349999999999934e-01 1.817819999999999991e-01
6.539880000000000138e-01 3.271400000000000002e-02
5.004600000000000160e-01 -8.366600000000000426e-02
4.410390000000000144e-01 8.562200000000000366e-02
-5.396450000000000413e-01 1.649849999999999928e-01
-5.173600000000000421e-01 -9.237800000000000178e-02
-5.534210000000000518e-01 3.750290000000000012e-01
-6.040999999999999703e-01 3.411029999999999895e-01
-8.427029999999999799e-01 5.262599999999999917e-02
-7.024789999999999646e-01 2.747859999999999747e-01
-7.420919999999999739e-01 -3.440779999999999950e-01
-5.885219999999999896e-01 3.199330000000000229e-01
-8.547519999999999563e-01 3.956870000000000109e-01
-5.209880000000000067e-01 3.417979999999999907e-01
-7.159689999999999666e-01 4.731920000000000015e-01
-8.592269999999999630e-01 4.425560000000000049e-01
-5.569140000000000201e-01 2.162860000000000060e-01
-6.180069999999999730e-01 3.504590000000000205e-01
-7.606370000000000076e-01 2.239410000000000012e-01
-5.018639999999999768e-01 4.176799999999999957e-02
-5.400230000000000308e-01 -2.532190000000000274e-01
-5.253090000000000259e-01 -3.122750000000000248e-01
-7.377120000000000344e-01 3.271689999999999876e-01
-6.403349999999999875e-01 4.843100000000000183e-01
-6.640080000000000426e-01 2.913499999999999979e-01
-6.862110000000000154e-01 1.105000000000000079e-02
-7.140379999999999505e-01 3.467140000000000222e-01
-6.140050000000000230e-01 6.881400000000000017e-02
-6.915480000000000516e-01 4.006950000000000234e-01
-5.239390000000000436e-01 -3.232539999999999858e-01
-6.789530000000000287e-01 -1.082229999999999998e-01
-4.785510000000000042e-01 -1.398699999999999943e-01
-6.395960000000000534e-01 3.758790000000000187e-01
-6.213429999999999787e-01 1.411000000000000032e-01
-4.602550000000000252e-01 3.328510000000000080e-01
-6.555050000000000043e-01 2.740700000000000081e-02
-6.653510000000000257e-01 -1.549510000000000054e-01
-6.016209999999999614e-01 4.362779999999999991e-01
-4.635119999999999796e-01 1.364249999999999907e-01
-4.742219999999999769e-01 -3.360599999999999699e-02
-5.061379999999999768e-01 -5.738399999999999751e-02
-6.110109999999999708e-01 -1.546430000000000027e-01
-6.151969999999999938e-01 7.977199999999999569e-02
-5.507469999999999866e-01 -1.523829999999999907e-01
-6.965409999999999657e-01 -1.000940000000000024e-01
-6.451649999999999885e-01 8.673899999999999666e-02
-4.811179999999999901e-01 2.553949999999999831e-01
-7.103180000000000049e-01 -5.906800000000000245e-02
-7.394089999999999829e-01 9.269399999999999862e-02
-7.209200000000000053e-01 7.282480000000000064e-01
-5.154579999999999718e-01 3.446600000000000219e-01
-5.862079999999999513e-01 6.106789999999999718e-01
-6.498819999999999597e-01 2.151099999999999887e-02
-5.856639999999999624e-01 7.863999999999999463e-03
5.759279999999999955e-01 5.497199999999999864e-01
2.446200000000000041e-01 -3.420000000000000188e-04
-5.172930000000000028e-01 3.955670000000000019e-01
-5.160069999999999935e-01 2.597450000000000037e-01
-3.657409999999999828e-01 -1.345530000000000059e-01
-6.075340000000000185e-01 -3.855419999999999958e-01
-7.469909999999999606e-01 2.000149999999999983e-01
-6.897069999999999590e-01 4.453329999999999789e-01
-7.042699999999999516e-01 2.033880000000000132e-01
-6.448190000000000310e-01 -6.355999999999999671e-03
-5.402150000000000007e-01 8.604000000000000536e-03
-6.010149999999999659e-01 2.783860000000000223e-01
-5.267950000000000133e-01 4.880499999999999838e-01
5.790100000000000247e-01 3.190290000000000070e-01
-3.252680000000000016e-01 -4.733990000000000142e-01
-9.120519999999999738e-01 1.000359999999999999e-01
-3.207119999999999971e-01 -4.359390000000000209e-01
-4.501919999999999811e-01 -7.645599999999999619e-02
-7.180969999999999853e-01 2.932580000000000187e-01
-6.870239999999999680e-01 3.417310000000000070e-01
-6.716159999999999908e-01 4.085400000000000142e-02
-6.165079999999999449e-01 2.638280000000000070e-01
-5.067279999999999562e-01 -3.214369999999999727e-01
-7.141269999999999563e-01 -3.216999999999999808e-03
-5.350859999999999506e-01 -5.272899999999999809e-02
-7.060880000000000489e-01 4.240129999999999733e-01
-4.061190000000000078e-01 2.434599999999999959e-02
-6.399839999999999973e-01 -5.362700000000000106e-02
-5.240930000000000311e-01 1.073989999999999945e-01
-7.429149999999999920e-01 4.592939999999999801e-01
-7.024120000000000363e-01 1.832380000000000120e-01
-5.399129999999999763e-01 -1.578749999999999876e-01
-4.918989999999999752e-01 -2.819670000000000232e-01
-6.574849999999999861e-01 1.816399999999999959e-02
-7.595460000000000544e-01 1.293030000000000013e-01
-6.875970000000000137e-01 5.775999999999999884e-02
-6.502360000000000362e-01 -1.274889999999999912e-01
-5.858389999999999986e-01 1.797100000000000086e-01
-7.152279999999999749e-01 3.072030000000000038e-01
-6.369850000000000234e-01 1.829610000000000125e-01
-6.405300000000000438e-01 8.048500000000000099e-02
-6.547690000000000454e-01 2.188720000000000110e-01
-4.895720000000000072e-01 4.194269999999999943e-01
-7.247289999999999566e-01 2.129429999999999934e-01
-7.210400000000000142e-01 -2.210799999999999918e-02
-6.195190000000000419e-01 8.627200000000000146e-02
-7.172910000000000119e-01 2.681970000000000187e-01
-7.390539999999999887e-01 1.378699999999999926e-01
2.402960000000000096e-01 4.061839999999999895e-01
6.959039999999999671e-01 9.585200000000000664e-02
-6.654409999999999492e-01 7.583399999999999863e-02
4.142429999999999723e-01 4.580750000000000099e-01
-7.252480000000000038e-01 3.114939999999999931e-01
-5.894869999999999832e-01 4.825180000000000025e-01
-7.637230000000000407e-01 -1.763599999999999890e-02
-6.651270000000000238e-01 3.621019999999999794e-01
-6.174910000000000121e-01 3.303459999999999730e-01
-6.541740000000000332e-01 6.487600000000000311e-02
-5.299359999999999626e-01 1.454900000000000082e-01
-6.346739999999999604e-01 1.785789999999999877e-01
-4.066139999999999755e-01 -4.905209999999999848e-01
-1.822590000000000043e-01 -2.658159999999999967e-01
-7.103209999999999802e-01 2.804119999999999946e-01
-7.475770000000000470e-01 3.709219999999999740e-01
-8.265130000000000532e-01 4.546899999999999831e-01
-6.216540000000000399e-01 4.722140000000000226e-01
-5.872509999999999675e-01 6.553599999999999703e-02
-4.264149999999999885e-01 -4.561149999999999927e-01
-5.667079999999999895e-01 1.378439999999999943e-01
5.068620000000000347e-01 1.028530000000000000e-01
-7.221180000000000376e-01 4.706259999999999888e-01
-7.367669999999999497e-01 1.091229999999999978e-01
-3.051889999999999881e-01 -4.154010000000000202e-01
-5.188460000000000294e-01 -2.315639999999999921e-01
-6.823780000000000401e-01 2.534089999999999954e-01
-7.966649999999999565e-01 7.394599999999999784e-02
-7.479329999999999590e-01 2.344739999999999880e-01
-6.254220000000000335e-01 2.423859999999999904e-01
-4.780550000000000077e-01 -6.494700000000000473e-02
-7.909800000000000164e-01 3.876510000000000233e-01
-5.718490000000000517e-01 1.063120000000000037e-01
-5.785059999999999647e-01 3.094750000000000001e-01
-6.762169999999999570e-01 4.780690000000000217e-01
-6.507060000000000066e-01 -8.552300000000000180e-02
-5.715860000000000385e-01 -1.215949999999999948e-01
-5.293879999999999697e-01 -2.352059999999999984e-01
8.311420000000000474e-01 1.488609999999999933e-01
-6.895620000000000083e-01 -1.130479999999999957e-01
-3.893840000000000079e-01 -3.922559999999999936e-01
-5.832239999999999647e-01 -5.733900000000000108e-02
-6.174610000000000376e-01 1.977510000000000101e-01
-5.107949999999999990e-01 3.676570000000000116e-01
-7.362980000000000080e-01 2.352190000000000114e-01
-2.729750000000000232e-01 -1.884460000000000024e-01
-6.384419999999999540e-01 3.171080000000000010e-01
-5.719689999999999497e-01 -6.043999999999999893e-03
-7.434309999999999530e-01 1.446630000000000138e-01
-8.058610000000000495e-01 4.194640000000000035e-01
-7.278750000000000497e-01 3.061900000000000177e-01
-7.283720000000000194e-01 1.879889999999999894e-01
-7.612729999999999775e-01 4.609570000000000056e-01
6.796010000000000106e-01 8.052299999999999736e-02
-2.711339999999999861e-01 -4.368799999999999906e-01
-5.399819999999999620e-01 -1.816840000000000122e-01
-5.370759999999999978e-01 -8.875500000000000056e-02
-6.206669999999999687e-01 5.624879999999999880e-01
-6.609530000000000127e-01 6.863900000000000556e-02
-9.376520000000000410e-01 2.392309999999999992e-01
-7.427089999999999526e-01 2.550950000000000162e-01
6.916240000000000165e-01 1.234829999999999955e-01
-6.260820000000000274e-01 1.499810000000000032e-01
6.943820000000000547e-01 5.068019999999999747e-01
-6.590409999999999879e-01 -1.989680000000000060e-01
-5.647029999999999550e-01 1.956090000000000051e-01
-3.839119999999999755e-01 7.644099999999999506e-02
-5.294809999999999794e-01 1.561470000000000080e-01
-5.798849999999999838e-01 3.290219999999999811e-01
4.898319999999999896e-01 -2.584500000000000131e-01
-7.741850000000000120e-01 4.255860000000000198e-01
-7.158860000000000223e-01 -1.819189999999999974e-01
-8.202249999999999819e-01 4.004690000000000194e-01
-6.504980000000000206e-01 5.671220000000000150e-01
-6.725280000000000147e-01 5.331400000000000028e-02
-4.766110000000000069e-01 -4.675139999999999851e-01
-2.921199999999999908e-01 -5.071369999999999489e-01
-6.115450000000000053e-01 8.878999999999999393e-02
-5.723610000000000086e-01 1.300499999999999989e-01
-5.998029999999999751e-01 -3.410830000000000251e-01
-4.441330000000000000e-01 -7.669999999999999735e-03
-6.774599999999999511e-01 6.844999999999999696e-02
-6.205699999999999550e-01 -7.514700000000000546e-02
-7.208510000000000195e-01 -1.316400000000000070e-01
-5.728950000000000431e-01 -2.360960000000000003e-01
-7.206900000000000528e-01 2.884309999999999929e-01
-6.730869999999999909e-01 8.763799999999999368e-02
6.496030000000000415e-01 5.962699999999999945e-02
5.743599999999999817e-01 -2.737620000000000053e-01
5.201080000000000148e-01 -1.130039999999999933e-01
-4.005940000000000056e-01 -2.365309999999999913e-01
-4.347820000000000018e-01 -2.419399999999999884e-01
-6.056019999999999737e-01 4.494369999999999754e-01
6.932509999999999506e-01 3.637900000000000023e-01
-6.051649999999999530e-01 -5.024300000000000294e-02
-8.416069999999999940e-01 3.251979999999999871e-01
-4.694360000000000199e-01 2.485169999999999879e-01
-7.180619999999999781e-01 1.874820000000000098e-01
-5.534919999999999840e-01 6.063999999999999946e-02
-7.050530000000000408e-01 -4.221599999999999658e-02
-6.549829999999999819e-01 3.810000000000000019e-03
-6.694590000000000263e-01 4.621700000000000114e-02
-6.947750000000000314e-01 9.634999999999999468e-03
-6.620160000000000489e-01 -1.199329999999999979e-01
-6.865280000000000271e-01 1.688699999999999923e-02
-4.860149999999999748e-01 -2.936909999999999799e-01
5.640249999999999986e-01 3.840910000000000157e-01
6.754360000000000364e-01 3.052799999999999958e-02
-6.551040000000000196e-01 4.155679999999999930e-01
-4.863270000000000093e-01 2.312069999999999959e-01
-4.880470000000000086e-01 -2.153549999999999909e-01
-6.217489999999999961e-01 -3.856600000000000306e-02
-6.036599999999999744e-01 3.203309999999999769e-01
3.746349999999999958e-01 -2.221609999999999974e-01
-5.939689999999999692e-01 -1.714289999999999980e-01
-6.245889999999999498e-01 2.766799999999999815e-01
-6.974420000000000064e-01 4.912159999999999860e-01
-6.374269999999999659e-01 1.628999999999999893e-02
-5.787839999999999652e-01 5.004499999999999921e-02
-7.307270000000000154e-01 1.480470000000000119e-01
-3.684830000000000050e-01 -3.937999999999999660e-03
-3.785069999999999824e-01 4.591279999999999806e-01
-7.725760000000000405e-01 4.276849999999999818e-01
-7.398700000000000276e-01 1.380170000000000008e-01
-7.937140000000000306e-01 9.194599999999999995e-02
-5.443219999999999725e-01 1.051409999999999983e-01
-6.769009999999999749e-01 2.325480000000000047e-01
6.066700000000000426e-01 4.458790000000000253e-01
-6.362130000000000285e-01 -1.480289999999999939e-01
-3.990270000000000206e-01 -3.910100000000000242e-01
-6.861239999999999561e-01 4.891399999999999915e-02
-7.059480000000000199e-01 1.666400000000000103e-01
-7.086959999999999926e-01 3.965710000000000068e-01
-4.032290000000000041e-01 4.142640000000000211e-01
-4.116609999999999991e-01 1.061480000000000062e-01
-6.237620000000000386e-01 -1.640139999999999931e-01
-7.247280000000000388e-01 3.272619999999999973e-01
-6.279080000000000217e-01 4.708829999999999960e-01
-7.873930000000000096e-01 6.695079999999999920e-01
-5.909010000000000096e-01 9.512099999999999722e-02
-8.833079999999999821e-01 3.846330000000000027e-01
-4.726650000000000018e-01 9.638599999999999945e-02
-6.381430000000000158e-01 3.130780000000000229e-01
-7.935579999999999856e-01 4.599050000000000082e-01
-5.427170000000000050e-01 5.092630000000000212e-01
-7.513499999999999623e-01 2.327519999999999867e-01
-3.997069999999999790e-01 3.068710000000000049e-01
-6.353090000000000126e-01 3.451969999999999761e-01
-6.197989999999999888e-01 1.461850000000000094e-01
-3.840680000000000205e-01 -2.312859999999999916e-01
-4.787710000000000021e-01 1.693510000000000015e-01
-3.357390000000000096e-01 -3.095970000000000111e-01
-6.864799999999999791e-01 3.326219999999999732e-01
-6.100609999999999644e-01 -1.463430000000000009e-01
-5.951729999999999521e-01 4.246519999999999739e-01
-7.537310000000000398e-01 4.022339999999999804e-01
-6.650789999999999758e-01 -1.533680000000000043e-01
-8.695800000000000196e-01 2.907950000000000257e-01
-5.067120000000000513e-01 3.406859999999999888e-01
-4.411189999999999833e-01 3.138079999999999758e-01
-6.481829999999999536e-01 2.730520000000000169e-01
-5.723669999999999591e-01 -2.229000000000000078e-02
-6.295990000000000197e-01 3.448729999999999851e-01
-7.242880000000000429e-01 2.058240000000000069e-01
-4.744360000000000244e-01 -4.421999999999999716e-03
-3.638250000000000095e-01 -9.188000000000000334e-02
-7.076019999999999532e-01 -2.559099999999999916e-02
-8.232969999999999455e-01 3.146070000000000255e-01
-8.694140000000000201e-01 2.383820000000000106e-01
-6.157380000000000075e-01 3.923119999999999941e-01
-8.445770000000000222e-01 1.038879999999999942e-01
-7.285530000000000062e-01 1.222430000000000044e-01
-4.992719999999999936e-01 2.356459999999999944e-01
-5.507589999999999986e-01 1.695949999999999958e-01
-7.819850000000000412e-01 3.688170000000000059e-01
-7.027379999999999738e-01 5.174320000000000030e-01
-7.658329999999999860e-01 2.791299999999999892e-01
-8.575190000000000312e-01 1.966549999999999965e-01
-6.817100000000000382e-01 3.798929999999999807e-01
-5.797020000000000506e-01 2.652550000000000185e-01
-6.798049999999999926e-01 -1.431310000000000082e-01
3.469749999999999779e-01 3.964299999999999768e-02
-6.570709999999999607e-01 3.427109999999999879e-01
-6.362569999999999615e-01 -2.688900000000000179e-01
-7.042979999999999796e-01 2.605319999999999858e-01
-6.542069999999999830e-01 5.336469999999999825e-01
-6.078069999999999862e-01 -8.572100000000000553e-02
-7.234270000000000422e-01 1.373479999999999979e-01
-4.054309999999999858e-01 5.177230000000000443e-01
4.886499999999999871e-02 -4.674369999999999914e-01
-5.107030000000000181e-01 1.567230000000000012e-01
-6.334100000000000286e-01 5.749769999999999603e-01
-6.381130000000000413e-01 2.388750000000000040e-01
-5.849569999999999492e-01 1.806830000000000103e-01
-7.304049999999999709e-01 6.832599999999999785e-02
-7.083960000000000257e-01 5.031179999999999541e-01
-7.550360000000000404e-01 9.014999999999999403e-02
-4.933429999999999760e-01 3.740269999999999984e-01
-4.580119999999999747e-01 -1.355879999999999863e-01
-3.738060000000000271e-01 8.440899999999999792e-02
-8.481830000000000203e-01 3.396609999999999907e-01
-6.702449999999999797e-01 2.221210000000000129e-01
-7.452689999999999593e-01 2.512989999999999946e-01
-7.071290000000000076e-01 1.809989999999999932e-01
-5.797259999999999636e-01 5.626870000000000482e-01
-5.422550000000000425e-01 3.203199999999999936e-01
-3.711849999999999872e-01 7.791599999999999915e-02
-6.652130000000000543e-01 -8.035000000000000475e-02
-6.011619999999999742e-01 -1.135609999999999953e-01
-8.565859999999999586e-01 3.911580000000000057e-01
-4.155590000000000117e-01 2.406560000000000088e-01
-8.393610000000000237e-01 3.026519999999999766e-01
-6.431639999999999580e-01 2.975260000000000127e-01
-7.035620000000000207e-01 1.820499999999999896e-01
-6.810169999999999835e-01 2.041739999999999944e-01
-6.678060000000000107e-01 2.899349999999999983e-01
6.339280000000000470e-01 1.490910000000000013e-01
-8.195160000000000222e-01 2.118220000000000103e-01
-6.194809999999999484e-01 2.245989999999999931e-01
-5.413249999999999451e-01 5.370199999999999974e-02
5.859790000000000276e-01 2.300800000000000067e-01
7.266099999999999781e-01 6.633699999999999319e-02
-5.802570000000000228e-01 1.300899999999999973e-02
6.466269999999999518e-01 2.266650000000000054e-01
-3.913380000000000192e-01 5.045659999999999590e-01
-7.207719999999999683e-01 3.073710000000000053e-01
-5.717149999999999732e-01 -1.373890000000000111e-01
-6.292619999999999880e-01 2.082450000000000134e-01
5.164149999999999574e-01 3.399800000000000044e-01
-6.676779999999999937e-01 -2.088059999999999916e-01
-4.267690000000000095e-01 4.583700000000000274e-02
-6.518460000000000365e-01 5.079090000000000549e-01
-6.597499999999999476e-01 9.024300000000000377e-02
-6.806529999999999525e-01 -1.490259999999999918e-01
-6.049999999999999822e-01 -3.014000000000000012e-02
-5.545700000000000074e-01 3.194119999999999737e-01
-5.697550000000000114e-01 1.577719999999999956e-01
-6.597809999999999508e-01 -2.727999999999999956e-03
-5.532449999999999868e-01 4.472199999999999787e-02
-4.947300000000000031e-01 3.244609999999999994e-01
-6.900979999999999892e-01 5.263619999999999965e-01
-6.345760000000000289e-01 8.357499999999999651e-02
6.726910000000000389e-01 2.130239999999999911e-01
6.686809999999999699e-01 2.285919999999999896e-01
2.431319999999999870e-01 4.367300000000000071e-01
4.709949999999999970e-01 5.943979999999999819e-01
4.971409999999999996e-01 4.714380000000000237e-01
6.471679999999999655e-01 1.795920000000000016e-01
6.859410000000000229e-01 1.214729999999999976e-01
5.763369999999999882e-01 4.950840000000000241e-01
7.391240000000000032e-01 3.814179999999999793e-01
5.580600000000000005e-01 -6.429999999999999605e-02
6.611000000000000210e-01 2.058889999999999887e-01
5.042900000000000160e-01 4.100309999999999788e-01
6.814010000000000344e-01 1.824270000000000058e-01
4.457189999999999763e-01 5.280820000000000514e-01
7.244209999999999816e-01 3.860850000000000115e-01
5.049010000000000442e-01 7.358759999999999746e-01
5.386600000000000277e-01 6.268219999999999903e-01
5.479270000000000529e-01 1.504999999999999949e-01
5.896519999999999539e-01 3.676249999999999796e-01
6.104739999999999611e-01 4.577240000000000197e-01
6.842380000000000129e-01 2.606339999999999768e-01
7.462940000000000129e-01 2.916509999999999936e-01
4.032450000000000201e-01 1.902979999999999949e-01
6.398859999999999548e-01 7.316999999999999893e-02
6.383229999999999738e-01 3.967350000000000043e-01
5.723669999999999591e-01 5.943699999999999539e-01
5.519279999999999742e-01 3.496059999999999723e-01
5.706670000000000353e-01 4.351510000000000100e-01
6.471949999999999648e-01 -6.402399999999999758e-02
4.176779999999999937e-01 7.480550000000000255e-01
7.435920000000000307e-01 2.927379999999999982e-01
5.987740000000000284e-01 3.908420000000000227e-01
6.379430000000000378e-01 2.667430000000000079e-01
5.541009999999999547e-01 6.692599999999999660e-01
4.449569999999999914e-01 3.318050000000000166e-01
5.140190000000000037e-01 5.513519999999999532e-01
5.763559999999999794e-01 2.879809999999999870e-01
5.946580000000000199e-01 3.000269999999999881e-01
5.867480000000000473e-01 4.264899999999999802e-01
4.230590000000000184e-01 7.321560000000000290e-01
5.578020000000000200e-01 4.255459999999999798e-01
3.744790000000000063e-01 4.612700000000000133e-01
5.707670000000000243e-01 5.037099999999999911e-01
5.980079999999999840e-01 5.160510000000000375e-01
4.579469999999999930e-01 4.581660000000000177e-01
4.360970000000000124e-01 3.811550000000000216e-01
5.999710000000000321e-01 5.398410000000000153e-01
3.963679999999999981e-01 6.133420000000000538e-01
4.866289999999999782e-01 4.379149999999999987e-01
5.742450000000000054e-01 2.691660000000000164e-01
-7.439130000000000464e-01 -2.786699999999999941e-02
-6.631890000000000285e-01 -8.669799999999999729e-02
-8.559940000000000326e-01 1.285119999999999874e-01
-6.854970000000000230e-01 1.867739999999999956e-01
-7.338719999999999688e-01 2.673949999999999938e-01
-6.458810000000000384e-01 -2.652280000000000193e-01
-7.237820000000000364e-01 1.578829999999999956e-01
-6.226359999999999673e-01 2.941559999999999730e-01
-3.648250000000000104e-01 4.949359999999999871e-01
-5.422029999999999905e-01 6.276999999999999594e-03
-5.654850000000000154e-01 3.318829999999999836e-01
-6.618570000000000286e-01 1.199209999999999998e-01
-8.071850000000000414e-01 4.363870000000000249e-01
-4.471519999999999939e-01 -4.848219999999999752e-01
-6.179109999999999880e-01 2.155579999999999996e-01
-4.786050000000000026e-01 1.244299999999999920e-02
-6.465030000000000499e-01 2.606120000000000103e-01
-7.355599999999999916e-01 1.597419999999999951e-01
-4.064039999999999875e-01 -4.476700000000000124e-02
-3.361339999999999884e-01 -2.894090000000000273e-01
-5.262029999999999763e-01 6.382200000000000373e-02
-6.533280000000000198e-01 -1.437110000000000054e-01
-3.851620000000000044e-01 -2.792129999999999890e-01
-5.771549999999999736e-01 3.136269999999999891e-01
