6.064589999999999703e-01 2.293340000000000101e-01
6.401660000000000128e-01 9.121799999999999353e-02
5.695160000000000222e-01 6.829200000000000548e-02
4.941969999999999974e-01 8.477500000000000313e-02
5.728060000000000374e-01 1.598749999999999893e-01
5.241909999999999625e-01 3.264400000000000079e-01
5.538509999999999822e-01 1.712849999999999928e-01
3.747969999999999913e-01 1.639319999999999944e-01
6.153720000000000301e-01 1.579349999999999921e-01
4.103530000000000233e-01 1.929089999999999971e-01
4.045179999999999887e-01 1.645210000000000006e-01
4.845289999999999875e-01 2.134729999999999961e-01
4.552280000000000215e-01 -3.663299999999999890e-02
1.157969999999999972e-01 5.782340000000000257e-01
-5.241050000000000431e-01 1.476030000000000120e-01
4.406050000000000244e-01 -1.565360000000000085e-01
6.248860000000000525e-01 6.084300000000000125e-02
5.193510000000000071e-01 6.083500000000000019e-02
5.135610000000000452e-01 -1.550699999999999995e-02
6.622310000000000141e-01 1.836969999999999992e-01
6.319890000000000230e-01 -4.703899999999999748e-02
2.846380000000000021e-01 3.561759999999999926e-01
6.877250000000000307e-01 2.322099999999999997e-01
7.090750000000000108e-01 1.398850000000000093e-01
6.443710000000000271e-01 -8.217099999999999405e-02
-5.954099999999999948e-01 1.596859999999999946e-01
4.819990000000000108e-01 5.974100000000000243e-02
6.078710000000000502e-01 5.623399999999999926e-02
7.304220000000000157e-01 4.089299999999999879e-02
-3.322700000000000098e-01 8.911600000000000077e-02
3.906000000000000028e-01 -8.195700000000000207e-02
-1.417430000000000079e-01 1.166930000000000051e-01
7.503469999999999862e-01 9.973100000000000021e-02
3.927140000000000075e-01 -7.845599999999999796e-02
4.942389999999999839e-01 7.813900000000000012e-02
7.189900000000000180e-01 -8.453499999999999903e-02
5.328300000000000258e-01 2.674429999999999863e-01
6.302750000000000297e-01 6.974700000000000344e-02
7.075110000000000010e-01 7.711400000000000199e-02
6.799739999999999673e-01 1.360899999999999957e-02
5.750889999999999613e-01 6.699700000000000100e-02
5.996409999999999796e-01 1.342919999999999947e-01
4.538329999999999864e-01 -1.634400000000000089e-02
7.130710000000000104e-01 9.138799999999999701e-02
6.306699999999999529e-01 -2.120630000000000015e-01
5.205720000000000347e-01 1.763589999999999880e-01
5.250989999999999824e-01 6.539200000000000568e-02
6.895369999999999555e-01 -4.618010000000000170e-01
6.552259999999999751e-01 -1.666009999999999991e-01
4.434989999999999766e-01 -5.146799999999999986e-02
6.439070000000000071e-01 4.413099999999999662e-02
4.347329999999999806e-01 1.005619999999999986e-01
5.857369999999999521e-01 1.697900000000000104e-02
2.167759999999999965e-01 1.111339999999999967e-01
-1.621640000000000026e-01 4.490600000000000147e-01
5.281150000000000011e-01 -8.796999999999999265e-03
5.500760000000000094e-01 -1.998340000000000116e-01
2.470529999999999948e-01 1.834989999999999954e-01
5.787889999999999979e-01 1.660369999999999902e-01
6.934810000000000141e-01 1.836319999999999897e-01
4.392940000000000178e-01 3.054790000000000005e-01
5.814880000000000049e-01 4.961700000000000138e-02
4.137819999999999832e-01 6.468300000000000438e-02
4.753269999999999995e-01 1.036699999999999983e-01
4.703990000000000116e-01 -1.750500000000000111e-01
6.100149999999999739e-01 2.855820000000000025e-01
5.686480000000000423e-01 1.770539999999999892e-01
6.862930000000000419e-01 2.345129999999999992e-01
7.434659999999999602e-01 -1.022350000000000064e-01
2.830849999999999755e-01 -1.056160000000000015e-01
7.156639999999999668e-01 1.427100000000000035e-01
4.832830000000000181e-01 9.243899999999999340e-02
6.656600000000000295e-01 1.619410000000000016e-01
7.755220000000000447e-01 -3.657799999999999940e-02
4.345189999999999886e-01 1.753000000000000044e-02
5.943460000000000409e-01 2.162899999999999892e-02
5.698090000000000099e-01 -6.978499999999999981e-02
7.073559999999999848e-01 6.080499999999999794e-02
7.932270000000000154e-01 -3.928999999999999854e-02
5.338739999999999597e-01 1.975240000000000051e-01
4.985439999999999872e-01 3.702699999999999741e-02
4.968389999999999751e-01 2.631000000000000005e-02
3.200299999999999812e-01 3.380810000000000204e-01
5.205140000000000322e-01 9.038499999999999313e-02
5.047800000000000065e-01 2.856909999999999727e-01
4.186110000000000109e-01 4.429950000000000276e-01
7.253290000000000015e-01 2.197780000000000011e-01
3.982620000000000049e-01 1.183720000000000050e-01
-6.946970000000000089e-01 5.428800000000000292e-02
4.855519999999999836e-01 1.590260000000000007e-01
6.743369999999999642e-01 1.511460000000000026e-01
4.136040000000000272e-01 1.898249999999999937e-01
-5.856050000000000422e-01 1.883940000000000059e-01
5.459300000000000264e-01 -6.712700000000000611e-02
6.129930000000000101e-01 1.695750000000000035e-01
6.165030000000000232e-01 -7.323799999999999755e-02
3.841060000000000030e-01 1.862000000000000044e-01
-7.244159999999999489e-01 1.378070000000000128e-01
5.581070000000000197e-01 -4.451000000000000095e-03
3.635340000000000238e-01 1.891919999999999991e-01
6.035460000000000269e-01 9.470399999999999652e-02
6.507810000000000539e-01 1.681709999999999872e-01
4.814609999999999723e-01 1.225300000000000000e-01
7.452309999999999768e-01 1.372379999999999989e-01
3.650419999999999776e-01 2.222760000000000014e-01
-5.588340000000000529e-01 3.575300000000000006e-02
5.357030000000000403e-01 2.076659999999999895e-01
5.090379999999999905e-01 1.273330000000000017e-01
6.831099999999999950e-01 1.559550000000000103e-01
4.490709999999999980e-01 -1.745299999999999976e-02
6.168690000000000007e-01 -6.121800000000000158e-02
4.857130000000000059e-01 3.566600000000000326e-02
2.637800000000000145e-01 3.632509999999999906e-01
-5.113999999999999622e-03 2.149939999999999907e-01
4.628149999999999764e-01 7.420000000000000380e-03
2.907060000000000199e-01 3.826479999999999881e-01
6.190219999999999612e-01 1.147849999999999981e-01
6.348599999999999799e-01 9.396300000000000485e-02
2.868589999999999751e-01 1.187799999999999967e-01
5.987120000000000219e-01 1.356670000000000098e-01
6.332900000000000196e-01 -1.643700000000000022e-02
-4.869649999999999812e-01 2.240610000000000102e-01
7.424570000000000336e-01 1.584430000000000005e-01
7.131950000000000234e-01 7.031400000000000150e-02
5.577990000000000448e-01 1.489719999999999933e-01
3.849779999999999869e-01 2.772310000000000052e-01
7.160590000000000011e-01 -6.600000000000000506e-05
7.335610000000000186e-01 1.071079999999999949e-01
4.062259999999999760e-01 1.489070000000000116e-01
6.125169999999999781e-01 -1.373709999999999931e-01
5.864479999999999693e-01 -7.389500000000000235e-02
5.461709999999999621e-01 4.537000000000000061e-02
3.859239999999999893e-01 1.906869999999999954e-01
5.956879999999999953e-01 8.899799999999999378e-02
4.147830000000000128e-01 1.545960000000000112e-01
5.010329999999999506e-01 -2.236300000000000093e-02
6.150560000000000471e-01 7.958500000000000296e-02
5.814599999999999769e-01 -8.154699999999999449e-02
6.814069999999999849e-01 8.130800000000000527e-02
4.276710000000000234e-01 2.076599999999999974e-02
5.204739999999999922e-01 3.991600000000000009e-02
5.129899999999999460e-01 2.665400000000000061e-02
6.614280000000000159e-01 1.110749999999999932e-01
6.734419999999999851e-01 3.262500000000000122e-02
4.245559999999999889e-01 2.213179999999999870e-01
5.625360000000000360e-01 7.730900000000000272e-02
6.128689999999999971e-01 -3.523699999999999749e-02
4.862920000000000020e-01 7.977199999999999569e-02
7.092159999999999576e-01 3.007000000000000124e-03
6.279329999999999634e-01 2.957399999999999959e-02
5.083659999999999846e-01 9.078500000000000458e-02
5.686949999999999505e-01 8.739700000000000246e-02
6.410919999999999952e-01 5.848600000000000326e-02
5.310230000000000228e-01 1.520730000000000137e-01
4.461390000000000078e-01 -7.275399999999999923e-02
3.738000000000000211e-01 2.103980000000000017e-01
4.255499999999999838e-01 2.512309999999999821e-01
5.219519999999999715e-01 1.822110000000000118e-01
5.568849999999999634e-01 -2.018790000000000029e-01
4.940649999999999764e-01 2.878330000000000055e-01
5.062400000000000233e-01 1.766800000000000037e-01
3.614680000000000115e-01 6.490300000000000236e-02
6.299839999999999884e-01 1.201040000000000024e-01
5.123609999999999554e-01 4.961450000000000027e-01
5.487090000000000023e-01 1.701680000000000137e-01
5.325360000000000094e-01 6.159400000000000291e-02
7.726300000000000390e-01 8.559999999999999554e-02
6.638309999999999489e-01 2.561510000000000176e-01
1.533229999999999871e-01 2.905369999999999897e-01
-6.356760000000000188e-01 -2.662199999999999983e-02
-7.889190000000000369e-01 4.291899999999999882e-02
7.823449999999999571e-01 2.859599999999999989e-02
6.706609999999999516e-01 -3.995200000000000140e-02
7.225660000000000416e-01 1.717049999999999965e-01
5.674479999999999524e-01 1.640099999999999891e-01
5.226469999999999727e-01 2.682849999999999957e-01
5.229120000000000434e-01 8.850299999999999834e-02
5.941340000000000510e-01 1.031839999999999979e-01
-5.361430000000000362e-01 -3.416999999999999899e-02
4.673970000000000069e-01 -5.530000000000000193e-03
3.561940000000000106e-01 2.421770000000000034e-01
2.582010000000000138e-01 3.462379999999999902e-01
2.635449999999999737e-01 9.241900000000000115e-02
8.776000000000000467e-02 9.210100000000000231e-02
7.081400000000000194e-02 1.300149999999999917e-01
1.878769999999999885e-01 1.521069999999999922e-01
4.564520000000000244e-01 2.398619999999999919e-01
4.714300000000000157e-01 1.337589999999999890e-01
4.968799999999999883e-01 -6.544999999999999603e-03
4.751969999999999805e-01 1.935230000000000006e-01
5.613890000000000269e-01 1.568199999999999872e-01
3.613899999999999890e-01 1.053349999999999981e-01
5.894059999999999855e-01 1.825690000000000091e-01
5.662089999999999623e-01 9.359499999999999764e-02
6.897579999999999822e-01 6.165699999999999653e-02
3.681800000000000073e-01 9.951000000000000123e-02
6.519789999999999752e-01 1.379170000000000118e-01
6.571679999999999744e-01 1.010540000000000049e-01
6.666119999999999823e-01 2.471710000000000018e-01
5.118110000000000159e-01 1.454239999999999977e-01
5.588969999999999771e-01 9.987200000000000244e-02
4.892870000000000275e-01 1.914929999999999966e-01
4.434029999999999916e-01 -8.730499999999999372e-02
6.421130000000000448e-01 -6.294399999999999995e-02
6.128109999999999946e-01 -8.267800000000000149e-02
4.518960000000000199e-01 1.650349999999999873e-01
4.910080000000000000e-01 7.576700000000000101e-02
4.976860000000000173e-01 1.785519999999999885e-01
5.916649999999999965e-01 4.610500000000000015e-02
7.179330000000000434e-01 7.780600000000000016e-02
6.081699999999999884e-01 1.809399999999999897e-01
5.418020000000000058e-01 -1.367790000000000117e-01
4.365200000000000191e-01 6.608000000000000158e-03
7.488920000000000021e-01 5.554100000000000009e-02
6.055479999999999752e-01 1.226020000000000026e-01
5.024359999999999937e-01 3.881419999999999870e-01
5.807989999999999542e-01 7.244499999999999551e-02
7.396030000000000104e-01 1.398610000000000131e-01
3.785499999999999976e-01 1.741699999999999915e-01
5.255210000000000159e-01 1.396620000000000084e-01
6.886360000000000259e-01 5.921699999999999880e-02
6.742230000000000167e-01 -3.624700000000000144e-02
-7.732860000000000289e-01 9.338899999999999979e-02
5.349620000000000486e-01 1.919820000000000138e-01
4.108999999999999875e-01 1.054289999999999949e-01
4.984029999999999849e-01 -8.191400000000000070e-02
-3.357490000000000197e-01 1.459310000000000052e-01
6.640139999999999931e-01 -3.507899999999999907e-02
6.768929999999999669e-01 1.879850000000000132e-01
6.580059999999999798e-01 -5.402400000000000257e-02
5.237519999999999953e-01 2.255719999999999947e-01
4.766110000000000069e-01 2.103760000000000074e-01
5.683289999999999731e-01 -3.716400000000000259e-02
4.091259999999999897e-01 4.691700000000000037e-02
6.348899999999999544e-01 1.784610000000000085e-01
5.395569999999999533e-01 5.385399999999999909e-02
5.592930000000000401e-01 -9.765899999999999581e-02
5.920680000000000387e-01 9.841199999999999948e-02
4.336149999999999727e-01 8.578099999999999614e-02
5.360249999999999737e-01 -2.565299999999999872e-02
4.347539999999999738e-01 1.284450000000000036e-01
3.035780000000000145e-01 8.859999999999999820e-02
4.795610000000000150e-01 -1.349190000000000111e-01
5.125229999999999508e-01 2.512750000000000261e-01
5.111809999999999965e-01 2.527730000000000254e-01
5.337720000000000242e-01 2.210380000000000122e-01
2.920730000000000270e-01 5.004299999999999721e-02
5.571610000000000174e-01 8.414299999999999558e-02
4.768180000000000196e-01 -1.097700000000000065e-01
3.651949999999999918e-01 1.038099999999999995e-01
5.822910000000000030e-01 7.709699999999999886e-02
4.004980000000000206e-01 2.337839999999999918e-01
5.062600000000000433e-01 -5.647499999999999742e-02
6.167399999999999549e-01 1.092489999999999989e-01
5.468269999999999520e-01 1.194420000000000065e-01
2.994950000000000112e-01 1.919939999999999980e-01
4.825389999999999957e-01 1.056730000000000030e-01
5.577619999999999800e-01 1.474219999999999975e-01
6.344060000000000255e-01 7.755199999999999594e-02
3.882050000000000223e-01 1.797229999999999939e-01
6.670270000000000366e-01 -2.219099999999999892e-02
6.023969999999999603e-01 1.823589999999999933e-01
6.721890000000000365e-01 1.633940000000000115e-01
4.552930000000000033e-01 8.134500000000000064e-02
5.762389999999999457e-01 1.377190000000000081e-01
5.714000000000000190e-01 2.287430000000000019e-01
4.765559999999999796e-01 3.252030000000000198e-01
4.349569999999999825e-01 2.140869999999999995e-01
6.912270000000000358e-01 -6.908000000000000251e-02
6.354689999999999506e-01 1.245600000000000041e-01
5.626229999999999842e-01 3.266430000000000167e-01
6.548650000000000304e-01 9.532200000000000395e-02
7.916520000000000223e-01 -5.892800000000000121e-02
8.501739999999999853e-01 9.643300000000000483e-02
6.903939999999999522e-01 7.848499999999999921e-02
7.713919999999999666e-01 -6.614100000000000534e-02
5.511960000000000193e-01 1.909099999999999964e-01
4.702669999999999906e-01 1.557030000000000081e-01
7.300159999999999982e-01 1.108400000000000010e-02
5.699940000000000007e-01 -1.584490000000000065e-01
4.872540000000000204e-01 -5.623999999999999833e-02
3.034279999999999755e-01 1.428679999999999950e-01
5.289690000000000225e-01 1.195719999999999977e-01
4.504799999999999915e-01 1.380520000000000080e-01
2.863620000000000054e-01 2.577450000000000019e-01
4.039479999999999738e-01 1.379799999999999915e-01
5.836900000000000421e-01 6.286200000000000121e-02
4.984700000000000242e-01 2.691629999999999856e-01
4.043550000000000200e-01 1.304250000000000131e-01
5.515799999999999592e-01 -1.082250000000000018e-01
3.751889999999999947e-01 4.034000000000000259e-03
5.726609999999999756e-01 8.203000000000000222e-03
5.484040000000000026e-01 2.280850000000000100e-01
6.035559999999999814e-01 4.442900000000000321e-02
6.035679999999999934e-01 -3.656899999999999734e-02
3.520010000000000083e-01 6.276500000000000135e-02
4.302400000000000113e-01 1.301219999999999877e-01
3.808099999999999818e-01 -1.315689999999999915e-01
3.668170000000000042e-01 1.577310000000000101e-01
5.409909999999999997e-01 1.313050000000000050e-01
5.547140000000000404e-01 5.257599999999999774e-02
5.049930000000000252e-01 1.619329999999999936e-01
4.606330000000000147e-01 1.119369999999999948e-01
7.146430000000000282e-01 -5.854999999999999788e-02
6.627300000000000413e-01 2.195670000000000122e-01
3.045700000000000074e-01 -2.175200000000000050e-02
5.503479999999999484e-01 2.063220000000000054e-01
6.351919999999999789e-01 5.879800000000000304e-02
3.955600000000000227e-01 -5.097299999999999748e-02
7.113949999999999996e-01 1.441669999999999896e-01
6.719610000000000305e-01 9.611000000000000099e-02
7.253680000000000128e-01 1.286499999999999866e-01
6.574419999999999709e-01 1.795609999999999984e-01
5.047859999999999570e-01 1.678010000000000057e-01
7.273330000000000073e-01 -8.156000000000000055e-03
1.838430000000000064e-01 4.793080000000000118e-01
-3.097340000000000093e-01 1.172440000000000010e-01
5.371970000000000356e-01 -6.267100000000000448e-02
6.475999999999999812e-02 2.897899999999999920e-01
-6.312600000000000156e-02 2.063260000000000094e-01
5.540019999999999945e-01 6.709500000000000186e-02
4.123829999999999996e-01 5.026100000000000012e-02
2.996249999999999747e-01 3.406020000000000159e-01
-5.739630000000000010e-01 1.012040000000000023e-01
2.097430000000000128e-01 1.935209999999999986e-01
3.672199999999999909e-01 1.841500000000000081e-01
2.554420000000000024e-01 1.482519999999999949e-01
6.445419999999999483e-01 -8.974500000000000532e-02
2.910760000000000014e-01 -8.303099999999999370e-02
6.336150000000000393e-01 1.572399999999999839e-02
6.653940000000000410e-01 3.273899999999999727e-02
5.590209999999999901e-01 1.448329999999999895e-01
5.204860000000000042e-01 3.933699999999999697e-02
4.762100000000000222e-01 7.354099999999999526e-02
6.414750000000000174e-01 -9.198800000000000032e-02
3.709009999999999807e-01 5.410000000000000225e-02
-3.556360000000000077e-01 1.602780000000000038e-01
2.175400000000000111e-01 1.214520000000000044e-01
-6.179599999999999538e-01 1.603749999999999898e-01
2.254559999999999897e-01 2.207149999999999945e-01
4.358920000000000017e-01 1.221399999999999986e-01
-9.098199999999999343e-02 9.813199999999999701e-02
5.871359999999999912e-01 5.539399999999999880e-02
-2.940949999999999953e-01 -7.170100000000000084e-02
4.751400000000000068e-01 2.262889999999999902e-01
2.340220000000000078e-01 6.181199999999999889e-02
2.970510000000000095e-01 7.755800000000000194e-02
1.890769999999999951e-01 2.095770000000000133e-01
-2.683170000000000277e-01 2.648320000000000118e-01
-6.081659999999999844e-01 2.052900000000000003e-01
-4.878379999999999939e-01 2.256839999999999957e-01
-7.049699999999999855e-01 4.024199999999999999e-02
-3.663520000000000110e-01 1.386999999999999900e-01
-2.778500000000000067e-02 2.884249999999999869e-01
3.914349999999999774e-01 9.681900000000000228e-02
2.269039999999999946e-01 2.853689999999999838e-01
1.599959999999999993e-01 9.228999999999999357e-03
6.767509999999999915e-01 -3.198899999999999660e-02
4.941969999999999974e-01 1.598330000000000028e-01
1.964589999999999947e-01 2.712729999999999864e-01
4.365430000000000144e-01 -6.739000000000000198e-03
6.150830000000000464e-01 1.419910000000000061e-01
6.499310000000000365e-01 9.180000000000000659e-02
4.266150000000000220e-01 -5.420799999999999924e-02
6.168660000000000254e-01 8.794599999999999640e-02
3.431750000000000078e-01 1.853630000000000000e-01
-3.121090000000000253e-01 2.088810000000000111e-01
5.962009999999999810e-01 6.066900000000000071e-02
4.367139999999999911e-01 2.328270000000000062e-01
-6.238240000000000451e-01 1.565590000000000037e-01
5.235100000000000309e-01 -5.551199999999999884e-02
5.902659999999999574e-01 4.464699999999999919e-02
4.826159999999999894e-01 1.487950000000000106e-01
-5.164929999999999799e-01 2.325299999999999936e-02
6.638039999999999496e-01 -3.496200000000000002e-02
6.430129999999999457e-01 1.860439999999999872e-01
3.801869999999999972e-01 -3.340499999999999720e-02
4.650730000000000142e-01 7.031700000000000450e-02
6.738939999999999930e-01 8.006900000000000128e-02
6.371160000000000156e-01 -3.641699999999999798e-02
4.424969999999999737e-01 2.658340000000000147e-01
5.061059999999999448e-01 2.672840000000000216e-01
5.070059999999999567e-01 7.399500000000000521e-02
7.934759999999999591e-01 2.090099999999999944e-02
-6.001640000000000308e-01 2.656279999999999752e-01
3.817329999999999890e-01 2.374459999999999904e-01
6.997360000000000246e-01 -1.143969999999999987e-01
5.458129999999999926e-01 1.000650000000000012e-01
6.589000000000000412e-01 -1.125960000000000016e-01
5.980220000000000535e-01 6.919000000000000150e-02
6.748790000000000067e-01 3.430929999999999813e-01
5.389570000000000194e-01 3.195560000000000067e-01
4.414580000000000171e-01 9.907000000000000528e-02
6.045179999999999998e-01 -1.396799999999999951e-02
7.143770000000000397e-01 1.933779999999999943e-01
6.217639999999999834e-01 -2.257400000000000032e-02
4.417949999999999933e-01 1.567489999999999994e-01
-1.324490000000000112e-01 1.269879999999999898e-01
3.935060000000000224e-01 2.388480000000000047e-01
1.222329999999999944e-01 8.916200000000000514e-02
5.623860000000000525e-01 1.857500000000000123e-02
6.339150000000000063e-01 -2.129400000000000043e-02
5.803690000000000238e-01 -1.126800000000000024e-02
6.091309999999999780e-01 1.808140000000000025e-01
6.593560000000000532e-01 -8.584700000000000664e-02
4.420290000000000052e-01 -3.894000000000000239e-02
4.522439999999999793e-01 -2.691199999999999842e-02
4.581629999999999869e-01 3.023640000000000216e-01
5.606139999999999457e-01 2.155529999999999946e-01
3.930060000000000220e-01 3.757599999999999829e-02
5.639300000000000423e-01 -1.065610000000000029e-01
1.344629999999999992e-01 4.111529999999999907e-01
3.787619999999999876e-01 3.451339999999999963e-01
6.155760000000000121e-01 -1.758799999999999947e-02
5.480350000000000499e-01 9.115399999999999892e-02
6.295990000000000197e-01 1.188799999999999926e-02
6.171609999999999596e-01 2.758499999999999841e-02
6.526939999999999964e-01 -6.902000000000000149e-03
4.397349999999999870e-01 1.436250000000000027e-01
4.778069999999999817e-01 2.664290000000000269e-01
1.205009999999999970e-01 1.976660000000000084e-01
6.531320000000000459e-01 1.342009999999999870e-01
7.778150000000000341e-01 3.861099999999999949e-02
6.662240000000000384e-01 9.999299999999999855e-02
6.414279999999999982e-01 -3.349499999999999700e-02
6.243469999999999853e-01 4.208300000000000235e-02
4.926030000000000131e-01 2.009080000000000032e-01
6.138550000000000395e-01 1.850999999999999998e-03
5.276899999999999924e-01 1.597570000000000101e-01
6.175699999999999523e-01 1.920820000000000027e-01
4.881909999999999861e-01 -3.295800000000000118e-02
2.615319999999999867e-01 4.508360000000000145e-01
-8.548569999999999780e-01 6.615300000000000347e-02
6.295479999999999965e-01 1.023339999999999944e-01
3.716789999999999816e-01 -2.422620000000000051e-01
-5.390289999999999804e-01 9.779999999999999805e-02
2.732029999999999736e-01 1.074940000000000062e-01
5.770889999999999631e-01 4.662199999999999678e-02
3.115539999999999976e-01 1.774499999999999966e-01
1.685850000000000126e-01 -2.432999999999999885e-01
5.969710000000000294e-01 1.071610000000000062e-01
2.069100000000000106e-01 9.955899999999999472e-02
7.578209999999999669e-01 4.003550000000000164e-01
5.350989999999999913e-01 9.725799999999999723e-02
-3.397999999999999909e-01 2.066749999999999976e-01
5.581920000000000215e-01 1.881430000000000047e-01
6.129790000000000516e-01 6.237100000000000283e-02
6.484529999999999461e-01 -9.339999999999999344e-03
5.612160000000000482e-01 3.354000000000000037e-02
6.237519999999999731e-01 -9.876100000000000156e-02
5.901420000000000554e-01 1.243279999999999941e-01
4.243009999999999837e-01 1.529469999999999996e-01
6.627960000000000518e-01 2.979809999999999959e-01
5.270399999999999530e-01 2.310299999999999854e-02
5.560140000000000082e-01 7.247800000000000076e-02
5.074419999999999487e-01 5.035300000000000192e-02
6.396990000000000176e-01 1.790229999999999877e-01
5.765940000000000509e-01 1.785970000000000057e-01
5.492099999999999760e-01 -1.666269999999999973e-01
6.072300000000000475e-01 -5.278999999999999838e-03
3.500920000000000143e-01 7.689699999999999314e-02
-5.952870000000000106e-01 3.065559999999999952e-01
-6.549150000000000249e-01 1.266980000000000051e-01
-4.475029999999999841e-01 1.310369999999999868e-01
-6.142039999999999722e-01 1.573769999999999891e-01
-5.489699999999999580e-01 1.429809999999999970e-01
-5.624059999999999615e-01 1.237059999999999965e-01
-5.072069999999999634e-01 1.684190000000000131e-01
2.747640000000000082e-01 2.246910000000000018e-01
-7.751850000000000129e-01 1.909830000000000139e-01
4.131589999999999985e-01 1.928370000000000084e-01
-5.743930000000000424e-01 2.469000000000000014e-02
-6.758549999999999836e-01 1.622139999999999971e-01
4.862029999999999963e-01 1.226610000000000061e-01
4.844559999999999977e-01 -7.503300000000000247e-02
5.257260000000000266e-01 1.428550000000000098e-01
4.736899999999999999e-01 2.110289999999999944e-01
-5.482110000000000039e-01 1.901529999999999887e-01
2.209649999999999948e-01 1.659700000000000064e-02
6.166129999999999667e-01 -1.278000000000000056e-03
4.635000000000000231e-01 2.369159999999999877e-01
3.031340000000000146e-01 3.060229999999999895e-01
4.604190000000000227e-01 -8.421499999999999819e-02
6.447910000000000030e-01 -1.553779999999999883e-01
5.032750000000000279e-01 5.546899999999999747e-02
6.455469999999999819e-01 3.814549999999999885e-01
8.504239999999999577e-01 1.842699999999999894e-01
6.728349999999999609e-01 2.200580000000000036e-01
5.650380000000000402e-01 2.352259999999999907e-01
5.538300000000000445e-01 2.761799999999999811e-01
5.445449999999999458e-01 4.263000000000000296e-03
6.551759999999999806e-01 3.848499999999999838e-02
6.877980000000000205e-01 -8.905000000000000415e-02
1.513750000000000095e-01 -4.820100000000000079e-02
5.747870000000000479e-01 9.223599999999999854e-02
4.232090000000000019e-01 1.801609999999999878e-01
5.593029999999999946e-01 -5.318699999999999817e-02
-6.451679999999999637e-01 1.978030000000000066e-01
5.652329999999999854e-01 -2.217299999999999827e-02
6.795200000000000129e-01 -5.398000000000000020e-02
6.039489999999999581e-01 3.989899999999999697e-02
4.702709999999999946e-01 2.366739999999999955e-01
5.014079999999999648e-01 5.196070000000000411e-01
3.099259999999999793e-01 7.131500000000000339e-02
7.311769999999999659e-01 -4.574099999999999694e-02
6.293279999999999985e-01 3.126799999999999718e-02
5.714120000000000310e-01 1.853059999999999985e-01
6.038769999999999971e-01 2.406240000000000046e-01
5.321390000000000287e-01 5.988700000000000273e-02
4.611080000000000179e-01 -5.453399999999999914e-02
5.385440000000000227e-01 2.799700000000000105e-02
6.746940000000000159e-01 5.354000000000000252e-03
5.797250000000000458e-01 1.915610000000000090e-01
5.408950000000000147e-01 1.876539999999999875e-01
3.832479999999999776e-01 8.371999999999999234e-03
5.540589999999999682e-01 1.514099999999999890e-01
6.421010000000000328e-01 7.602499999999999536e-02
6.029619999999999980e-01 2.720399999999999902e-02
2.561979999999999813e-01 2.356640000000000124e-01
6.926139999999999519e-01 -1.733480000000000021e-01
5.206199999999999717e-01 1.584319999999999895e-01
5.801939999999999875e-01 1.120479999999999948e-01
6.814249999999999474e-01 -1.232830000000000037e-01
7.503910000000000302e-01 9.580800000000000427e-02
7.087949999999999529e-01 -4.567899999999999738e-02
-7.125970000000000359e-01 7.767000000000000293e-02
6.011189999999999589e-01 1.164800000000000002e-01
5.262959999999999861e-01 6.233999999999999958e-02
6.638920000000000377e-01 -3.641899999999999998e-02
3.590869999999999895e-01 1.996479999999999921e-01
7.276610000000000023e-01 1.302770000000000039e-01
5.537159999999999860e-01 4.741200000000000275e-02
5.579260000000000330e-01 2.934499999999999886e-01
4.603490000000000082e-01 4.193800000000000305e-02
6.545689999999999564e-01 -4.592600000000000154e-02
-1.952929999999999944e-01 5.568000000000000033e-02
8.691500000000000614e-02 2.367479999999999862e-01
-5.527020000000000266e-01 2.126129999999999964e-01
3.063569999999999904e-01 9.515999999999999459e-02
4.289290000000000047e-01 3.183719999999999883e-01
5.559479999999999977e-01 1.441040000000000099e-01
6.685149999999999704e-01 3.909099999999999797e-01
4.272569999999999979e-01 -6.915399999999999325e-02
5.593879999999999963e-01 1.245079999999999937e-01
5.691950000000000065e-01 -1.112790000000000029e-01
5.600600000000000023e-01 1.213680000000000037e-01
5.096629999999999772e-01 2.291269999999999973e-01
5.905920000000000059e-01 1.535009999999999986e-01
5.961649999999999450e-01 1.079299999999999982e-01
2.937999999999999987e-02 2.546709999999999807e-01
6.680230000000000334e-01 8.594400000000000650e-02
7.807650000000000423e-01 -1.178550000000000014e-01
4.208459999999999979e-01 1.191220000000000057e-01
7.311729999999999619e-01 -1.590300000000000047e-02
6.392069999999999697e-01 3.258679999999999910e-01
4.070429999999999882e-01 1.681429999999999869e-01
6.090929999999999955e-01 1.822110000000000118e-01
5.543879999999999919e-01 1.626990000000000103e-01
4.955479999999999885e-01 2.584989999999999788e-01
4.812400000000000011e-01 2.487850000000000061e-01
4.301189999999999736e-01 1.129409999999999997e-01
6.840690000000000381e-01 -1.766189999999999982e-01
6.088590000000000391e-01 1.478230000000000099e-01
7.163890000000000535e-01 -1.255300000000000027e-01
-5.967130000000000489e-01 5.025500000000000106e-02
6.907550000000000079e-01 1.705430000000000001e-01
4.053450000000000109e-01 5.612600000000000228e-02
5.603660000000000307e-01 2.852919999999999900e-01
-8.745899999999999508e-02 2.164649999999999908e-01
6.784299999999999775e-01 1.609760000000000080e-01
7.117099999999999538e-01 5.258800000000000280e-02
6.808929999999999705e-01 2.881420000000000092e-01
-1.156790000000000040e-01 2.744219999999999993e-01
6.544349999999999890e-01 -1.241010000000000030e-01
7.113359999999999683e-01 2.828100000000000058e-02
6.370310000000000139e-01 5.718700000000000172e-02
2.787430000000000185e-01 4.069300000000000000e-02
6.710800000000000098e-01 6.735099999999999421e-02
5.689359999999999973e-01 1.548899999999999930e-02
3.460500000000000242e-01 3.115879999999999761e-01
3.327010000000000245e-01 -1.259740000000000026e-01
6.371780000000000221e-01 2.433579999999999910e-01
3.867490000000000094e-01 2.205070000000000086e-01
5.227300000000000280e-01 9.694700000000000539e-02
6.258019999999999694e-01 1.792699999999999849e-02
5.352350000000000163e-01 2.768209999999999837e-01
4.661819999999999853e-01 1.518390000000000017e-01
6.586229999999999585e-01 -5.675000000000000183e-02
5.566699999999999982e-01 4.192499999999999699e-02
2.704320000000000057e-01 4.186199999999999921e-01
5.371420000000000083e-01 3.301000000000000115e-03
4.010000000000000231e-01 -1.147740000000000010e-01
5.010700000000000154e-01 3.309830000000000272e-01
5.761239999999999695e-01 -4.624999999999999771e-03
5.508370000000000211e-01 1.500779999999999892e-01
5.765259999999999829e-01 1.025569999999999954e-01
5.500369999999999981e-01 -3.538100000000000273e-02
4.985289999999999999e-01 -7.247099999999999376e-02
3.807110000000000216e-01 1.075500000000000067e-02
4.023419999999999774e-01 1.586009999999999920e-01
4.755039999999999822e-01 -2.438140000000000029e-01
4.412449999999999983e-01 5.650399999999999867e-02
6.378759999999999986e-01 1.968389999999999862e-01
4.170840000000000103e-01 2.933999999999999976e-03
5.386670000000000069e-01 8.488300000000000012e-02
5.576349999999999918e-01 -3.168800000000000089e-02
4.618309999999999915e-01 1.293229999999999935e-01
2.810449999999999893e-01 2.178630000000000011e-01
5.220139999999999780e-01 6.382999999999999785e-02
7.166569999999999885e-01 -4.768000000000000016e-02
6.235000000000000542e-01 1.308189999999999908e-01
8.038969999999999727e-01 2.892799999999999885e-02
4.228790000000000049e-01 1.539760000000000018e-01
4.553789999999999782e-01 -1.358930000000000138e-01
6.046890000000000320e-01 4.152600000000000041e-02
5.566330000000000444e-01 1.724940000000000084e-01
4.383770000000000167e-01 2.319980000000000098e-01
1.644450000000000078e-01 2.969160000000000132e-01
6.504309999999999814e-01 1.294109999999999983e-01
4.825479999999999769e-01 8.108799999999999342e-02
6.994310000000000249e-01 -5.497900000000000009e-02
5.735649999999999915e-01 8.533499999999999419e-02
3.929110000000000102e-01 1.387839999999999907e-01
5.947729999999999961e-01 6.665000000000000091e-02
7.271020000000000261e-01 -3.318299999999999722e-02
4.556950000000000167e-01 8.783100000000000629e-02
5.292360000000000397e-01 1.897959999999999925e-01
6.019959999999999756e-01 1.020029999999999964e-01
6.926290000000000502e-01 -3.540599999999999997e-02
2.809630000000000183e-01 1.004860000000000059e-01
4.736909999999999732e-01 1.006940000000000057e-01
5.705019999999999536e-01 2.271150000000000113e-01
5.135220000000000340e-01 -1.240000000000000054e-04
2.560359999999999858e-01 2.630160000000000275e-01
8.129910000000000192e-01 5.572599999999999776e-02
6.148430000000000284e-01 1.006090000000000040e-01
5.203940000000000232e-01 2.738519999999999843e-01
5.859760000000000524e-01 1.384450000000000125e-01
3.541980000000000128e-01 -2.797300000000000134e-02
6.316110000000000335e-01 3.148400000000000087e-01
5.008569999999999967e-01 -5.455999999999999912e-03
5.798590000000000133e-01 2.193259999999999932e-01
5.357380000000000475e-01 -1.174099999999999970e-02
4.134300000000000197e-01 5.442500000000000115e-02
5.479410000000000114e-01 8.753400000000000070e-02
5.374459999999999793e-01 1.154379999999999989e-01
5.551679999999999948e-01 7.985499999999999543e-02
5.229120000000000434e-01 1.864359999999999906e-01
4.108379999999999810e-01 1.528809999999999891e-01
5.471479999999999677e-01 9.364899999999999614e-02
4.955089999999999772e-01 1.425089999999999968e-01
5.422820000000000418e-01 6.006500000000000034e-02
5.114880000000000537e-01 6.375400000000000511e-02
8.254550000000000498e-01 2.390809999999999880e-01
4.314239999999999742e-01 1.377599999999999936e-01
6.864460000000000006e-01 -8.873499999999999444e-02
6.640340000000000131e-01 5.737799999999999845e-02
6.822880000000000056e-01 4.025999999999999718e-02
2.017069999999999974e-01 1.733329999999999871e-01
5.592190000000000216e-01 1.098940000000000056e-01
5.897620000000000084e-01 1.606619999999999993e-01
5.336009999999999920e-01 2.461000000000000080e-03
6.357969999999999455e-01 3.927189999999999848e-01
7.650789999999999536e-01 -5.591700000000000143e-02
4.284479999999999955e-01 -1.143259999999999971e-01
5.943190000000000417e-01 5.936600000000000210e-02
4.576160000000000228e-01 2.695119999999999738e-01
6.354589999999999961e-01 -6.392599999999999671e-02
7.518869999999999720e-01 1.496649999999999925e-01
6.450380000000000003e-01 5.753799999999999887e-02
5.295940000000000092e-01 -7.701999999999999645e-03
6.515619999999999745e-01 3.622399999999999926e-02
4.933930000000000260e-01 -6.521599999999999620e-02
4.144740000000000091e-01 3.010470000000000090e-01
5.931210000000000093e-01 1.726689999999999892e-01
7.815100000000000380e-01 -3.338599999999999901e-02
4.893529999999999824e-01 2.371089999999999864e-01
6.366749999999999909e-01 -1.182229999999999948e-01
2.810869999999999758e-01 2.778059999999999974e-01
5.486990000000000478e-01 -4.902000000000000107e-03
5.744000000000000217e-01 2.142179999999999918e-01
4.451519999999999921e-01 3.062000000000000052e-03
5.533489999999999798e-01 1.103999999999999981e-01
7.386749999999999705e-01 2.759710000000000218e-01
5.242219999999999658e-01 8.196299999999999419e-02
5.254109999999999614e-01 3.382629999999999804e-01
4.854539999999999966e-01 9.585699999999999776e-02
4.380120000000000124e-01 4.432579999999999854e-01
6.229230000000000045e-01 -2.286200000000000038e-02
6.416800000000000281e-01 5.602900000000000241e-02
4.305309999999999970e-01 2.013689999999999924e-01
5.138470000000000537e-01 1.102469999999999978e-01
4.195949999999999958e-01 1.264419999999999988e-01
6.446429999999999660e-01 9.947300000000000586e-02
5.546499999999999764e-01 -1.094230000000000064e-01
6.830519999999999925e-01 -1.801099999999999923e-02
4.964770000000000016e-01 -2.058800000000000074e-01
6.833540000000000170e-01 8.260900000000000187e-02
5.304400000000000226e-01 1.527390000000000136e-01
6.703170000000000517e-01 -4.118700000000000139e-02
5.708290000000000308e-01 3.043480000000000074e-01
6.685649999999999649e-01 2.201569999999999916e-01
6.896609999999999685e-01 -3.714800000000000046e-02
7.280609999999999582e-01 3.137110000000000176e-01
6.755290000000000461e-01 8.705499999999999350e-02
6.959189999999999543e-01 -4.375799999999999829e-02
6.676440000000000152e-01 3.511969999999999814e-01
5.896329999999999627e-01 1.317919999999999925e-01
5.098970000000000447e-01 -4.429000000000000298e-02
5.896000000000000130e-01 9.088200000000000445e-02
7.324289999999999967e-01 2.406999999999999973e-01
5.223919999999999675e-01 2.264549999999999896e-01
5.151099999999999568e-01 6.204599999999999699e-02
7.769890000000000407e-01 -9.181999999999999190e-03
7.062030000000000252e-01 9.084000000000000408e-02
7.442199999999999926e-01 5.935000000000000171e-03
5.223069999999999657e-01 1.086280000000000023e-01
3.855489999999999751e-01 3.764620000000000188e-01
5.271479999999999499e-01 -6.464100000000000401e-02
6.495910000000000295e-01 2.488839999999999941e-01
5.428709999999999924e-01 1.481609999999999872e-01
4.855410000000000004e-01 1.430960000000000010e-01
5.522179999999999866e-01 1.841639999999999944e-01
4.520879999999999899e-01 2.221480000000000121e-01
6.175310000000000521e-01 2.328069999999999862e-01
5.982560000000000100e-01 2.545479999999999965e-01
5.204870000000000330e-01 1.771580000000000099e-01
2.922770000000000090e-01 3.748420000000000085e-01
6.166740000000000554e-01 -8.570000000000000144e-04
6.658330000000000082e-01 -1.108210000000000028e-01
5.104400000000000048e-01 5.556099999999999928e-02
7.069429999999999881e-01 9.819200000000000150e-02
6.216599999999999904e-01 6.532399999999999318e-02
6.538119999999999488e-01 2.079070000000000085e-01
6.414779999999999927e-01 2.251360000000000028e-01
6.577790000000000026e-01 7.314000000000000189e-03
5.408659999999999579e-01 7.391300000000000647e-02
5.028019999999999712e-01 1.114539999999999975e-01
2.245330000000000104e-01 1.745499999999999829e-02
6.241649999999999698e-01 -1.147070000000000034e-01
6.783040000000000180e-01 -2.215200000000000155e-02
4.482149999999999745e-01 -1.047999999999999973e-02
6.355469999999999731e-01 2.199840000000000129e-01
7.381990000000000496e-01 1.412599999999999967e-02
5.233109999999999706e-01 -5.303900000000000281e-02
5.570500000000000451e-01 1.232789999999999997e-01
7.312689999999999468e-01 1.088680000000000064e-01
6.916660000000000030e-01 2.459949999999999914e-01
5.054680000000000284e-01 -8.515799999999999759e-02
5.969139999999999446e-01 1.954190000000000094e-01
5.617280000000000051e-01 -2.466700000000000143e-02
4.209410000000000096e-01 -1.996399999999999911e-02
5.781899999999999817e-01 -5.028599999999999737e-02
4.854550000000000254e-01 -2.356320000000000081e-01
4.816860000000000031e-01 9.675799999999999679e-02
4.672850000000000059e-01 -9.431999999999999412e-03
4.166429999999999856e-01 2.578070000000000084e-01
5.855839999999999934e-01 3.316259999999999764e-01
6.501649999999999929e-01 -4.179299999999999682e-02
5.571749999999999758e-01 1.178990000000000038e-01
6.477600000000000025e-01 2.245999999999999941e-01
6.209459999999999980e-01 -1.087699999999999952e-02
5.571120000000000516e-01 -2.475999999999999902e-03
7.047639999999999461e-01 3.198699999999999877e-01
3.780479999999999952e-01 1.709170000000000134e-01
5.420390000000000486e-01 7.974000000000000532e-02
6.894930000000000225e-01 -1.141200000000000027e-02
5.972509999999999764e-01 2.004289999999999961e-01
4.961829999999999852e-01 2.417880000000000029e-01
5.896620000000000195e-01 2.100619999999999987e-01
4.004449999999999954e-01 -9.203500000000000569e-02
4.377480000000000260e-01 2.110160000000000091e-01
6.563639999999999475e-01 2.434209999999999985e-01
5.526860000000000106e-01 8.041099999999999637e-02
6.242609999999999548e-01 1.986199999999999910e-01
7.315810000000000368e-01 1.428919999999999912e-01
4.648550000000000182e-01 1.890759999999999941e-01
6.093939999999999912e-01 1.622010000000000118e-01
6.129940000000000389e-01 9.535599999999999632e-02
6.195640000000000036e-01 1.506020000000000136e-01
6.982390000000000541e-01 -9.989699999999999969e-02
6.059499999999999886e-01 2.422259999999999969e-01
6.338110000000000133e-01 -7.250999999999999633e-03
5.773930000000000451e-01 1.430220000000000102e-01
6.138780000000000348e-01 2.247240000000000071e-01
5.522150000000000114e-01 -2.596499999999999850e-02
5.566010000000000124e-01 2.339519999999999933e-01
5.842709999999999848e-01 1.105850000000000027e-01
4.258600000000000163e-01 3.507080000000000197e-01
5.462380000000000013e-01 -7.268700000000000161e-02
4.813270000000000048e-01 1.693050000000000110e-01
5.511329999999999840e-01 1.763270000000000115e-01
4.960450000000000137e-01 2.547039999999999860e-01
5.679049999999999931e-01 2.372599999999999987e-01
7.376909999999999856e-01 1.555600000000000038e-02
5.359329999999999927e-01 5.102000000000000285e-02
6.839030000000000387e-01 1.302850000000000119e-01
5.105640000000000178e-01 2.193370000000000042e-01
5.643489999999999895e-01 -9.629500000000000559e-02
5.465259999999999563e-01 1.028059999999999946e-01
3.443060000000000009e-01 2.369630000000000070e-01
4.980939999999999812e-01 3.416000000000000286e-02
6.199379999999999891e-01 2.171520000000000117e-01
7.256010000000000515e-01 1.622309999999999863e-01
6.364560000000000217e-01 2.625649999999999928e-01
5.256060000000000176e-01 1.615630000000000122e-01
5.973429999999999573e-01 1.276239999999999875e-01
6.217570000000000041e-01 2.225870000000000071e-01
4.201369999999999827e-01 2.584679999999999755e-01
4.798970000000000180e-01 2.104239999999999999e-01
6.990279999999999827e-01 -1.199500000000000045e-02
5.021780000000000133e-01 9.155199999999999450e-02
6.704890000000000017e-01 1.630320000000000102e-01
6.202649999999999553e-01 2.415300000000000086e-02
6.648950000000000138e-01 2.155569999999999986e-01
5.376980000000000093e-01 -3.582599999999999674e-02
6.493499999999999828e-01 1.864919999999999911e-01
5.691979999999999817e-01 2.447060000000000068e-01
6.723799999999999777e-01 -1.009929999999999994e-01
6.921640000000000015e-01 7.699799999999999700e-02
6.033819999999999739e-01 8.023900000000000476e-02
7.549970000000000292e-01 6.044700000000000073e-02
5.778739999999999988e-01 3.491859999999999964e-01
6.114439999999999875e-01 3.153830000000000244e-01
5.534540000000000015e-01 1.383770000000000000e-01
6.848419999999999508e-01 -2.869199999999999875e-02
5.458070000000000421e-01 5.359699999999999881e-02
6.979499999999999593e-01 2.342229999999999868e-01
4.684929999999999928e-01 1.446790000000000020e-01
4.405499999999999972e-01 2.523050000000000015e-01
6.144460000000000477e-01 1.056150000000000005e-01
3.705470000000000153e-01 8.956500000000000572e-02
5.822720000000000118e-01 1.393590000000000106e-01
5.956569999999999920e-01 3.484920000000000240e-01
2.636800000000000255e-01 3.155180000000000207e-01
4.886269999999999780e-01 2.131669999999999954e-01
5.212560000000000526e-01 2.047740000000000116e-01
2.927179999999999782e-01 1.971670000000000089e-01
5.707229999999999803e-01 1.524580000000000102e-01
5.378859999999999753e-01 7.193499999999999894e-02
3.895370000000000221e-01 1.116469999999999962e-01
6.095450000000000035e-01 8.647100000000000619e-02
4.823560000000000070e-01 9.625400000000000622e-02
6.574309999999999876e-01 -3.047700000000000062e-02
4.498619999999999841e-01 4.555900000000000227e-02
3.685120000000000062e-01 -2.579400000000000026e-01
4.434480000000000088e-01 3.224719999999999809e-01
2.674070000000000058e-01 2.067190000000000139e-01
5.228909999999999947e-01 1.058029999999999943e-01
5.291010000000000435e-01 1.818200000000000024e-02
7.085280000000000467e-01 5.021500000000000269e-02
5.750969999999999693e-01 9.201700000000000157e-02
6.936409999999999521e-01 1.542910000000000115e-01
5.667579999999999840e-01 1.098360000000000031e-01
5.210930000000000284e-01 1.289170000000000038e-01
6.199890000000000123e-01 -1.511499999999999996e-02
6.026669999999999527e-01 1.078390000000000043e-01
5.500720000000000054e-01 1.478750000000000064e-01
2.444570000000000076e-01 3.904150000000000120e-01
6.028550000000000297e-01 -9.183900000000000396e-02
4.320979999999999821e-01 1.613620000000000054e-01
5.480260000000000131e-01 1.553000000000000040e-02
6.673249999999999460e-01 1.081669999999999993e-01
5.760910000000000197e-01 6.560699999999999865e-02
5.879560000000000342e-01 7.654400000000000093e-02
4.101890000000000258e-01 -1.570110000000000117e-01
6.538169999999999815e-01 1.779940000000000133e-01
7.448190000000000088e-01 -2.938999999999999946e-02
4.368699999999999806e-01 4.362999999999999691e-03
6.419430000000000414e-01 5.751300000000000162e-02
4.711330000000000240e-01 -7.491100000000000536e-02
5.526290000000000369e-01 1.051480000000000053e-01
6.421259999999999746e-01 8.032400000000000651e-02
2.315419999999999978e-01 -5.995400000000000035e-02
4.519460000000000144e-01 1.296350000000000002e-01
4.000110000000000054e-01 1.389400000000000079e-01
5.346360000000000001e-01 2.132249999999999979e-01
5.225649999999999462e-01 2.369179999999999897e-01
2.777629999999999821e-01 1.822469999999999923e-01
5.148610000000000131e-01 4.689600000000000019e-02
5.506529999999999481e-01 8.726000000000000423e-02
6.063640000000000141e-01 2.311499999999999944e-01
4.805180000000000007e-01 8.076899999999999358e-02
4.160929999999999906e-01 2.542429999999999968e-01
3.049839999999999773e-01 2.083029999999999882e-01
4.482039999999999913e-01 2.302329999999999932e-01
4.091770000000000129e-01 8.630400000000000571e-02
3.433379999999999765e-01 3.088449999999999807e-01
6.072220000000000395e-01 2.667780000000000151e-01
5.620119999999999560e-01 7.160400000000000098e-02
4.098879999999999746e-01 4.840900000000000064e-02
3.938949999999999951e-01 1.183550000000000019e-01
3.650300000000000211e-01 1.032600000000000046e-01
4.784570000000000212e-01 1.143570000000000003e-01
3.704689999999999928e-01 2.666919999999999846e-01
5.801380000000000425e-01 3.007960000000000078e-01
3.150589999999999780e-01 2.391810000000000047e-01
5.392869999999999608e-01 1.025719999999999965e-01
5.865599999999999703e-01 1.477000000000000014e-03
5.897989999999999622e-01 5.606900000000000078e-02
5.053879999999999484e-01 1.210829999999999962e-01
6.063979999999999926e-01 1.347250000000000114e-01
5.690910000000000135e-01 2.262720000000000009e-01
5.160519999999999552e-01 1.442060000000000008e-01
4.775530000000000053e-01 3.055350000000000010e-01
6.545140000000000402e-01 7.320599999999999330e-02
6.824320000000000386e-01 2.428000000000000037e-03
6.113469999999999738e-01 2.018330000000000124e-01
4.377739999999999965e-01 3.590100000000000235e-02
4.759499999999999842e-01 3.150399999999999867e-01
4.949020000000000086e-01 1.918090000000000073e-01
3.111070000000000224e-01 2.634989999999999832e-01
3.955319999999999947e-01 1.619379999999999986e-01
5.502420000000000089e-01 6.795900000000000551e-02
3.796999999999999820e-01 2.149780000000000024e-01
6.522149999999999892e-01 -2.984600000000000100e-02
4.756050000000000000e-01 2.017269999999999897e-01
6.866149999999999753e-01 2.270210000000000006e-01
3.317209999999999881e-01 3.602400000000000047e-02
4.472140000000000004e-01 1.455690000000000039e-01
3.896279999999999744e-01 1.168959999999999999e-01
4.470330000000000137e-01 2.503400000000000070e-01
6.006869999999999710e-01 2.583880000000000066e-01
6.425400000000000000e-01 1.480049999999999977e-01
5.811269999999999492e-01 1.856319999999999915e-01
4.502700000000000036e-01 1.657190000000000052e-01
4.681449999999999778e-01 2.012919999999999987e-01
7.347010000000000485e-01 7.903999999999999568e-03
6.907759999999999456e-01 1.808539999999999870e-01
3.650800000000000156e-01 2.330210000000000059e-01
5.742260000000000142e-01 2.413440000000000030e-01
5.431829999999999714e-01 1.479550000000000032e-01
7.424150000000000471e-01 1.282250000000000056e-01
4.553320000000000145e-01 3.897400000000000170e-02
6.167080000000000339e-01 2.157500000000000043e-02
4.208200000000000274e-01 1.135779999999999984e-01
4.884109999999999840e-01 1.385039999999999882e-01
6.098700000000000232e-01 7.512299999999999534e-02
4.988429999999999809e-01 -9.270000000000000462e-03
5.490030000000000188e-01 2.176430000000000031e-01
2.149810000000000054e-01 2.240699999999999983e-02
4.589790000000000258e-01 -7.302500000000000657e-02
4.746130000000000071e-01 -1.978099999999999997e-02
5.224739999999999940e-01 -1.539399999999999970e-02
3.860009999999999830e-01 2.368800000000000072e-02
3.530730000000000257e-01 -1.890999999999999973e-02
4.625659999999999772e-01 6.190000000000000190e-03
5.439249999999999918e-01 9.600000000000000200e-02
5.725099999999999634e-01 1.966410000000000102e-01
5.167890000000000539e-01 -1.078459999999999974e-01
4.390749999999999931e-01 1.154459999999999931e-01
5.017660000000000453e-01 -1.879029999999999867e-01
5.692949999999999955e-01 1.547989999999999922e-01
4.319549999999999779e-01 -4.725200000000000233e-02
4.244109999999999827e-01 7.444699999999999929e-02
5.526750000000000274e-01 -3.089400000000000132e-02
5.005199999999999649e-01 1.256670000000000009e-01
4.915370000000000017e-01 9.174499999999999322e-02
5.883580000000000476e-01 9.026099999999999401e-02
4.905180000000000096e-01 3.393030000000000213e-01
5.082520000000000371e-01 2.370819999999999872e-01
5.448880000000000390e-01 1.245020000000000016e-01
5.316980000000000040e-01 2.507599999999999829e-01
5.455609999999999626e-01 -8.439699999999999980e-02
6.827969999999999873e-01 1.862700000000000120e-02
5.827849999999999975e-01 2.267830000000000124e-01
5.346899999999999986e-01 1.840140000000000109e-01
4.903509999999999813e-01 3.639400000000000274e-02
5.471359999999999557e-01 1.280920000000000114e-01
5.947160000000000224e-01 1.422460000000000113e-01
4.271969999999999934e-01 -7.820799999999999974e-02
5.098899999999999544e-01 1.001549999999999940e-01
6.054850000000000509e-01 2.420980000000000076e-01
6.149019999999999486e-01 1.764830000000000010e-01
5.373510000000000231e-01 9.823700000000000487e-02
4.528909999999999880e-01 1.588819999999999955e-01
4.244399999999999840e-01 9.161999999999999311e-02
7.274260000000000170e-01 -2.115099999999999966e-02
4.341789999999999816e-01 1.259079999999999921e-01
5.987919999999999909e-01 1.483990000000000031e-01
3.822519999999999807e-01 2.817850000000000077e-01
7.475530000000000230e-01 1.459550000000000014e-01
5.712880000000000180e-01 8.967200000000000171e-02
3.895330000000000181e-01 6.254099999999999937e-02
3.559269999999999934e-01 7.411199999999999732e-02
6.877100000000000435e-01 7.016200000000000214e-02
4.636890000000000178e-01 1.450200000000000100e-01
4.611199999999999743e-01 1.834799999999999973e-02
4.556870000000000087e-01 4.261800000000000310e-02
6.667110000000000536e-01 1.941549999999999943e-01
4.024130000000000207e-01 1.296619999999999995e-01
5.788069999999999604e-01 7.327100000000000279e-02
5.081630000000000313e-01 -3.635700000000000043e-02
6.082100000000000284e-01 1.380250000000000088e-01
5.314529999999999532e-01 -4.637899999999999662e-02
6.548089999999999744e-01 6.120199999999999946e-02
6.992359999999999687e-01 1.797020000000000006e-01
4.537349999999999994e-01 2.249299999999999911e-02
6.357019999999999893e-01 1.886549999999999894e-01
5.193719999999999448e-01 1.525620000000000032e-01
5.827090000000000325e-01 1.850660000000000083e-01
5.457840000000000469e-01 -1.003870000000000040e-01
4.397940000000000182e-01 2.065839999999999899e-01
6.294199999999999795e-01 -6.424000000000000543e-02
4.818649999999999878e-01 1.297200000000000020e-01
5.371120000000000339e-01 3.978099999999999692e-02
4.004389999999999894e-01 8.941399999999999348e-02
5.481049999999999534e-01 2.658690000000000220e-01
5.689760000000000373e-01 -2.044400000000000037e-02
6.385939999999999950e-01 6.123800000000000077e-02
4.948210000000000108e-01 -1.010699999999999932e-01
4.888270000000000115e-01 2.117070000000000063e-01
6.512160000000000171e-01 8.216099999999999792e-02
4.011449999999999738e-01 1.446959999999999913e-01
5.526640000000000441e-01 1.732440000000000091e-01
6.614910000000000512e-01 1.112080000000000013e-01
5.892509999999999692e-01 2.232179999999999997e-01
4.964450000000000252e-01 -3.329800000000000121e-02
4.750369999999999870e-01 2.714809999999999723e-01
5.333269999999999955e-01 3.122179999999999955e-01
5.662120000000000486e-01 1.796999999999999986e-01
4.569250000000000256e-01 1.906390000000000029e-01
4.064280000000000115e-01 5.006220000000000114e-01
5.279779999999999474e-01 1.579599999999999893e-01
4.879700000000000149e-01 2.640310000000000157e-01
5.462789999999999591e-01 8.288399999999999934e-02
3.387959999999999861e-01 1.317909999999999915e-01
3.315190000000000081e-01 -5.362999999999999712e-03
5.353210000000000468e-01 2.631100000000000105e-02
6.185580000000000522e-01 2.451429999999999998e-01
6.506920000000000481e-01 2.289269999999999916e-01
3.947559999999999958e-01 2.654549999999999965e-01
5.073039999999999772e-01 2.602999999999999845e-03
7.828499999999999348e-02 1.308060000000000056e-01
2.100650000000000017e-01 4.243279999999999830e-01
6.046390000000000375e-01 2.797799999999999732e-01
4.658939999999999748e-01 3.519479999999999831e-01
4.376189999999999802e-01 1.301980000000000082e-01
4.471180000000000154e-01 2.685699999999999893e-02
4.372019999999999795e-01 3.019249999999999989e-01
4.334930000000000172e-01 1.057879999999999932e-01
4.663649999999999740e-01 -7.788499999999999590e-02
5.411120000000000374e-01 2.812709999999999932e-01
4.941389999999999949e-01 5.940399999999999847e-02
6.138759999999999772e-01 -2.866099999999999898e-02
5.587630000000000097e-01 5.539600000000000080e-02
3.161329999999999973e-01 2.242969999999999964e-01
5.745099999999999651e-01 2.860360000000000125e-01
6.112750000000000128e-01 7.975599999999999357e-02
4.538340000000000152e-01 1.437309999999999977e-01
5.131790000000000518e-01 -4.479600000000000248e-02
6.935489999999999711e-01 2.109850000000000059e-01
5.748550000000000049e-01 3.286259999999999737e-01
5.334780000000000078e-01 6.610000000000000597e-02
6.104840000000000266e-01 2.101840000000000097e-01
5.448250000000000037e-01 1.135779999999999984e-01
6.588880000000000292e-01 1.653800000000000062e-02
5.254820000000000046e-01 -8.167000000000000648e-03
6.309489999999999821e-01 -6.263999999999999603e-03
6.855569999999999720e-01 1.425649999999999973e-01
5.737539999999999862e-01 1.067889999999999950e-01
4.678039999999999976e-01 5.852799999999999669e-02
4.570679999999999743e-01 1.412029999999999952e-01
4.843500000000000028e-01 1.241249999999999992e-01
4.942280000000000006e-01 2.784209999999999741e-01
5.258289999999999909e-01 2.232699999999999962e-01
3.999050000000000105e-01 2.625819999999999821e-01
5.859860000000000069e-01 3.012000000000000094e-02
5.109879999999999978e-01 2.912390000000000256e-01
5.946470000000000367e-01 1.143160000000000009e-01
5.867369999999999530e-01 1.086219999999999963e-01
4.636830000000000118e-01 3.155990000000000184e-01
5.397480000000000055e-01 1.705740000000000034e-01
6.708479999999999999e-01 2.221740000000000104e-01
6.496549999999999825e-01 1.658729999999999927e-01
5.250890000000000279e-01 5.684199999999999670e-02
5.480930000000000524e-01 2.185340000000000060e-01
5.372590000000000421e-01 1.609649999999999970e-01
6.080370000000000497e-01 4.366949999999999998e-01
4.954609999999999848e-01 2.690319999999999934e-01
4.629750000000000254e-01 1.844069999999999876e-01
5.941140000000000310e-01 1.612740000000000007e-01
7.330839999999999579e-01 8.319400000000000406e-02
4.433270000000000266e-01 -4.606500000000000178e-02
6.462539999999999951e-01 1.011729999999999990e-01
5.239489999999999981e-01 2.957339999999999969e-01
4.507660000000000000e-01 1.546160000000000034e-01
3.235930000000000195e-01 1.838869999999999949e-01
6.064380000000000326e-01 2.569110000000000005e-01
4.416450000000000098e-01 1.281569999999999931e-01
5.736250000000000515e-01 2.733299999999999966e-02
6.074040000000000550e-01 7.441300000000000692e-02
4.531789999999999985e-01 4.825019999999999865e-01
6.963770000000000238e-01 3.689040000000000097e-01
5.870600000000000263e-01 2.618510000000000004e-01
5.787989999999999524e-01 9.539599999999999469e-02
5.992579999999999574e-01 1.496240000000000070e-01
2.069070000000000076e-01 1.739729999999999888e-01
5.132889999999999953e-01 3.022000000000000033e-02
4.882250000000000201e-01 -1.238910000000000011e-01
5.529399999999999871e-01 1.238279999999999936e-01
7.307649999999999979e-01 2.906219999999999914e-01
5.517429999999999835e-01 4.108599999999999752e-02
5.698220000000000507e-01 1.653669999999999862e-01
7.229579999999999895e-01 -1.670100000000000057e-02
5.863270000000000426e-01 2.541419999999999790e-01
5.243050000000000210e-01 1.048589999999999939e-01
7.056909999999999572e-01 1.000640000000000002e-01
6.770100000000000007e-01 1.077010000000000051e-01
7.226569999999999938e-01 9.112699999999999967e-02
3.608219999999999761e-01 4.725599999999999939e-02
6.860039999999999472e-01 1.640800000000000036e-01
2.377499999999999891e-01 2.889660000000000006e-01
3.537089999999999956e-01 2.147310000000000052e-01
5.063630000000000075e-01 5.278000000000000053e-02
5.676480000000000414e-01 1.471159999999999968e-01
4.187409999999999743e-01 3.131999999999999784e-01
6.562569999999999792e-01 7.761200000000000043e-02
6.337610000000000188e-01 1.706330000000000069e-01
5.168049999999999589e-01 5.492999999999999619e-03
6.600540000000000296e-01 2.696459999999999968e-01
8.200450000000000239e-01 1.280330000000000079e-01
6.354419999999999513e-01 9.865000000000000505e-03
5.063710000000000155e-01 2.433099999999999985e-01
5.451409999999999867e-01 1.087439999999999934e-01
6.019290000000000473e-01 2.697999999999999877e-03
6.736360000000000126e-01 2.809309999999999863e-01
5.504799999999999693e-01 5.727600000000000052e-02
3.841490000000000182e-01 -5.343300000000000133e-02
5.287460000000000493e-01 2.645319999999999894e-01
6.599500000000000366e-01 2.535129999999999884e-01
5.821990000000000220e-01 2.217240000000000044e-01
7.791850000000000165e-01 1.196949999999999958e-01
5.938940000000000330e-01 -3.570899999999999769e-02
4.790860000000000118e-01 1.077130000000000032e-01
4.722779999999999756e-01 1.510170000000000123e-01
5.453400000000000469e-01 -2.541500000000000009e-02
5.720570000000000377e-01 3.504630000000000245e-01
4.605799999999999894e-01 7.925100000000000200e-02
5.767400000000000304e-01 1.390309999999999879e-01
5.462580000000000213e-01 1.075389999999999957e-01
6.282990000000000519e-01 -3.288200000000000151e-02
5.874449999999999950e-01 9.890400000000000580e-02
3.840160000000000240e-01 2.348830000000000084e-01
3.854420000000000068e-01 2.110640000000000016e-01
4.477180000000000049e-01 1.951730000000000131e-01
6.210999999999999854e-01 2.361399999999999888e-01
5.379089999999999705e-01 2.398649999999999949e-01
5.793340000000000156e-01 2.819659999999999944e-01
4.644679999999999920e-01 1.042799999999999977e-01
4.973569999999999935e-01 -6.461699999999999389e-02
7.522109999999999630e-01 2.835199999999999942e-01
6.366199999999999637e-01 8.701200000000000601e-02
5.129010000000000513e-01 2.751029999999999864e-01
5.552979999999999583e-01 1.936859999999999971e-01
4.187919999999999976e-01 -4.267699999999999966e-02
5.662070000000000158e-01 3.207039999999999891e-01
5.379770000000000385e-01 3.435219999999999940e-01
4.306610000000000160e-01 2.652189999999999825e-01
-6.417299999999999394e-02 2.741830000000000100e-01
3.710499999999999909e-01 4.490899999999999753e-02
6.080670000000000242e-01 1.227720000000000061e-01
5.586910000000000487e-01 -6.387700000000000322e-02
6.597739999999999716e-01 1.802850000000000008e-01
5.406849999999999712e-01 -2.047489999999999866e-01
5.749049999999999994e-01 1.431679999999999897e-01
7.513739999999999863e-01 6.716400000000000148e-02
5.355750000000000233e-01 2.920999999999999985e-03
5.551610000000000156e-01 9.440300000000000080e-02
7.213889999999999469e-01 6.422400000000000331e-02
7.018980000000000219e-01 1.982899999999999940e-02
5.168540000000000356e-01 6.548199999999999854e-02
7.547989999999999977e-01 8.473899999999999488e-02
4.893739999999999757e-01 -6.719999999999999628e-04
5.864690000000000181e-01 -1.502900000000000069e-02
4.613260000000000138e-01 2.322609999999999952e-01
6.377059999999999951e-01 6.328200000000000491e-02
7.949650000000000327e-01 8.769000000000000752e-03
4.676310000000000189e-01 2.040579999999999894e-01
3.227110000000000256e-01 2.953290000000000082e-01
6.784700000000000175e-01 9.705099999999999838e-02
6.435060000000000224e-01 6.112999999999999684e-02
7.513600000000000279e-01 4.336999999999999883e-02
6.339660000000000295e-01 3.433610000000000273e-01
5.637429999999999941e-01 -1.330999999999999935e-03
5.447809999999999597e-01 6.514100000000000446e-02
4.566270000000000051e-01 1.119119999999999976e-01
3.915890000000000204e-01 1.195599999999999961e-02
7.213119999999999532e-01 6.794300000000000339e-02
3.922519999999999896e-01 1.534760000000000013e-01
3.862880000000000202e-01 1.968669999999999864e-01
7.037569999999999659e-01 5.242800000000000238e-02
6.169090000000000407e-01 9.539400000000000657e-02
4.153279999999999750e-01 2.154649999999999899e-01
5.647119999999999918e-01 2.902700000000000072e-02
8.261359999999999815e-01 1.106479999999999964e-01
6.595469999999999944e-01 -9.717999999999999208e-03
6.366709999999999869e-01 -1.451540000000000052e-01
4.861420000000000186e-01 1.639390000000000014e-01
5.269329999999999847e-01 7.804099999999999926e-02
5.352459999999999996e-01 -3.863000000000000114e-03
5.103769999999999696e-01 8.627300000000000246e-02
7.212979999999999947e-01 -2.028800000000000048e-02
5.776229999999999976e-01 1.367900000000000019e-02
-4.339120000000000199e-01 2.666740000000000221e-01
-6.925120000000000164e-01 5.373700000000000004e-02
-6.785280000000000200e-01 7.782899999999999541e-02
-3.252470000000000083e-01 -2.658079999999999887e-01
5.461160000000000458e-01 2.365490000000000093e-01
4.680739999999999901e-01 7.173000000000000209e-02
4.302389999999999826e-01 -2.651109999999999856e-01
4.493900000000000117e-01 2.970499999999999877e-02
5.070390000000000175e-01 -2.747000000000000136e-02
6.237810000000000299e-01 -1.062649999999999983e-01
-1.941009999999999958e-01 2.778729999999999811e-01
-4.465410000000000212e-01 4.092500000000000027e-01
5.460949999999999971e-01 -6.446999999999999606e-03
4.046230000000000104e-01 -5.391599999999999865e-02
3.066740000000000022e-01 2.448319999999999941e-01
5.407309999999999617e-01 -3.287899999999999850e-02
6.610570000000000057e-01 4.852999999999999675e-03
5.473360000000000447e-01 1.437450000000000117e-01
6.213750000000000107e-01 -5.604300000000000254e-02
5.485790000000000388e-01 4.902600000000000013e-02
4.563710000000000266e-01 -4.128300000000000025e-02
6.709100000000000064e-01 1.918439999999999868e-01
2.912350000000000216e-01 2.162810000000000010e-01
4.694010000000000127e-01 1.521100000000000056e-02
6.084850000000000536e-01 1.513349999999999973e-01
6.648730000000000473e-01 -2.559870000000000201e-01
6.211360000000000214e-01 1.737730000000000108e-01
4.902360000000000051e-01 1.906090000000000007e-01
6.874460000000000015e-01 -2.792999999999999997e-02
4.053700000000000081e-01 -1.668540000000000023e-01
3.904480000000000173e-01 1.535880000000000023e-01
5.161130000000000440e-01 9.071300000000000197e-02
4.115699999999999914e-01 2.594799999999999884e-01
4.394830000000000125e-01 1.637270000000000114e-01
5.973079999999999501e-01 1.311569999999999958e-01
4.562629999999999741e-01 -1.394160000000000121e-01
5.304010000000000113e-01 7.802199999999999414e-02
3.434360000000000190e-01 4.254000000000000142e-02
5.260390000000000343e-01 6.309199999999999531e-02
4.750260000000000038e-01 1.126469999999999971e-01
4.046589999999999909e-01 9.533200000000000007e-02
5.094049999999999967e-01 -1.896440000000000070e-01
4.440660000000000163e-01 1.113460000000000005e-01
3.773480000000000167e-01 1.926239999999999897e-01
5.740910000000000180e-01 2.033270000000000077e-01
6.613580000000000014e-01 1.056440000000000018e-01
5.163119999999999932e-01 3.002380000000000049e-01
4.541680000000000161e-01 2.475279999999999980e-01
5.489589999999999748e-01 3.993510000000000115e-01
6.854770000000000030e-01 7.281000000000000145e-03
5.042229999999999768e-01 -3.552799999999999708e-02
6.226540000000000408e-01 3.297149999999999803e-01
6.801350000000000451e-01 -6.322000000000000362e-03
5.757919999999999705e-01 -4.967499999999999694e-02
6.746860000000000079e-01 4.603999999999999759e-02
4.545100000000000251e-01 2.824909999999999921e-01
1.643090000000000106e-01 1.883620000000000017e-01
3.521429999999999838e-01 2.274559999999999915e-01
5.447359999999999980e-01 1.998709999999999931e-01
6.006390000000000340e-01 2.550910000000000122e-01
5.233550000000000146e-01 8.962599999999999734e-02
8.026119999999999921e-01 6.573400000000000076e-02
5.440289999999999848e-01 2.891040000000000276e-01
3.193920000000000092e-01 1.539840000000000098e-01
4.873759999999999759e-01 1.275290000000000035e-01
7.133530000000000149e-01 2.591129999999999822e-01
6.430230000000000112e-01 1.633159999999999890e-01
7.165010000000000545e-01 2.879289999999999905e-01
6.125359999999999694e-01 1.445029999999999926e-01
7.241279999999999939e-01 1.910099999999999992e-02
6.031370000000000342e-01 1.562790000000000012e-01
5.973870000000000013e-01 1.807070000000000065e-01
4.045830000000000259e-01 -4.718900000000000178e-02
7.744600000000000373e-01 -1.135140000000000038e-01
7.770070000000000032e-01 -1.120400000000000007e-01
5.554099999999999593e-01 2.753399999999999945e-02
5.715059999999999585e-01 -4.752900000000000180e-02
-6.130710000000000326e-01 1.152200000000000030e-01
6.042990000000000306e-01 5.725700000000000234e-02
4.007569999999999744e-01 7.051899999999999835e-02
6.824099999999999611e-01 1.084109999999999935e-01
7.026459999999999928e-01 1.200569999999999971e-01
5.349070000000000213e-01 3.620500000000000107e-02
3.033819999999999850e-01 2.239599999999999924e-02
6.037909999999999666e-01 2.637689999999999757e-01
2.201960000000000028e-01 1.246700000000000030e-01
3.750490000000000212e-01 3.052340000000000053e-01
5.449549999999999672e-01 9.321500000000000619e-02
6.219700000000000228e-01 -7.063999999999999967e-03
5.733059999999999823e-01 1.898539999999999950e-01
4.233580000000000121e-01 -6.592399999999999649e-02
5.936820000000000430e-01 3.408280000000000198e-01
6.791279999999999539e-01 1.323989999999999889e-01
4.711290000000000200e-01 -4.702800000000000036e-02
7.065669999999999451e-01 1.782390000000000085e-01
5.560859999999999692e-01 1.998439999999999939e-01
6.639410000000000034e-01 8.981999999999999706e-02
4.914819999999999744e-01 -9.709999999999999664e-04
-4.263190000000000035e-01 1.891400000000000026e-01
7.122500000000000497e-01 2.171500000000000097e-01
6.095230000000000370e-01 -1.586390000000000022e-01
5.903869999999999951e-01 7.545699999999999630e-02
4.626029999999999864e-01 1.674489999999999867e-01
6.445579999999999643e-01 -8.881699999999999318e-02
5.470319999999999627e-01 2.045720000000000038e-01
6.256049999999999667e-01 2.136720000000000008e-01
4.848569999999999824e-01 6.118000000000000174e-03
5.826780000000000292e-01 2.984410000000000118e-01
4.469929999999999737e-01 3.457140000000000213e-01
6.364450000000000385e-01 1.894969999999999988e-01
8.048800000000000399e-01 8.449099999999999666e-02
4.932739999999999903e-01 2.644750000000000156e-01
6.774219999999999686e-01 -1.142600000000000005e-01
6.596779999999999866e-01 7.141599999999999338e-02
7.266350000000000309e-01 1.619919999999999971e-01
4.063320000000000265e-01 1.338910000000000100e-01
5.145159999999999734e-01 1.124639999999999945e-01
4.974250000000000060e-01 4.377299999999999941e-02
5.381949999999999790e-01 1.126280000000000059e-01
6.751669999999999616e-01 -3.010099999999999928e-02
5.061080000000000023e-01 3.128529999999999922e-01
4.598860000000000170e-01 2.674989999999999868e-01
7.045909999999999673e-01 2.244450000000000056e-01
7.398479999999999501e-01 1.199159999999999948e-01
5.165469999999999784e-01 5.229700000000000321e-02
4.831829999999999736e-01 2.611580000000000013e-01
3.611280000000000046e-01 2.173509999999999887e-01
5.987379999999999924e-01 1.082810000000000022e-01
5.899790000000000312e-01 -1.338100000000000053e-02
6.073359999999999870e-01 1.009779999999999983e-01
4.734689999999999732e-01 1.336309999999999998e-01
6.565980000000000150e-01 4.590600000000000236e-02
4.170800000000000063e-01 9.263499999999999512e-02
7.589470000000000383e-01 1.071919999999999956e-01
6.694350000000000023e-01 -3.018900000000000056e-02
5.489659999999999540e-01 8.064899999999999847e-02
4.906619999999999870e-01 1.843760000000000121e-01
5.896080000000000210e-01 1.054260000000000058e-01
4.315189999999999859e-01 2.026060000000000083e-01
6.895219999999999683e-01 1.145390000000000019e-01
4.170139999999999958e-01 -1.884500000000000064e-01
5.810720000000000329e-01 6.121599999999999958e-02
6.331959999999999811e-01 -1.191480000000000039e-01
6.694029999999999703e-01 1.617939999999999934e-01
4.610690000000000066e-01 1.012599999999999958e-02
6.343550000000000022e-01 1.367259999999999864e-01
3.620570000000000177e-01 -1.473609999999999920e-01
4.148200000000000220e-01 -7.525400000000000145e-02
4.898100000000000231e-01 2.246660000000000046e-01
3.719149999999999956e-01 1.014160000000000061e-01
5.291979999999999462e-01 1.741010000000000058e-01
5.372670000000000501e-01 2.778220000000000134e-01
4.384540000000000104e-01 1.545499999999999929e-01
7.161119999999999708e-01 3.359499999999999986e-02
5.851239999999999775e-01 9.754999999999999782e-03
4.368259999999999921e-01 2.112630000000000063e-01
5.888640000000000541e-01 6.630999999999999395e-02
7.631269999999999998e-01 1.456999999999999962e-02
6.854379999999999917e-01 8.486200000000000687e-02
8.419569999999999554e-01 5.633799999999999919e-02
5.408669999999999867e-01 3.940660000000000274e-01
-4.507880000000000220e-01 1.434360000000000079e-01
5.884679999999999911e-01 7.124900000000000677e-02
5.642279999999999518e-01 2.395150000000000057e-01
6.249409999999999688e-01 1.614960000000000007e-01
3.867780000000000107e-01 6.204099999999999893e-02
5.500920000000000254e-01 3.056249999999999800e-01
4.093600000000000017e-01 9.006799999999999529e-02
4.430339999999999834e-01 -5.156700000000000172e-02
5.424619999999999997e-01 3.615369999999999973e-01
4.571819999999999773e-01 2.336670000000000136e-01
3.980980000000000074e-01 1.682600000000000068e-02
6.515170000000000128e-01 -1.597099999999999909e-02
3.934000000000000274e-01 -9.707000000000000350e-03
5.620659999999999545e-01 1.060849999999999987e-01
3.883199999999999985e-01 1.238240000000000035e-01
5.340629999999999544e-01 1.552060000000000106e-01
4.245369999999999977e-01 1.397349999999999981e-01
6.107829999999999648e-01 6.492699999999999860e-02
4.988259999999999916e-01 2.806429999999999758e-01
5.712960000000000260e-01 3.916749999999999954e-01
5.776010000000000311e-01 3.485619999999999830e-01
6.042410000000000281e-01 2.684650000000000092e-01
6.116089999999999582e-01 -9.944300000000000361e-02
6.553390000000000049e-01 1.281009999999999927e-01
3.953329999999999900e-01 1.791310000000000124e-01
5.820039999999999658e-01 1.026600000000000013e-01
4.577729999999999855e-01 1.186389999999999945e-01
-5.894690000000000207e-01 1.482600000000000029e-01
7.035709999999999464e-01 1.631549999999999945e-01
3.356669999999999932e-01 2.477590000000000070e-01
6.029299999999999660e-01 1.544799999999999993e-02
7.653600000000000403e-01 1.718300000000000105e-01
7.757899999999999519e-02 2.086909999999999876e-01
-3.394559999999999800e-01 1.039000000000000062e-01
5.529239999999999711e-01 -2.720999999999999894e-03
-1.761000000000000065e-02 2.530299999999999910e-02
4.386059999999999959e-01 1.254579999999999862e-01
-4.020779999999999910e-01 2.148069999999999979e-01
4.784610000000000252e-01 2.602570000000000161e-01
5.504850000000000021e-01 1.624039999999999928e-01
-6.449009999999999465e-01 8.952300000000000535e-02
7.148259999999999614e-01 2.643300000000000163e-02
6.188010000000000455e-01 1.956189999999999873e-01
2.700299999999999923e-01 1.283430000000000126e-01
6.874789999999999512e-01 9.160999999999999699e-02
4.980559999999999987e-01 -6.157900000000000179e-02
2.949939999999999785e-01 3.667980000000000129e-01
-3.427189999999999959e-01 2.050629999999999953e-01
5.205990000000000339e-01 2.952700000000000116e-02
-6.684250000000000469e-01 1.103800000000000059e-01
4.839860000000000273e-01 1.921559999999999935e-01
2.657880000000000242e-01 -3.579500000000000043e-02
5.510239999999999583e-01 3.896839999999999749e-01
5.090270000000000072e-01 2.272170000000000023e-01
6.592599999999999572e-01 1.468339999999999923e-01
5.212130000000000374e-01 -5.358199999999999769e-02
5.511179999999999968e-01 1.471689999999999943e-01
6.039360000000000284e-01 4.817799999999999860e-02
6.856179999999999497e-01 2.498579999999999968e-01
3.302439999999999820e-01 -1.878399999999999861e-02
4.968730000000000091e-01 2.214909999999999934e-01
5.536879999999999580e-01 3.503749999999999920e-01
6.465870000000000228e-01 1.905890000000000084e-01
5.400040000000000395e-01 3.042409999999999837e-01
6.221560000000000423e-01 2.290969999999999951e-01
3.574010000000000242e-01 1.922780000000000045e-01
-5.821420000000000483e-01 2.116339999999999888e-01
5.257129999999999859e-01 4.271199999999999997e-02
7.077590000000000270e-01 9.551099999999999868e-02
5.057890000000000441e-01 2.437800000000000036e-02
7.808509999999999618e-01 4.020100000000000062e-02
5.731979999999999853e-01 1.211900000000000061e-01
5.528009999999999868e-01 3.720400000000000096e-02
5.057310000000000416e-01 8.585000000000000617e-03
5.252029999999999754e-01 -4.413299999999999862e-02
-1.990349999999999897e-01 4.295700000000000074e-01
-7.303709999999999924e-01 1.991610000000000047e-01
6.353370000000000406e-01 3.493220000000000214e-01
4.962980000000000169e-01 -2.525099999999999914e-02
7.829409999999999981e-01 -1.439900000000000034e-02
5.597180000000000488e-01 -4.738499999999999657e-02
5.207019999999999982e-01 -5.133900000000000269e-02
4.934299999999999797e-01 1.212460000000000065e-01
5.111719999999999597e-01 1.629919999999999980e-01
3.872940000000000271e-01 9.283900000000000485e-02
4.218450000000000255e-01 -1.146059999999999995e-01
6.988149999999999640e-01 1.518000000000000078e-02
5.130730000000000013e-01 2.111040000000000139e-01
4.224959999999999827e-01 2.559279999999999888e-01
6.236639999999999961e-01 5.773799999999999766e-02
4.562089999999999756e-01 1.607649999999999912e-01
3.931549999999999767e-01 1.194999999999999951e-01
5.809079999999999799e-01 2.056209999999999982e-01
4.887310000000000265e-01 1.601599999999999899e-02
6.226129999999999720e-01 9.206599999999999506e-02
4.803910000000000124e-01 3.761419999999999764e-01
-6.288300000000000001e-01 2.144310000000000105e-01
4.076629999999999976e-01 -1.328360000000000096e-01
-4.357469999999999954e-01 1.559499999999999949e-02
3.668719999999999759e-01 1.373109999999999886e-01
6.854219999999999757e-01 8.256499999999999950e-02
6.262039999999999829e-01 1.696979999999999877e-01
4.473349999999999826e-01 2.827779999999999738e-01
7.262499999999999512e-01 7.292999999999999483e-02
-5.453980000000000494e-01 1.352420000000000011e-01
-4.646660000000000235e-01 3.608049999999999868e-01
4.747430000000000261e-01 1.144720000000000043e-01
7.205099999999999838e-01 -2.293800000000000006e-02
4.369790000000000063e-01 -1.657399999999999846e-02
5.793070000000000164e-01 1.166979999999999962e-01
-5.441380000000000106e-01 -1.918499999999999928e-01
-5.453670000000000462e-01 1.745460000000000067e-01
-5.388020000000000032e-01 3.891580000000000039e-01
7.139149999999999663e-01 1.695570000000000133e-01
6.617659999999999654e-01 5.277199999999999946e-02
7.707220000000000182e-01 1.863219999999999876e-01
7.702010000000000245e-01 1.718240000000000045e-01
6.307690000000000241e-01 3.117460000000000231e-01
6.397629999999999706e-01 3.336410000000000209e-01
4.981200000000000072e-01 6.279600000000000459e-02
6.887790000000000301e-01 -1.096399999999999979e-02
7.017900000000000249e-01 1.095769999999999939e-01
-6.139590000000000325e-01 7.274500000000000410e-02
-5.244539999999999758e-01 -1.105669999999999986e-01
6.823510000000000408e-01 8.541200000000000181e-02
7.233300000000000285e-01 -2.594000000000000125e-02
6.834240000000000315e-01 -1.338300000000000045e-01
3.294050000000000034e-01 3.243190000000000239e-01
9.741900000000000559e-02 3.332189999999999874e-01
6.872260000000000035e-01 2.317710000000000048e-01
6.333800000000000541e-01 1.902399999999999924e-01
2.806560000000000166e-01 1.377730000000000066e-01
6.865649999999999809e-01 4.504899999999999877e-02
5.846479999999999455e-01 1.768379999999999952e-01
4.015909999999999758e-01 2.630040000000000155e-01
5.474310000000000009e-01 8.219600000000000517e-02
6.434320000000000039e-01 -1.616380000000000039e-01
4.294529999999999736e-01 8.391600000000000448e-02
2.635379999999999945e-01 1.591500000000000137e-01
4.232119999999999771e-01 2.306199999999999917e-01
6.230850000000000000e-01 3.112139999999999906e-01
6.713379999999999903e-01 1.018170000000000047e-01
5.297880000000000367e-01 3.530829999999999802e-01
7.111269999999999536e-01 2.012889999999999957e-01
6.161609999999999587e-01 1.309929999999999983e-01
5.419829999999999925e-01 9.100400000000000156e-02
3.992649999999999810e-01 7.004999999999999942e-03
6.281020000000000492e-01 3.262410000000000032e-01
4.700440000000000174e-01 3.399070000000000147e-01
6.035599999999999854e-01 2.897200000000000122e-02
4.769450000000000078e-01 6.810099999999999487e-02
5.919590000000000130e-01 9.178200000000000247e-02
6.884439999999999449e-01 -1.511299999999999970e-02
-6.215589999999999726e-01 2.053999999999999836e-03
5.584719999999999684e-01 3.836599999999999733e-02
1.114170000000000021e-01 3.246649999999999814e-01
3.751880000000000215e-01 1.969120000000000037e-01
7.121910000000000185e-01 1.441020000000000079e-01
5.244370000000000420e-01 1.194110000000000033e-01
6.291020000000000501e-01 2.764039999999999830e-01
5.356999999999999540e-01 1.456340000000000134e-01
4.837009999999999921e-01 2.194450000000000012e-01
4.918560000000000154e-01 1.313719999999999888e-01
4.382880000000000109e-01 2.023240000000000038e-01
7.090570000000000483e-01 1.316890000000000005e-01
7.655429999999999735e-01 1.149180000000000063e-01
2.777780000000000249e-01 1.370979999999999976e-01
4.905320000000000236e-01 2.292029999999999901e-01
3.263340000000000130e-01 5.428399999999999892e-02
6.181330000000000435e-01 2.926480000000000192e-01
4.339509999999999756e-01 2.067009999999999958e-01
-5.741049999999999764e-01 -4.799000000000000314e-03
3.338510000000000089e-01 3.830399999999999777e-02
-6.867959999999999621e-01 2.070999999999999924e-03
6.609509999999999552e-01 1.151579999999999965e-01
5.642690000000000206e-01 1.779820000000000013e-01
8.047729999999999606e-01 1.760279999999999900e-01
6.012199999999999767e-01 1.986399999999999971e-02
2.995059999999999945e-01 -3.347800000000000081e-02
6.534929999999999906e-01 4.586500000000000299e-02
6.994690000000000074e-01 3.819600000000000078e-02
2.748260000000000147e-01 1.718929999999999902e-01
7.665110000000000534e-01 2.011320000000000052e-01
3.749580000000000135e-01 2.284650000000000014e-01
7.490059999999999496e-01 3.616799999999999876e-02
4.514090000000000047e-01 4.950199999999999739e-02
4.836679999999999868e-01 3.577600000000000224e-02
5.521420000000000217e-01 -7.175499999999999934e-02
5.164269999999999694e-01 -1.077299999999999959e-02
3.990890000000000271e-01 3.330949999999999744e-01
5.682810000000000361e-01 1.134629999999999944e-01
6.281210000000000404e-01 2.048159999999999981e-01
-3.146700000000000053e-01 2.196730000000000071e-01
6.891490000000000116e-01 -1.260999999999999968e-03
5.210069999999999979e-01 -9.310799999999999632e-02
4.381050000000000222e-01 3.217749999999999777e-01
6.637640000000000207e-01 3.270100000000000090e-02
5.659129999999999994e-01 1.428840000000000110e-01
5.728299999999999503e-01 -1.059739999999999988e-01
6.339000000000000190e-01 6.712100000000000011e-02
-6.686079999999999801e-01 2.949669999999999792e-01
2.710350000000000259e-01 3.511569999999999969e-01
6.643130000000000424e-01 -1.746800000000000019e-01
4.161059999999999759e-01 -4.794799999999999757e-02
5.888259999999999605e-01 2.018030000000000102e-01
5.079529999999999879e-01 3.021199999999999997e-01
7.404140000000000166e-01 2.964030000000000276e-01
6.098149999999999959e-01 9.178200000000000247e-02
3.590630000000000210e-01 1.699559999999999960e-01
-4.181050000000000044e-01 1.029299999999999937e-01
6.028360000000000385e-01 1.261859999999999926e-01
9.118999999999999329e-02 1.921170000000000100e-01
3.605320000000000191e-01 2.945989999999999998e-01
6.116380000000000150e-01 1.531649999999999956e-01
4.072999999999999954e-01 4.094889999999999919e-01
5.693369999999999820e-01 1.501059999999999894e-01
5.854359999999999564e-01 3.048899999999999874e-02
6.084060000000000024e-01 -9.517599999999999671e-02
5.955059999999999798e-01 4.551899999999999696e-02
5.630800000000000249e-01 9.223299999999999554e-02
-2.452000000000000186e-03 4.685199999999999781e-02
6.758960000000000523e-01 2.089810000000000001e-01
6.570409999999999862e-01 9.636400000000000521e-02
6.316969999999999530e-01 2.081919999999999882e-01
-5.891979999999999995e-01 1.113429999999999975e-01
4.915370000000000017e-01 2.739650000000000141e-01
3.966120000000000201e-01 1.486949999999999938e-01
3.647340000000000027e-01 1.094370000000000065e-01
3.997350000000000070e-01 -2.246000000000000166e-03
6.160290000000000488e-01 -3.673499999999999682e-02
6.920020000000000060e-01 3.125399999999999706e-02
6.152809999999999668e-01 1.242499999999999993e-01
7.665530000000000399e-01 3.517699999999999994e-02
4.787359999999999949e-01 2.835329999999999795e-01
6.231039999999999912e-01 1.125550000000000023e-01
-5.746660000000000101e-01 1.350989999999999969e-01
3.970350000000000268e-01 -1.559699999999999975e-01
5.047669999999999657e-01 2.102439999999999864e-01
-6.616790000000000171e-01 2.483300000000000091e-02
5.586950000000000527e-01 5.398200000000000220e-02
4.686910000000000243e-01 1.608610000000000040e-01
6.374079999999999746e-01 -3.054899999999999977e-02
4.081210000000000115e-01 -1.238630000000000009e-01
5.055340000000000389e-01 3.903510000000000035e-01
5.981610000000000538e-01 2.146780000000000077e-01
5.613569999999999949e-01 2.414010000000000045e-01
-6.123589999999999867e-01 1.982480000000000075e-01
5.621340000000000225e-01 5.349700000000000288e-02
6.072739999999999805e-01 -1.134740000000000054e-01
4.305280000000000218e-01 7.415199999999999569e-02
5.844260000000000010e-01 -2.006700000000000150e-02
6.780389999999999473e-01 1.250110000000000110e-01
5.078759999999999941e-01 1.134109999999999979e-01
6.651299999999999990e-01 1.603900000000000048e-01
-3.025689999999999769e-01 2.886940000000000062e-01
-7.081330000000000124e-01 1.060080000000000050e-01
-5.267140000000000155e-01 5.981700000000000211e-02
5.802890000000000548e-01 1.751799999999999885e-02
-5.727349999999999941e-01 9.558200000000000029e-02
-4.654039999999999844e-01 5.969579999999999886e-01
-6.260879999999999779e-01 1.678030000000000077e-01
-6.635020000000000362e-01 1.471069999999999878e-01
4.770490000000000008e-01 -4.328599999999999809e-02
6.069790000000000463e-01 1.888930000000000053e-01
6.221130000000000271e-01 1.630010000000000070e-01
6.716020000000000323e-01 3.092659999999999854e-01
5.670939999999999870e-01 7.059799999999999409e-02
4.975519999999999943e-01 2.181900000000000159e-02
6.699699999999999545e-01 -4.387200000000000127e-02
4.594320000000000070e-01 1.221720000000000028e-01
4.724490000000000078e-01 7.925000000000000100e-02
7.235209999999999697e-01 -4.501600000000000046e-02
5.815820000000000434e-01 -7.093000000000000346e-03
4.527459999999999818e-01 1.618860000000000021e-01
5.781429999999999625e-01 2.513659999999999783e-01
6.790709999999999802e-01 1.228009999999999935e-01
5.312740000000000240e-01 2.185030000000000028e-01
-1.365389999999999937e-01 1.076359999999999956e-01
-1.432869999999999977e-01 -1.126360000000000000e-01
6.074500000000000455e-01 1.758309999999999873e-01
-5.672019999999999840e-01 1.042059999999999931e-01
2.399930000000000119e-01 8.027800000000000213e-02
2.286420000000000119e-01 4.079650000000000221e-01
4.881460000000000243e-01 2.622260000000000146e-01
5.662829999999999808e-01 1.579629999999999923e-01
6.920779999999999710e-01 1.047509999999999969e-01
5.568499999999999561e-01 7.579400000000000026e-02
6.746929999999999872e-01 6.961199999999999333e-02
5.189890000000000336e-01 1.624899999999999956e-01
3.899710000000000121e-01 1.426689999999999903e-01
6.318200000000000482e-01 2.381399999999999836e-02
4.203470000000000262e-01 3.197229999999999794e-01
7.504129999999999967e-01 5.621099999999999708e-02
7.037830000000000474e-01 9.488599999999999812e-02
5.291949999999999710e-01 6.727700000000000347e-02
5.138620000000000410e-01 2.046209999999999973e-01
4.923640000000000239e-01 -1.624579999999999913e-01
7.748800000000000132e-01 -2.272499999999999867e-02
2.414330000000000087e-01 -2.955610000000000182e-01
6.166639999999999899e-01 2.947699999999999765e-01
6.090640000000000498e-01 1.832310000000000050e-01
7.088649999999999674e-01 1.005500000000000005e-01
5.693240000000000522e-01 -2.663499999999999895e-02
6.307369999999999921e-01 6.030000000000000204e-04
6.206660000000000510e-01 9.801200000000000190e-02
4.281940000000000190e-01 1.250320000000000042e-01
4.574280000000000013e-01 1.917780000000000040e-01
6.072380000000000555e-01 -5.853699999999999876e-02
5.773620000000000418e-01 6.510100000000000608e-02
6.884010000000000407e-01 -2.246700000000000086e-02
6.327580000000000426e-01 7.873600000000000043e-02
6.194100000000000161e-01 4.726500000000000146e-02
6.350160000000000249e-01 8.331500000000000017e-02
7.274620000000000530e-01 5.256999999999999867e-02
5.669910000000000228e-01 2.530400000000000010e-02
5.243579999999999908e-01 1.167360000000000064e-01
6.141579999999999817e-01 8.088499999999999857e-02
7.676129999999999898e-01 2.684500000000000219e-01
6.771420000000000217e-01 2.670489999999999808e-01
5.342689999999999939e-01 3.013400000000000106e-02
4.564909999999999801e-01 1.828559999999999908e-01
5.188810000000000366e-01 -6.584600000000000175e-02
5.079960000000000031e-01 1.038270000000000026e-01
4.926039999999999863e-01 2.192540000000000044e-01
5.162660000000000027e-01 -1.969999999999999876e-02
4.938029999999999919e-01 4.202899999999999692e-02
4.754829999999999890e-01 1.997200000000000017e-02
5.534679999999999600e-01 1.924949999999999994e-01
5.003469999999999862e-01 -4.228699999999999820e-02
6.608460000000000445e-01 7.727999999999999627e-03
7.503170000000000117e-01 4.034299999999999692e-02
6.476439999999999975e-01 -1.897510000000000030e-01
4.592660000000000076e-01 2.189629999999999910e-01
1.676229999999999942e-01 1.768039999999999889e-01
5.897369999999999557e-01 2.114100000000000007e-02
4.820070000000000188e-01 1.937460000000000016e-01
6.918900000000000050e-01 -4.363999999999999824e-03
1.348620000000000096e-01 3.742380000000000151e-01
-3.599769999999999914e-01 5.109000000000000347e-02
1.624990000000000046e-01 1.943999999999999981e-03
3.703659999999999730e-01 1.703890000000000127e-01
6.178460000000000063e-01 1.214060000000000000e-01
4.713970000000000105e-01 8.560700000000000254e-02
4.254490000000000216e-01 6.538299999999999668e-02
7.061429999999999652e-01 -6.597000000000000086e-02
4.986999999999999766e-01 8.018500000000000627e-02
3.273269999999999791e-01 2.179049999999999876e-01
5.483280000000000376e-01 1.079210000000000030e-01
7.506660000000000554e-01 1.515469999999999873e-01
4.988000000000000211e-01 5.541700000000000098e-02
-9.912999999999999590e-02 1.282200000000000006e-01
6.464259999999999451e-01 1.407150000000000067e-01
5.332649999999999890e-01 -5.742200000000000082e-02
3.162110000000000198e-01 1.089330000000000020e-01
6.480289999999999662e-01 9.602800000000000225e-02
3.495110000000000161e-01 1.072489999999999971e-01
2.496619999999999950e-01 1.151070000000000010e-01
4.829820000000000224e-01 9.776300000000000268e-02
5.250280000000000502e-01 5.589299999999999824e-02
5.188829999999999831e-01 1.406759999999999955e-01
7.020129999999999981e-01 6.698300000000000087e-02
7.196399999999999464e-01 -1.126150000000000068e-01
6.327840000000000131e-01 1.567220000000000002e-01
5.169160000000000421e-01 2.773300000000000071e-02
6.600949999999999873e-01 1.075399999999999967e-02
1.645880000000000121e-01 2.413420000000000010e-01
4.468070000000000097e-01 1.362069999999999947e-01
5.563979999999999482e-01 2.980539999999999856e-01
6.834480000000000555e-01 1.276899999999999979e-01
4.200130000000000252e-01 3.415119999999999822e-01
7.400900000000000256e-01 8.305999999999999148e-03
2.520379999999999843e-01 1.243499999999999987e-02
6.002439999999999998e-01 3.462500000000000300e-02
6.935080000000000133e-01 1.915499999999999842e-02
4.695239999999999969e-01 3.323470000000000035e-01
6.059679999999999511e-01 1.168099999999999972e-01
3.314940000000000109e-01 8.509200000000000097e-02
6.644959999999999756e-01 -4.527400000000000174e-02
5.064239999999999853e-01 1.407339999999999980e-01
4.318890000000000229e-01 -3.461700000000000194e-02
