-7.392589999999999995e-01 4.293850000000000167e-01
-3.178329999999999766e-01 1.935070000000000123e-01
-6.259949999999999681e-01 -9.728199999999999348e-02
7.377120000000000344e-01 1.629059999999999953e-01
-5.455290000000000417e-01 1.345810000000000062e-01
-4.343239999999999879e-01 2.728729999999999767e-01
-2.174879999999999869e-01 -1.589210000000000067e-01
4.537169999999999814e-01 5.958510000000000195e-01
-5.862889999999999491e-01 -6.568499999999999339e-02
-6.662489999999999801e-01 1.805759999999999865e-01
-5.565670000000000339e-01 -9.903099999999999403e-02
-7.321870000000000323e-01 4.772400000000000253e-02
-5.304699999999999971e-01 -9.079999999999999530e-03
-6.471999999999999975e-01 1.385290000000000132e-01
-3.118779999999999886e-01 -4.282819999999999960e-01
-6.673729999999999940e-01 4.259499999999999953e-01
-7.545420000000000460e-01 7.782400000000000428e-02
-6.494750000000000245e-01 5.750020000000000131e-01
-6.682350000000000234e-01 1.979289999999999938e-01
-7.146569999999999867e-01 1.374329999999999996e-01
-5.024180000000000312e-01 4.982999999999999929e-02
-5.710709999999999953e-01 3.845689999999999942e-01
-3.340699999999999781e-01 -2.598509999999999986e-01
4.911550000000000082e-01 -9.098900000000000043e-02
-4.897290000000000254e-01 4.695099999999999829e-01
-3.836829999999999963e-01 -3.672779999999999934e-01
-7.355340000000000211e-01 1.531190000000000051e-01
-7.188330000000000553e-01 -1.281629999999999991e-01
-7.750489999999999879e-01 3.820509999999999740e-01
-6.922960000000000225e-01 -1.673650000000000138e-01
-5.276680000000000259e-01 -1.089080000000000048e-01
-7.130950000000000344e-01 2.753320000000000212e-01
-7.588110000000000133e-01 3.469450000000000034e-01
-5.055560000000000054e-01 4.746500000000000163e-01
6.309630000000000516e-01 1.276829999999999909e-01
6.225450000000000150e-01 5.507600000000000273e-01
-7.459430000000000227e-01 2.369749999999999912e-01
-5.881129999999999969e-01 7.579999999999999932e-03
-6.449890000000000345e-01 9.932199999999999362e-02
-6.228129999999999500e-01 2.120690000000000075e-01
-3.379179999999999962e-01 -1.125040000000000068e-01
-4.406459999999999821e-01 -4.496950000000000114e-01
-7.289309999999999956e-01 -1.130339999999999956e-01
-5.673759999999999915e-01 2.694010000000000016e-01
-7.901749999999999607e-01 3.414710000000000245e-01
-4.296789999999999776e-01 1.869399999999999881e-02
-6.288169999999999593e-01 1.332089999999999941e-01
-7.246960000000000068e-01 6.039300000000000224e-02
-6.951570000000000249e-01 1.699700000000000100e-01
-7.663590000000000124e-01 8.066600000000000159e-02
-7.529040000000000177e-01 4.981000000000000184e-03
-6.093380000000000463e-01 -1.545940000000000092e-01
-6.857480000000000242e-01 -6.611999999999999822e-03
5.860309999999999686e-01 -3.553200000000000108e-02
-6.759939999999999838e-01 1.090420000000000000e-01
-4.557359999999999745e-01 -1.975000000000000089e-01
5.813760000000000039e-01 5.004880000000000440e-01
-6.866219999999999546e-01 4.433000000000000274e-01
-5.446010000000000018e-01 9.938999999999999918e-03
-5.136779999999999680e-01 -3.910279999999999867e-01
-6.883029999999999982e-01 2.464999999999999969e-01
-4.737190000000000012e-01 2.386500000000000080e-02
-1.851639999999999953e-01 -2.183399999999999924e-02
-7.110229999999999606e-01 1.934029999999999916e-01
-3.343380000000000241e-01 5.570289999999999964e-01
-5.325189999999999646e-01 -1.022499999999999937e-01
-5.846440000000000525e-01 -9.955000000000000307e-03
-6.385619999999999630e-01 1.594129999999999991e-01
-4.083789999999999920e-01 -1.260299999999999962e-02
-5.604900000000000437e-01 8.717300000000000049e-02
-7.333969999999999656e-01 1.861260000000000137e-01
-6.392769999999999841e-01 5.163459999999999717e-01
-4.425299999999999789e-01 -2.328030000000000099e-01
-2.454840000000000078e-01 -8.810999999999999388e-02
-8.799320000000000475e-01 1.189370000000000011e-01
-7.829859999999999598e-01 -1.373000000000000088e-03
-6.968090000000000117e-01 4.161389999999999811e-01
-5.153499999999999748e-01 -2.086400000000000060e-02
-7.197449999999999681e-01 9.458600000000000341e-02
-4.626589999999999869e-01 1.523049999999999959e-01
-8.249560000000000226e-01 3.936310000000000087e-01
-6.020349999999999868e-01 -4.393000000000000203e-03
-6.637359999999999927e-01 3.047830000000000261e-01
-8.515239999999999476e-01 1.474939999999999862e-01
-7.539080000000000226e-01 -1.991670000000000107e-01
-5.550399999999999778e-01 -1.651849999999999985e-01
-6.359399999999999498e-01 9.364799999999999514e-02
-5.828309999999999880e-01 -6.491800000000000348e-02
-6.656060000000000310e-01 -1.351300000000000071e-02
-4.799030000000000240e-01 -2.118960000000000010e-01
-7.088520000000000376e-01 -6.458300000000000152e-02
5.431359999999999522e-01 -3.987799999999999678e-02
-6.054629999999999734e-01 3.640800000000000286e-02
5.504139999999999588e-01 1.291690000000000060e-01
-5.543609999999999927e-01 4.840630000000000210e-01
-7.262180000000000302e-01 -2.220199999999999951e-02
-6.110409999999999453e-01 5.598299999999999804e-02
-6.475800000000000445e-01 -5.572599999999999776e-02
-7.247970000000000246e-01 4.076810000000000156e-01
-7.910469999999999446e-01 1.683610000000000106e-01
-5.045770000000000532e-01 1.417329999999999979e-01
-5.335800000000000542e-01 1.070860000000000006e-01
-7.722360000000000335e-01 4.711770000000000125e-01
-3.929400000000000115e-01 1.504689999999999916e-01
-7.713849999999999874e-01 1.348610000000000086e-01
-6.050569999999999560e-01 -1.143379999999999952e-01
-5.730950000000000211e-01 1.261950000000000016e-01
-6.264880000000000448e-01 -6.925000000000000600e-02
-6.344940000000000024e-01 5.324050000000000171e-01
7.064690000000000136e-01 -4.597350000000000048e-01
5.538920000000000510e-01 2.140630000000000033e-01
4.502959999999999741e-01 6.495599999999999985e-02
3.785049999999999804e-01 3.016949999999999910e-01
-7.176029999999999909e-01 2.269849999999999923e-01
-7.168470000000000120e-01 4.389719999999999733e-01
4.471870000000000012e-01 -1.993560000000000054e-01
-6.192480000000000206e-01 -4.550449999999999773e-01
-5.761680000000000135e-01 -3.370299999999999685e-02
-6.358869999999999800e-01 4.754959999999999742e-01
-7.684020000000000294e-01 1.414539999999999964e-01
-5.932730000000000503e-01 7.712000000000000105e-03
6.853700000000000347e-01 -1.186730000000000007e-01
-7.532020000000000381e-01 3.114549999999999819e-01
-7.977760000000000407e-01 -4.388199999999999740e-02
-6.971199999999999619e-01 2.987170000000000103e-01
-5.127450000000000063e-01 6.914199999999999513e-02
-3.603830000000000089e-01 1.481780000000000042e-01
-7.764790000000000303e-01 2.818220000000000169e-01
5.370359999999999578e-01 -1.138969999999999982e-01
-5.230939999999999479e-01 3.426660000000000261e-01
-6.412309999999999954e-01 1.461310000000000109e-01
-5.845439999999999525e-01 -1.288890000000000036e-01
-6.983350000000000390e-01 9.523000000000000215e-03
-5.974650000000000238e-01 3.937200000000000144e-01
-7.155850000000000266e-01 3.585400000000000253e-01
-7.215700000000000447e-01 -8.501999999999999835e-02
-8.597869999999999679e-01 1.457730000000000137e-01
-7.663299999999999557e-01 -1.119440000000000018e-01
-5.876559999999999562e-01 5.907729999999999926e-01
-9.378069999999999462e-01 2.382900000000000018e-01
-4.323199999999999821e-01 -4.086029999999999940e-01
-9.500340000000000451e-01 1.958340000000000081e-01
-7.602849999999999886e-01 6.955300000000000371e-02
-5.643329999999999735e-01 5.994200000000000222e-02
-5.091369999999999507e-01 2.490559999999999996e-01
-5.323280000000000234e-01 -4.502599999999999658e-02
-6.654849999999999932e-01 2.733500000000000166e-02
-3.477810000000000068e-01 1.169589999999999935e-01
-6.935719999999999663e-01 3.966999999999999693e-02
-6.487640000000000073e-01 1.204799999999999968e-02
-5.835069999999999979e-01 -1.660100000000000117e-02
-5.210989999999999789e-01 7.063999999999999446e-02
-7.003220000000000001e-01 1.725089999999999957e-01
-5.413400000000000434e-01 -2.645930000000000226e-01
-5.417969999999999731e-01 -1.725970000000000004e-01
-7.661259999999999737e-01 -1.197919999999999957e-01
-7.725070000000000547e-01 1.703719999999999957e-01
-7.477620000000000378e-01 4.797560000000000158e-01
-6.719110000000000360e-01 -1.254550000000000110e-01
-5.887029999999999763e-01 9.156699999999999562e-02
-5.673679999999999835e-01 -2.186819999999999875e-01
6.745520000000000405e-01 2.031429999999999902e-01
-6.601719999999999811e-01 1.208510000000000001e-01
5.928940000000000321e-01 3.163020000000000276e-01
6.768600000000000172e-01 1.103569999999999968e-01
-6.001670000000000060e-01 2.497600000000000098e-01
-7.185540000000000260e-01 5.077369999999999939e-01
6.937579999999999858e-01 -9.572100000000000053e-02
-7.242889999999999606e-01 1.498140000000000027e-01
7.846140000000000336e-01 -5.206999999999999823e-03
-4.966220000000000079e-01 -4.768769999999999953e-01
-6.772150000000000114e-01 7.838299999999999434e-02
-6.436699999999999644e-01 1.752400000000000069e-01
-7.336690000000000156e-01 -1.220299999999999996e-01
-6.547789999999999999e-01 4.296849999999999836e-01
-3.382910000000000084e-01 -3.992029999999999745e-01
-7.101929999999999632e-01 3.303130000000000233e-01
-6.150689999999999769e-01 1.838339999999999974e-01
-6.393290000000000362e-01 -1.873500000000000165e-02
4.085980000000000167e-01 4.796819999999999973e-01
6.094519999999999937e-01 2.384660000000000113e-01
6.708389999999999631e-01 1.761169999999999958e-01
5.215570000000000483e-01 3.266140000000000154e-01
5.177279999999999660e-01 1.964329999999999965e-01
5.231829999999999536e-01 3.032239999999999935e-01
5.329770000000000341e-01 4.261780000000000013e-01
4.744380000000000264e-01 3.979260000000000019e-01
6.023669999999999858e-01 2.527059999999999862e-01
-7.351849999999999774e-01 2.434870000000000090e-01
-6.095209999999999795e-01 4.928400000000000142e-02
-6.886320000000000219e-01 4.553349999999999898e-01
-6.641719999999999846e-01 -2.092099999999999863e-02
-6.113769999999999483e-01 5.197610000000000285e-01
-4.321860000000000146e-01 -2.367450000000000110e-01
-7.836579999999999657e-01 3.992109999999999825e-01
-7.274469999999999548e-01 7.456200000000000327e-02
-7.208170000000000410e-01 3.896890000000000076e-01
-6.871450000000000058e-01 2.906480000000000175e-01
-5.718990000000000462e-01 1.082100000000000076e-02
-8.163310000000000288e-01 2.366850000000000065e-01
-6.892639999999999878e-01 3.279449999999999865e-01
-4.098289999999999988e-01 3.156820000000000181e-01
6.205600000000000005e-01 2.907710000000000017e-01
6.024230000000000418e-01 1.299869999999999914e-01
5.514989999999999615e-01 2.498070000000000013e-01
6.910410000000000164e-01 1.138500000000000068e-01
4.612399999999999833e-01 1.326410000000000089e-01
-7.427970000000000406e-01 4.174699999999999939e-02
-5.853629999999999667e-01 -2.986500000000000266e-01
-6.832780000000000520e-01 3.554939999999999767e-01
-5.180890000000000217e-01 -1.549159999999999981e-01
-5.943070000000000297e-01 1.926460000000000117e-01
-6.614809999999999857e-01 1.151240000000000041e-01
-5.566740000000000022e-01 7.892599999999999616e-02
-8.955079999999999707e-01 -4.052999999999999658e-02
-6.777990000000000403e-01 4.883799999999999947e-02
-6.558749999999999858e-01 -4.155600000000000266e-02
-5.198599999999999888e-01 -2.850099999999999856e-02
-5.227450000000000152e-01 1.076909999999999951e-01
-6.304729999999999501e-01 3.458309999999999995e-01
-6.973040000000000349e-01 -1.997520000000000129e-01
-6.702489999999999837e-01 1.945439999999999947e-01
-6.317230000000000345e-01 5.269479999999999720e-01
-7.163119999999999488e-01 4.364390000000000214e-01
-5.801020000000000065e-01 3.234299999999999675e-02
-6.229949999999999655e-01 1.968910000000000105e-01
-6.220679999999999543e-01 -3.026900000000000077e-02
-5.698849999999999749e-01 -5.329500000000000209e-02
-5.569899999999999851e-01 2.831500000000000128e-01
-6.943259999999999987e-01 8.433300000000000518e-02
-6.138059999999999627e-01 2.743459999999999788e-01
-7.065399999999999459e-01 3.443240000000000189e-01
-6.485910000000000286e-01 -1.148160000000000014e-01
-6.056129999999999569e-01 -2.188199999999999867e-02
-6.860410000000000119e-01 -1.759130000000000138e-01
-6.474870000000000347e-01 3.325190000000000090e-01
-8.092139999999999889e-01 -1.319180000000000075e-01
-7.466450000000000031e-01 3.214949999999999752e-01
-7.036320000000000352e-01 -1.822000000000000052e-03
-6.881080000000000529e-01 3.885299999999999865e-01
-6.648150000000000448e-01 -2.458499999999999922e-02
-6.620549999999999491e-01 1.044749999999999984e-01
-5.346189999999999554e-01 1.800699999999999870e-02
-6.102819999999999911e-01 1.517910000000000093e-01
-5.628560000000000230e-01 -3.425899999999999779e-02
-5.332719999999999683e-01 5.644799999999999818e-02
-7.208010000000000250e-01 -2.282299999999999954e-02
-4.229550000000000254e-01 -3.563430000000000208e-01
-5.405290000000000372e-01 -8.066800000000000359e-02
-6.535840000000000538e-01 -1.198700000000000043e-01
-5.313499999999999890e-01 2.168029999999999957e-01
-6.462390000000000079e-01 1.714040000000000008e-01
-3.973559999999999870e-01 -2.055400000000000005e-01
-5.944749999999999757e-01 2.593989999999999907e-01
-6.169750000000000512e-01 1.123119999999999952e-01
-5.100620000000000154e-01 -9.877099999999999769e-02
-6.275340000000000362e-01 -2.382029999999999981e-01
-6.574820000000000109e-01 4.201829999999999732e-01
-5.438650000000000428e-01 6.558600000000000541e-02
-5.438079999999999581e-01 5.718790000000000262e-01
-5.909640000000000448e-01 -1.165059999999999985e-01
-7.368059999999999610e-01 1.787700000000000122e-01
-3.443200000000000149e-01 -2.059080000000000077e-01
-6.950720000000000232e-01 3.098910000000000275e-01
-6.302689999999999682e-01 -1.630399999999999905e-02
-7.481619999999999937e-01 2.175040000000000029e-01
-4.843049999999999855e-01 2.123980000000000035e-01
-8.285449999999999759e-01 1.097640000000000005e-01
-5.085600000000000120e-01 -2.470519999999999938e-01
-7.596380000000000354e-01 4.399399999999999838e-02
-6.720990000000000020e-01 4.062760000000000260e-01
-6.687290000000000179e-01 1.715329999999999910e-01
-6.824459999999999971e-01 4.179240000000000177e-01
-7.629590000000000538e-01 2.544640000000000235e-01
-5.447229999999999572e-01 3.202499999999999791e-02
-6.325960000000000472e-01 2.631269999999999998e-01
-7.094160000000000466e-01 1.703600000000000114e-01
-6.622689999999999966e-01 3.173009999999999997e-01
-5.757229999999999848e-01 3.383579999999999921e-01
-8.393800000000000150e-01 5.024560000000000137e-01
-5.359490000000000087e-01 4.243399999999999950e-02
-6.547309999999999519e-01 3.206699999999999828e-02
-3.640789999999999860e-01 -1.932889999999999886e-01
-4.111750000000000127e-01 -3.376660000000000217e-01
-2.706450000000000244e-01 -3.221530000000000227e-01
-7.147729999999999917e-01 2.512179999999999969e-01
-4.250059999999999949e-01 -2.210340000000000082e-01
-6.584579999999999878e-01 3.371199999999999891e-02
-2.797540000000000027e-01 -5.803490000000000038e-01
-3.763560000000000239e-01 -3.567440000000000055e-01
-7.146649999999999947e-01 1.186159999999999992e-01
-5.765010000000000412e-01 -1.073979999999999935e-01
-5.660169999999999924e-01 3.323940000000000228e-01
-7.047759999999999581e-01 4.153419999999999890e-01
6.118559999999999555e-01 3.046840000000000104e-01
-4.261550000000000060e-01 4.055329999999999768e-01
-5.368180000000000174e-01 -3.916200000000000236e-01
-7.714290000000000314e-01 2.925679999999999947e-01
-7.292349999999999666e-01 -3.982499999999999929e-02
-5.151350000000000096e-01 -1.155550000000000049e-01
-5.868879999999999653e-01 4.723379999999999801e-01
5.916069999999999940e-01 2.021249999999999991e-01
-5.867299999999999738e-01 -6.199699999999999656e-02
-3.880379999999999940e-01 6.291099999999999470e-02
-6.424009999999999998e-01 -1.525400000000000020e-02
-7.919420000000000348e-01 1.535819999999999963e-01
-5.436779999999999946e-01 -1.364999999999999894e-03
-6.490010000000000501e-01 4.776290000000000258e-01
4.581140000000000212e-01 3.385110000000000063e-01
-5.315879999999999495e-01 1.343340000000000090e-01
-7.285859999999999559e-01 1.209800000000000042e-01
-6.407709999999999795e-01 7.313699999999999368e-02
-4.877940000000000054e-01 4.488920000000000132e-01
-6.700129999999999697e-01 -9.283500000000000085e-02
-4.608679999999999999e-01 -1.849079999999999890e-01
-3.968990000000000018e-01 4.408400000000000096e-01
-6.120879999999999654e-01 4.536300000000000054e-02
-6.460320000000000507e-01 -4.141199999999999742e-02
-6.445980000000000043e-01 9.359499999999999764e-02
-6.406309999999999505e-01 9.312099999999999544e-02
-7.529139999999999722e-01 9.501500000000000223e-02
5.715820000000000345e-01 1.854300000000000115e-01
3.729500000000000037e-01 7.841599999999999959e-02
5.908799999999999608e-01 8.007499999999999341e-02
8.122570000000000068e-01 -5.939900000000000041e-02
-4.384109999999999951e-01 -4.370099999999999679e-02
-4.862400000000000055e-01 3.823420000000000152e-01
-5.089099999999999735e-01 -2.467100000000000126e-01
-5.362569999999999837e-01 2.002629999999999966e-01
-5.658050000000000024e-01 6.278200000000000447e-02
-4.670659999999999812e-01 -9.431699999999999806e-02
-5.724810000000000176e-01 6.649939999999999740e-01
-6.972990000000000022e-01 5.371599999999999986e-02
-4.889430000000000165e-01 9.381499999999999562e-02
-6.403039999999999843e-01 -1.806270000000000098e-01
-7.430609999999999715e-01 3.831570000000000253e-01
-5.920560000000000267e-01 3.539910000000000001e-01
-7.429109999999999880e-01 4.369140000000000246e-01
5.979309999999999903e-01 4.537749999999999839e-01
-3.353610000000000202e-01 -4.373130000000000073e-01
-4.586120000000000196e-01 1.974199999999999913e-02
-5.816130000000000466e-01 1.224750000000000005e-01
-6.717589999999999950e-01 4.944450000000000234e-01
-5.120219999999999771e-01 -7.501900000000000235e-02
-5.777219999999999578e-01 8.232200000000000628e-02
-6.452750000000000430e-01 1.016460000000000002e-01
-7.666049999999999809e-01 4.539770000000000194e-01
-6.888699999999999823e-01 -2.927089999999999970e-01
-5.915759999999999907e-01 5.674949999999999717e-01
-6.010830000000000339e-01 2.959740000000000149e-01
-6.759519999999999973e-01 2.876150000000000095e-01
-6.869239999999999791e-01 2.620330000000000159e-01
-7.111499999999999488e-01 2.528560000000000252e-01
-6.429829999999999712e-01 5.051210000000000422e-01
3.758489999999999887e-01 4.111429999999999807e-01
-6.070010000000000128e-01 -1.162689999999999974e-01
-3.637449999999999850e-01 -2.034799999999999942e-01
-4.949180000000000246e-01 4.763740000000000197e-01
-7.143829999999999902e-01 4.467209999999999792e-01
-6.638370000000000104e-01 2.340400000000000119e-02
-7.866360000000000019e-01 2.489999999999999852e-02
-3.853249999999999731e-01 -2.600699999999999887e-02
-5.608739999999999837e-01 2.436619999999999897e-01
-6.836299999999999599e-01 2.581590000000000273e-01
-7.052899999999999725e-01 4.645799999999999930e-01
-8.618190000000000017e-01 -1.902419999999999944e-01
-6.437730000000000397e-01 3.354550000000000032e-01
-3.477060000000000151e-01 -3.083029999999999937e-01
-5.470580000000000442e-01 5.196800000000000030e-02
-5.011710000000000331e-01 -3.479030000000000178e-01
-5.605139999999999567e-01 -2.416499999999999898e-02
6.551489999999999814e-01 1.245580000000000020e-01
-6.985599999999999588e-01 1.001289999999999958e-01
-6.608730000000000437e-01 -6.909999999999999476e-02
-5.999379999999999713e-01 3.955529999999999879e-01
-5.761389999999999567e-01 1.850229999999999930e-01
-6.601879999999999971e-01 3.588709999999999956e-01
-7.769800000000000040e-01 2.351149999999999907e-01
5.823199999999999488e-01 2.171339999999999937e-01
-5.710769999999999458e-01 3.583310000000000106e-01
-5.393700000000000161e-01 -9.847400000000000597e-02
-3.645499999999999852e-01 -3.568769999999999998e-01
-6.411759999999999682e-01 7.521700000000000608e-02
-6.326990000000000114e-01 2.386300000000000088e-01
-4.164970000000000061e-01 6.653510000000000257e-01
-5.770950000000000246e-01 -2.732040000000000024e-01
-6.573890000000000011e-01 1.503369999999999984e-01
-5.922650000000000414e-01 -3.746999999999999897e-03
-7.429130000000000456e-01 3.935810000000000142e-01
-7.802769999999999984e-01 4.149229999999999863e-01
-4.698049999999999726e-01 -7.690299999999999914e-02
-6.777999999999999581e-01 -2.964299999999999921e-02
-8.001970000000000471e-01 2.604199999999999848e-01
-6.186340000000000172e-01 -2.422900000000000054e-02
-5.587499999999999689e-01 2.460269999999999957e-01
-6.097369999999999735e-01 4.658899999999999847e-02
-6.722390000000000310e-01 3.625720000000000054e-01
-6.114110000000000378e-01 1.479729999999999934e-01
-7.460280000000000244e-01 4.227690000000000059e-01
-7.255200000000000538e-01 2.157630000000000103e-01
-5.309639999999999915e-01 1.294900000000000044e-02
-7.110189999999999566e-01 2.335419999999999996e-01
5.021860000000000213e-01 4.709169999999999745e-01
6.173610000000000486e-01 1.349249999999999894e-01
5.979109999999999703e-01 2.065440000000000054e-01
-5.814160000000000439e-01 3.279999999999999930e-03
-7.014280000000000515e-01 3.586929999999999841e-01
-7.050260000000000415e-01 2.832830000000000070e-01
-6.482539999999999969e-01 3.424570000000000114e-01
-7.058900000000000174e-01 -1.288749999999999896e-01
-6.984249999999999625e-01 -4.346300000000000163e-02
-6.397519999999999873e-01 3.938470000000000026e-01
-6.766929999999999890e-01 9.442000000000000740e-03
7.239889999999999937e-01 1.967420000000000002e-01
-7.183349999999999458e-01 9.222299999999999942e-02
-6.509559999999999791e-01 2.533819999999999961e-01
-6.602419999999999956e-01 6.770100000000000007e-01
-6.268019999999999703e-01 1.856679999999999997e-01
-4.874390000000000112e-01 -5.621799999999999714e-02
-6.105509999999999549e-01 -1.079300000000000051e-02
5.885470000000000423e-01 8.250300000000000689e-02
-4.894530000000000269e-01 -1.134769999999999945e-01
-6.518340000000000245e-01 2.604099999999999748e-01
-5.484809999999999963e-01 -3.971060000000000145e-01
7.123730000000000340e-01 -1.267330000000000123e-01
5.343219999999999636e-01 -5.866899999999999893e-02
6.225140000000000118e-01 -1.271770000000000123e-01
7.873559999999999448e-01 1.422350000000000003e-01
7.233640000000000070e-01 -6.571699999999999764e-02
5.623609999999999998e-01 -7.993899999999999617e-02
7.863520000000000509e-01 5.504799999999999971e-02
6.179620000000000113e-01 -5.619999999999999996e-04
5.070759999999999712e-01 1.160629999999999995e-01
4.510000000000000120e-01 4.143870000000000053e-01
6.017059999999999631e-01 4.977630000000000110e-01
3.830100000000000171e-01 6.918999999999999803e-03
8.719999999999999973e-01 -1.943840000000000012e-01
6.020469999999999988e-01 -1.381600000000000016e-02
7.349280000000000257e-01 2.794500000000000109e-02
6.589399999999999702e-01 5.265999999999999848e-03
5.775259999999999838e-01 4.166399999999999965e-02
4.847009999999999930e-01 1.886480000000000101e-01
6.506260000000000376e-01 1.252729999999999955e-01
6.958760000000000501e-01 1.940580000000000083e-01
6.336230000000000473e-01 8.588999999999999413e-03
6.493139999999999468e-01 1.087039999999999951e-01
4.801019999999999732e-01 2.086419999999999941e-01
5.662719999999999976e-01 1.977079999999999949e-01
6.699279999999999680e-01 1.090359999999999940e-01
6.199489999999999723e-01 -2.614000000000000004e-03
6.731350000000000389e-01 -5.240199999999999719e-02
7.037910000000000554e-01 4.144240000000000146e-01
6.117089999999999472e-01 4.501000000000000140e-02
6.799929999999999586e-01 7.186299999999999633e-02
5.892560000000000020e-01 3.461870000000000225e-01
8.042700000000000404e-01 1.485489999999999866e-01
5.598250000000000171e-01 7.108000000000000429e-02
4.669300000000000117e-01 1.473089999999999955e-01
7.272699999999999720e-01 3.017489999999999895e-01
5.250439999999999552e-01 3.355929999999999747e-01
4.461939999999999795e-01 -7.865999999999999728e-03
5.937780000000000280e-01 -2.772870000000000057e-01
5.290240000000000498e-01 -8.761700000000000044e-02
4.490439999999999987e-01 -8.394899999999999585e-02
5.403820000000000290e-01 9.554899999999999505e-02
5.288110000000000310e-01 -7.386399999999999910e-02
5.138099999999999890e-01 -3.688779999999999837e-01
5.307269999999999488e-01 -2.274430000000000063e-01
5.468589999999999840e-01 -2.598730000000000206e-01
5.066500000000000448e-01 -2.114510000000000001e-01
5.118129999999999624e-01 -1.815620000000000012e-01
5.887010000000000298e-01 -2.194480000000000042e-01
5.210660000000000291e-01 -1.449650000000000105e-01
5.652460000000000262e-01 -2.486990000000000034e-01
2.113569999999999893e-01 -1.379960000000000075e-01
5.289589999999999570e-01 -2.294960000000000055e-01
3.980679999999999774e-01 -3.036340000000000150e-01
4.861860000000000070e-01 -1.404239999999999933e-01
6.230539999999999967e-01 -2.278640000000000110e-01
4.274780000000000246e-01 -2.084809999999999997e-01
6.677689999999999459e-01 -1.689809999999999923e-01
6.219630000000000436e-01 -5.980200000000000099e-02
4.297360000000000069e-01 -4.129050000000000220e-01
4.891800000000000037e-01 -1.994620000000000004e-01
5.709800000000000431e-01 -1.179319999999999952e-01
6.026209999999999622e-01 -3.334199999999999942e-01
6.417770000000000419e-01 -2.534049999999999914e-01
6.101750000000000229e-01 -2.581829999999999958e-01
5.823329999999999895e-01 -7.086399999999999644e-02
5.061710000000000376e-01 -1.537739999999999940e-01
6.266549999999999621e-01 -8.729900000000000160e-02
4.759950000000000014e-01 -2.174740000000000006e-01
5.321449999999999791e-01 -6.714699999999999835e-02
4.561689999999999912e-01 -1.757839999999999958e-01
4.553400000000000225e-01 -2.724380000000000135e-01
5.078340000000000076e-01 -1.549129999999999951e-01
5.453320000000000389e-01 -2.747629999999999795e-01
4.784680000000000044e-01 -4.205459999999999754e-01
5.686240000000000183e-01 -2.957560000000000189e-01
7.182399999999999896e-01 -1.195259999999999934e-01
5.665170000000000483e-01 -1.462009999999999976e-01
4.392499999999999738e-01 -2.005280000000000118e-01
5.683759999999999923e-01 -3.241140000000000132e-01
6.246000000000000441e-01 -1.367849999999999899e-01
7.197999999999999954e-01 -2.604170000000000096e-01
3.345009999999999928e-01 -2.129900000000000126e-01
5.339970000000000550e-01 -3.602440000000000087e-01
5.766339999999999799e-01 -2.963390000000000191e-01
5.547940000000000094e-01 -4.426100000000000173e-02
5.065279999999999783e-01 5.991400000000000198e-02
4.484099999999999753e-01 -1.418979999999999964e-01
5.018810000000000215e-01 -3.309529999999999972e-01
6.732930000000000303e-01 9.327999999999999486e-03
4.606799999999999784e-01 -1.123159999999999992e-01
5.621129999999999738e-01 -2.839559999999999862e-01
5.963260000000000227e-01 -4.895180000000000087e-01
5.451799999999999979e-01 -4.025489999999999902e-01
6.013119999999999576e-01 -2.768189999999999817e-01
2.321340000000000070e-01 -1.870020000000000016e-01
3.845620000000000149e-01 -3.140850000000000031e-01
2.405249999999999888e-01 -3.107699999999999907e-01
3.024709999999999899e-01 -1.151940000000000047e-01
4.057899999999999840e-01 -5.001799999999999996e-02
5.021809999999999885e-01 -1.460859999999999936e-01
3.495070000000000121e-01 -2.572570000000000134e-01
5.909969999999999946e-01 -3.439329999999999887e-01
5.571559999999999846e-01 -2.183420000000000083e-01
4.900260000000000171e-01 -1.158789999999999959e-01
4.120960000000000178e-01 -1.452090000000000047e-01
5.106150000000000411e-01 -2.269720000000000071e-01
5.950210000000000221e-01 -9.229800000000000504e-02
3.344329999999999803e-01 -1.190650000000000042e-01
5.836479999999999446e-01 -3.133569999999999967e-01
6.853380000000000027e-01 8.622299999999999409e-02
2.937810000000000143e-01 -2.589859999999999940e-01
4.239319999999999755e-01 -3.472910000000000164e-01
5.776940000000000408e-01 -2.546289999999999942e-01
4.345180000000000153e-01 -4.986600000000000060e-02
4.918609999999999927e-01 -2.040240000000000109e-01
5.689549999999999885e-01 -3.969400000000000012e-02
5.477090000000000014e-01 3.751899999999999680e-02
5.147389999999999466e-01 -4.430080000000000129e-01
4.179479999999999862e-01 -2.785259999999999958e-01
4.902059999999999751e-01 -8.738700000000000634e-02
4.538789999999999769e-01 -2.488500000000000087e-02
5.474900000000000322e-01 -2.902000000000000135e-01
5.724139999999999784e-01 -1.344309999999999949e-01
5.443369999999999598e-01 -8.142299999999999538e-02
4.646069999999999922e-01 -1.956759999999999888e-01
4.737759999999999749e-01 -2.067710000000000103e-01
4.934839999999999782e-01 -2.075279999999999903e-01
4.725869999999999793e-01 -9.516700000000000159e-02
4.689249999999999807e-01 3.922799999999999898e-02
3.596699999999999897e-01 -3.318320000000000158e-01
6.822479999999999656e-01 -2.990369999999999973e-01
4.758240000000000247e-01 -1.911390000000000033e-01
4.504969999999999808e-01 -2.775650000000000062e-01
5.622249999999999748e-01 -3.779620000000000202e-01
5.988839999999999719e-01 -3.964600000000000068e-02
4.829760000000000164e-01 6.944400000000000572e-02
6.926780000000000159e-01 -3.644879999999999787e-01
5.723030000000000062e-01 -1.030230000000000035e-01
2.468450000000000089e-01 -3.700049999999999728e-01
4.870720000000000049e-01 -2.978430000000000244e-01
3.707679999999999865e-01 -3.533870000000000067e-01
4.887949999999999795e-01 -4.038749999999999840e-01
4.129229999999999845e-01 -2.536800000000000166e-01
6.550200000000000466e-01 -9.966099999999999959e-02
4.359000000000000097e-01 4.803400000000000031e-02
5.564360000000000417e-01 -1.939919999999999978e-01
5.430310000000000414e-01 -2.189119999999999955e-01
5.943509999999999627e-01 -2.793479999999999852e-01
5.035380000000000411e-01 -1.093289999999999956e-01
6.122630000000000017e-01 -9.907199999999999340e-02
5.305739999999999901e-01 -3.144359999999999933e-01
4.069169999999999732e-01 -1.924210000000000087e-01
6.788039999999999630e-01 -1.576069999999999971e-01
4.484500000000000153e-01 -3.670510000000000161e-01
6.339399999999999480e-01 3.212999999999999884e-02
5.018150000000000110e-01 -1.375609999999999888e-01
5.227190000000000447e-01 -1.682400000000000007e-01
5.225649999999999462e-01 -2.982130000000000059e-01
4.685300000000000020e-01 -2.314890000000000003e-01
6.102649999999999464e-01 -3.524950000000000028e-01
4.197609999999999952e-01 -2.702760000000000162e-01
4.805690000000000239e-01 -5.682299999999999851e-02
5.260759999999999881e-01 -1.268440000000000123e-01
3.950600000000000223e-01 -2.346030000000000060e-01
4.942949999999999844e-01 -3.722030000000000061e-01
2.891210000000000169e-01 -4.859720000000000151e-01
5.359800000000000120e-01 -3.497259999999999813e-01
4.513499999999999734e-01 -2.971249999999999725e-01
3.893010000000000081e-01 -3.095930000000000071e-01
4.353600000000000247e-01 -1.878640000000000032e-01
5.867499999999999938e-01 -2.388389999999999957e-01
4.546479999999999966e-01 -1.271879999999999955e-01
6.009259999999999602e-01 -2.324499999999999900e-01
6.257310000000000372e-01 -2.143660000000000010e-01
4.687939999999999885e-01 -1.043420000000000042e-01
4.855880000000000196e-01 -1.078000000000000069e-01
4.753870000000000040e-01 -8.668299999999999617e-02
5.397549999999999848e-01 -2.488470000000000126e-01
5.890229999999999633e-01 -7.795100000000000640e-02
5.886559999999999571e-01 -2.392259999999999942e-01
4.014730000000000243e-01 -3.110840000000000272e-01
4.338420000000000054e-01 -3.990739999999999843e-01
6.864109999999999934e-01 -2.711379999999999901e-01
5.522000000000000242e-01 -2.922210000000000085e-01
4.193230000000000013e-01 -8.246000000000000552e-02
6.740939999999999710e-01 -1.698020000000000085e-01
5.631019999999999914e-01 -4.153959999999999875e-01
6.370900000000000452e-01 -1.188860000000000056e-01
6.230510000000000215e-01 -2.105849999999999944e-01
4.811590000000000034e-01 -2.893609999999999793e-01
4.296329999999999871e-01 -9.280399999999999761e-02
2.699969999999999870e-01 -1.177480000000000054e-01
4.556109999999999882e-01 -2.666319999999999801e-01
4.447090000000000209e-01 -8.791599999999999415e-02
5.383320000000000327e-01 -2.623229999999999729e-01
7.017679999999999474e-01 -2.649599999999999872e-02
5.875150000000000095e-01 -2.280109999999999915e-01
5.400289999999999813e-01 -1.938899999999999998e-02
6.029210000000000402e-01 -1.904129999999999989e-01
4.470620000000000149e-01 -3.650699999999999779e-02
2.836210000000000120e-01 -1.267050000000000121e-01
5.693139999999999867e-01 -1.217550000000000021e-01
4.884870000000000045e-01 -2.535930000000000129e-01
4.751889999999999725e-01 -6.854300000000000670e-02
5.334240000000000093e-01 -8.426200000000000356e-02
5.188789999999999791e-01 -1.845690000000000108e-01
6.699680000000000080e-01 -1.071659999999999974e-01
5.069590000000000485e-01 -2.975929999999999964e-01
6.064699999999999536e-01 1.167200000000000008e-02
4.627399999999999847e-01 -1.821109999999999951e-01
5.263630000000000253e-01 -3.317699999999999816e-02
6.155469999999999553e-01 -9.026000000000000689e-02
6.447549999999999670e-01 -2.271309999999999996e-01
5.222670000000000368e-01 1.678100000000000078e-02
5.738830000000000320e-01 -8.484600000000000475e-02
4.288600000000000190e-01 -2.081199999999999994e-01
5.460289999999999866e-01 -1.770200000000000107e-01
5.653390000000000359e-01 -1.598700000000000121e-01
4.699260000000000104e-01 7.290599999999999858e-02
6.840840000000000254e-01 -9.169499999999999873e-02
4.115889999999999826e-01 -2.615489999999999760e-01
6.389190000000000147e-01 -2.355200000000000071e-01
4.458389999999999853e-01 -1.485539999999999916e-01
5.347300000000000386e-01 -2.393899999999999917e-01
5.018869999999999720e-01 -8.629399999999999571e-02
3.555039999999999867e-01 -4.315320000000000267e-01
2.537780000000000036e-01 -1.273489999999999900e-01
5.927489999999999704e-01 -3.625160000000000049e-01
6.471869999999999568e-01 -1.617230000000000056e-01
6.054690000000000349e-01 -2.519399999999999973e-01
5.101339999999999764e-01 -2.864419999999999744e-01
4.892960000000000087e-01 -4.296010000000000106e-01
6.228650000000000020e-01 -2.394499999999999962e-01
4.222130000000000050e-01 -1.817590000000000039e-01
5.085290000000000088e-01 -8.216900000000000592e-02
4.469190000000000107e-01 -1.833859999999999935e-01
5.786900000000000377e-01 -3.731829999999999870e-01
5.906529999999999836e-01 -8.871900000000000619e-02
5.834080000000000377e-01 -1.742140000000000077e-01
5.989189999999999792e-01 -3.439570000000000127e-01
6.239099999999999646e-01 1.011299999999999977e-01
7.353840000000000376e-01 -7.539099999999999968e-02
6.368780000000000552e-01 2.915420000000000234e-01
6.015909999999999869e-01 3.297499999999999737e-02
4.557959999999999789e-01 3.815509999999999735e-01
7.455770000000000453e-01 -2.576399999999999871e-02
5.016570000000000196e-01 -9.089200000000000057e-02
5.809619999999999784e-01 8.209800000000000431e-02
4.571479999999999988e-01 4.616410000000000236e-01
6.749579999999999469e-01 -1.111799999999999941e-02
6.686549999999999994e-01 2.012299999999999922e-01
5.415250000000000341e-01 2.032269999999999910e-01
5.807290000000000507e-01 1.981839999999999991e-01
6.733080000000000176e-01 3.500599999999999823e-01
5.332240000000000313e-01 -1.939309999999999923e-01
5.000329999999999497e-01 -1.244709999999999983e-01
5.012459999999999694e-01 -6.221299999999999747e-02
5.117150000000000309e-01 -1.292659999999999920e-01
3.050760000000000138e-01 -5.126749999999999918e-01
7.093409999999999993e-01 1.581780000000000130e-01
-5.022290000000000365e-01 1.924700000000000022e-02
-6.917969999999999953e-01 2.958140000000000214e-01
7.191349999999999687e-01 3.189899999999999680e-02
-7.190750000000000197e-01 3.202639999999999931e-01
-6.037930000000000241e-01 2.987650000000000028e-01
4.620540000000000203e-01 5.605790000000000495e-01
-5.594580000000000108e-01 -1.120200000000000015e-02
-5.405459999999999710e-01 -7.029100000000000625e-02
-6.054070000000000285e-01 -4.029200000000000143e-02
-6.848370000000000291e-01 6.380919999999999925e-01
-6.416079999999999561e-01 1.185260000000000064e-01
-5.617820000000000036e-01 3.567710000000000048e-01
-6.844500000000000028e-01 7.634000000000000508e-02
-6.907860000000000111e-01 2.685130000000000017e-01
-7.056409999999999627e-01 2.727189999999999892e-01
-5.034960000000000546e-01 -3.168929999999999803e-01
-6.224300000000000388e-01 5.216849999999999543e-01
-4.776000000000000245e-01 -4.588400000000000117e-02
-5.937440000000000495e-01 4.254149999999999876e-01
5.389779999999999571e-01 5.703089999999999549e-01
5.405189999999999717e-01 5.987100000000000061e-02
-6.315929999999999600e-01 -2.588739999999999930e-01
-7.829660000000000508e-01 1.168519999999999975e-01
-4.786349999999999771e-01 -1.844799999999999912e-02
-7.196749999999999536e-01 1.141920000000000018e-01
-6.722200000000000397e-01 6.233600000000000252e-02
-6.766109999999999625e-01 8.441200000000000092e-02
-5.099909999999999721e-01 -5.686100000000000182e-02
-3.721690000000000276e-01 1.754700000000000010e-02
-4.091679999999999762e-01 -2.504410000000000247e-01
-6.451210000000000555e-01 7.643400000000000194e-02
-6.509099999999999886e-01 -1.357210000000000083e-01
-7.112159999999999593e-01 4.201599999999999779e-02
-6.897870000000000390e-01 2.166800000000000115e-01
-7.133420000000000316e-01 1.867979999999999918e-01
-6.009120000000000017e-01 4.088879999999999737e-01
-6.761110000000000175e-01 -3.145649999999999835e-01
-6.796759999999999469e-01 7.820000000000000345e-04
-6.494090000000000140e-01 1.770950000000000024e-01
-4.333940000000000015e-01 1.888839999999999963e-01
-5.933420000000000361e-01 2.588400000000000076e-02
-4.794390000000000041e-01 1.559010000000000118e-01
-5.128350000000000408e-01 2.425519999999999898e-01
-5.987940000000000484e-01 4.301100000000000062e-02
-4.737370000000000192e-01 -1.639009999999999911e-01
-8.309630000000000072e-01 7.183799999999999908e-02
-4.893730000000000024e-01 -6.233799999999999758e-02
-6.918349999999999778e-01 4.292030000000000012e-01
-6.149799999999999711e-01 3.206950000000000078e-01
-5.377020000000000133e-01 5.383649999999999824e-01
-7.033169999999999700e-01 6.190699999999999675e-02
-3.311910000000000132e-01 -2.064320000000000044e-01
-3.822400000000000242e-01 -1.713299999999999892e-02
-4.515239999999999809e-01 4.904100000000000126e-02
-5.568279999999999896e-01 6.908680000000000376e-01
-5.159880000000000022e-01 -5.849800000000000139e-02
-6.393339999999999579e-01 1.960760000000000003e-01
-6.035800000000000054e-01 1.464880000000000071e-01
-3.566699999999999871e-01 4.642899999999999805e-02
-4.612589999999999746e-01 -3.338880000000000181e-01
-6.298660000000000370e-01 3.128310000000000257e-01
-3.366410000000000236e-01 4.419969999999999732e-01
-7.865600000000000369e-01 -2.923999999999999950e-03
-5.027719999999999967e-01 -1.488659999999999983e-01
-6.107409999999999783e-01 2.806730000000000058e-01
-4.799999999999999822e-01 2.863459999999999894e-01
-6.681679999999999842e-01 2.945269999999999833e-01
-6.686950000000000394e-01 1.365949999999999942e-01
-7.772310000000000052e-01 3.110669999999999824e-01
-4.596910000000000163e-01 -2.115100000000000036e-01
-5.482380000000000031e-01 1.928650000000000087e-01
-5.209730000000000194e-01 -6.526300000000000157e-02
-5.126290000000000013e-01 2.587659999999999960e-01
-4.590179999999999816e-01 1.610929999999999862e-01
-5.861410000000000231e-01 1.057199999999999945e-01
-5.475579999999999892e-01 3.315379999999999994e-01
-6.856419999999999737e-01 2.512090000000000156e-01
-7.945339999999999625e-01 5.581099999999999950e-02
-7.345800000000000107e-01 2.874360000000000248e-01
-8.193190000000000195e-01 1.414289999999999992e-01
-8.013980000000000548e-01 3.984429999999999916e-01
-6.730469999999999509e-01 2.155259999999999954e-01
-7.121499999999999497e-01 2.724860000000000060e-01
-8.272019999999999929e-01 1.611070000000000002e-01
-7.810340000000000060e-01 2.532220000000000026e-01
-6.186080000000000467e-01 2.224999999999999981e-03
-6.725689999999999724e-01 -3.153299999999999992e-01
-6.446269999999999500e-01 2.318310000000000093e-01
-5.361930000000000307e-01 3.612020000000000231e-01
-4.937960000000000127e-01 4.463719999999999910e-01
-6.809420000000000472e-01 -1.252999999999999991e-03
-8.705789999999999917e-01 1.645300000000000096e-01
-8.712100000000000399e-01 9.924900000000000388e-02
-3.720550000000000246e-01 3.423789999999999889e-01
-7.346519999999999717e-01 3.367900000000000060e-02
5.802110000000000323e-01 9.948799999999999311e-02
-6.689650000000000318e-01 2.929399999999999782e-01
-7.459609999999999852e-01 2.254279999999999895e-01
-5.108829999999999760e-01 -2.015800000000000092e-01
-6.700439999999999729e-01 6.305700000000000194e-02
7.484009999999999829e-01 3.655800000000000161e-01
-4.258899999999999908e-01 1.760460000000000080e-01
-6.080889999999999906e-01 2.243999999999999884e-01
-6.087869999999999671e-01 1.557969999999999910e-01
-6.038839999999999764e-01 3.028089999999999948e-01
-4.874749999999999917e-01 3.621070000000000122e-01
-4.730260000000000020e-01 -3.075200000000000156e-02
-4.484009999999999940e-01 -1.446429999999999938e-01
-6.067099999999999715e-01 4.303899999999999948e-01
-6.570000000000000284e-01 3.086300000000000154e-02
-6.607600000000000140e-01 9.510000000000000224e-04
-7.072279999999999678e-01 1.328409999999999869e-01
-6.592329999999999579e-01 3.015880000000000227e-01
-5.199949999999999850e-01 6.650499999999999468e-02
-6.363739999999999952e-01 1.399660000000000071e-01
-5.999550000000000161e-01 4.409150000000000014e-01
-5.657130000000000214e-01 5.836879999999999846e-01
-5.367779999999999774e-01 -4.141299999999999842e-02
-3.883699999999999930e-01 -5.133849999999999802e-01
-3.290649999999999964e-01 -4.923009999999999886e-01
-3.924599999999999755e-01 -4.139079999999999981e-01
-4.734430000000000027e-01 -5.990299999999999792e-02
-5.734430000000000360e-01 -4.130559999999999787e-01
-4.607660000000000089e-01 -1.902909999999999879e-01
-6.077669999999999462e-01 -1.086889999999999940e-01
-4.590799999999999881e-01 -2.323479999999999990e-01
-4.407980000000000231e-01 -1.034429999999999933e-01
-4.869539999999999980e-01 -7.176499999999999546e-02
-6.556290000000000173e-01 2.608809999999999740e-01
-5.878459999999999797e-01 -9.917000000000000468e-03
-6.119440000000000435e-01 -7.716000000000000636e-02
-6.153739999999999766e-01 1.562639999999999862e-01
-6.515549999999999953e-01 1.939499999999999905e-02
-6.165329999999999977e-01 8.512200000000000322e-02
-6.087890000000000246e-01 -2.862299999999999914e-02
-4.229450000000000154e-01 2.245419999999999916e-01
-5.454609999999999737e-01 1.057120000000000004e-01
-6.616830000000000211e-01 2.906279999999999974e-01
-5.951189999999999536e-01 1.418500000000000039e-01
-6.261820000000000164e-01 7.960000000000000409e-02
-4.932940000000000103e-01 1.785160000000000080e-01
-6.845020000000000548e-01 8.806500000000000439e-02
-4.618019999999999903e-01 3.998590000000000200e-01
-5.842180000000000151e-01 -8.007000000000000228e-03
1.095649999999999957e-01 -4.012200000000000211e-01
-7.016769999999999952e-01 4.325220000000000176e-01
-7.477200000000000513e-01 3.207389999999999963e-01
-7.531949999999999479e-01 9.190299999999999858e-02
-3.709740000000000260e-01 2.799909999999999899e-01
-8.386900000000000466e-01 2.695810000000000151e-01
-6.843230000000000146e-01 -1.039680000000000049e-01
-6.309399999999999453e-01 -3.546230000000000215e-01
-7.263960000000000417e-01 1.949859999999999927e-01
-5.824460000000000193e-01 -2.860159999999999925e-01
-5.140430000000000277e-01 3.262360000000000260e-01
-7.315000000000000391e-01 -1.579969999999999986e-01
-7.253859999999999753e-01 2.623070000000000124e-01
-7.289809999999999901e-01 3.254239999999999911e-01
-6.538500000000000423e-01 2.270510000000000028e-01
-1.175650000000000028e-01 -5.016350000000000531e-01
-5.445370000000000488e-01 -4.591089999999999893e-01
-6.529190000000000271e-01 2.006459999999999910e-01
-7.350889999999999924e-01 3.922740000000000116e-01
-6.596589999999999954e-01 1.226890000000000064e-01
-5.510040000000000493e-01 -2.515519999999999978e-01
-7.229900000000000215e-01 1.745410000000000017e-01
-6.158919999999999950e-01 2.484480000000000022e-01
-7.272589999999999888e-01 2.999399999999999983e-02
-5.908130000000000326e-01 -1.858470000000000122e-01
-8.542600000000000193e-01 3.202160000000000006e-01
-6.245330000000000048e-01 4.836100000000000121e-02
-3.679589999999999805e-01 -3.051110000000000211e-01
-3.679339999999999833e-01 2.820030000000000037e-01
-6.158050000000000468e-01 -5.137699999999999906e-02
-6.454520000000000257e-01 -7.723199999999999510e-02
-5.574630000000000418e-01 2.349140000000000117e-01
-5.304910000000000458e-01 4.825249999999999817e-01
-4.803990000000000204e-01 -1.618999999999999884e-01
-6.947510000000000074e-01 1.829149999999999943e-01
-5.745170000000000554e-01 5.469490000000000185e-01
-5.357300000000000395e-01 -3.749669999999999948e-01
-6.162189999999999612e-01 2.038989999999999969e-01
-6.053549999999999764e-01 -3.274900000000000033e-02
-7.126959999999999962e-01 4.040699999999999847e-01
-4.084269999999999845e-01 -3.181450000000000111e-01
-7.378630000000000466e-01 3.627150000000000096e-01
-7.882169999999999455e-01 2.888390000000000124e-01
-6.797050000000000036e-01 -1.749300000000000160e-02
-6.283849999999999714e-01 3.826300000000000257e-01
-6.252760000000000540e-01 5.687199999999999894e-02
-7.888399999999999856e-01 1.510340000000000016e-01
-6.691759999999999931e-01 7.574799999999999589e-02
-7.101659999999999640e-01 -5.726300000000000140e-02
-7.355270000000000419e-01 3.347979999999999845e-01
-6.947659999999999947e-01 4.150170000000000248e-01
-5.141259999999999719e-01 -3.259130000000000082e-01
-5.109860000000000513e-01 -1.205549999999999955e-01
-5.308129999999999793e-01 -4.187099999999999850e-02
-2.329549999999999954e-01 -2.383939999999999948e-01
-7.085190000000000099e-01 2.497399999999999967e-02
-8.834429999999999783e-01 3.485409999999999897e-01
-6.426230000000000553e-01 -1.053960000000000036e-01
-7.152739999999999654e-01 1.171770000000000034e-01
-7.346089999999999565e-01 1.076079999999999953e-01
-8.117400000000000171e-01 -3.536799999999999666e-02
-6.586929999999999730e-01 5.139979999999999549e-01
-6.705940000000000234e-01 3.376170000000000004e-01
-4.501990000000000158e-01 -2.443710000000000049e-01
-6.357420000000000293e-01 2.101770000000000027e-01
-7.905170000000000252e-01 4.615000000000000178e-03
-6.647870000000000168e-01 -2.132840000000000014e-01
-7.252140000000000253e-01 -2.800000000000000058e-02
-7.011319999999999775e-01 2.227099999999999913e-02
-6.253659999999999775e-01 -2.233590000000000020e-01
-5.345170000000000199e-01 7.881799999999999917e-02
-6.829579999999999540e-01 2.537420000000000231e-01
-7.563170000000000170e-01 -7.351399999999999602e-02
-4.919609999999999816e-01 7.293800000000000283e-01
-7.553990000000000427e-01 3.253889999999999838e-01
-5.349380000000000246e-01 4.935459999999999847e-01
-5.470939999999999692e-01 -2.864650000000000252e-01
-6.771030000000000104e-01 2.564509999999999845e-01
-5.902969999999999606e-01 -1.175080000000000013e-01
-7.539679999999999715e-01 9.196400000000000408e-02
-7.010450000000000292e-01 4.561699999999999783e-02
-6.599930000000000518e-01 1.711340000000000083e-01
-5.578880000000000505e-01 2.921719999999999873e-01
-6.883639999999999759e-01 5.320780000000000509e-01
-4.400580000000000047e-01 -3.151360000000000272e-01
-7.470569999999999711e-01 2.898299999999999835e-02
7.131619999999999626e-01 3.162269999999999803e-01
-5.586529999999999552e-01 1.188899999999999957e-01
-6.786710000000000242e-01 5.609140000000000237e-01
-6.772299999999999986e-01 3.585189999999999766e-01
-5.085990000000000233e-01 3.179029999999999911e-01
-6.808600000000000207e-01 1.203530000000000016e-01
-6.205359999999999765e-01 2.966460000000000208e-01
-5.892929999999999557e-01 5.256849999999999579e-01
-5.259700000000000486e-01 -1.049910000000000010e-01
-5.616480000000000361e-01 2.371890000000000109e-01
-6.493440000000000323e-01 4.420270000000000032e-01
-5.278420000000000334e-01 -1.282220000000000026e-01
-6.334089999999999998e-01 4.141139999999999821e-01
-6.822230000000000238e-01 1.748460000000000014e-01
5.918430000000000080e-01 2.357849999999999946e-01
-6.393560000000000354e-01 6.092499999999999999e-02
-4.615040000000000253e-01 -2.654190000000000160e-01
-6.855369999999999520e-01 -7.978999999999999981e-03
-5.046479999999999855e-01 -2.795400000000000107e-01
-6.869089999999999918e-01 -2.650999999999999884e-02
-9.433800000000000519e-02 -4.413770000000000193e-01
-5.531059999999999865e-01 1.119999999999999983e-04
-3.355119999999999769e-01 -2.393170000000000019e-01
-4.629909999999999859e-01 -1.957869999999999888e-01
5.745409999999999684e-01 3.473709999999999853e-01
-3.425079999999999791e-01 -2.697200000000000153e-01
-3.825459999999999972e-01 4.899099999999999983e-02
-4.446919999999999762e-01 -8.149199999999999500e-02
-8.083660000000000290e-01 1.987460000000000060e-01
-5.226389999999999647e-01 -8.118400000000000616e-02
5.829149999999999610e-01 5.889429999999999943e-01
-6.811450000000000005e-01 2.475970000000000115e-01
-5.228819999999999579e-01 -4.176869999999999750e-01
-6.217399999999999594e-01 -1.886170000000000069e-01
-5.564860000000000362e-01 1.854850000000000110e-01
-5.910860000000000003e-01 1.674219999999999875e-01
-6.560209999999999653e-01 1.513639999999999985e-01
7.735570000000000501e-01 1.816770000000000052e-01
8.057819999999999983e-01 3.190870000000000095e-01
7.916879999999999473e-01 9.499599999999999711e-02
6.376859999999999751e-01 3.707559999999999745e-01
-1.384600000000000067e-02 5.727229999999999821e-01
5.299380000000000202e-01 4.360629999999999784e-01
7.886229999999999629e-01 1.702160000000000062e-01
5.917750000000000510e-01 6.170010000000000217e-01
4.755289999999999795e-01 3.178380000000000094e-01
4.206799999999999984e-01 1.410140000000000005e-01
6.448509999999999520e-01 1.938410000000000133e-01
6.127580000000000249e-01 5.019010000000000415e-01
-2.968629999999999880e-01 -2.215209999999999957e-01
-3.843730000000000202e-01 4.889600000000000196e-02
-6.709589999999999721e-01 2.262499999999999928e-02
-3.595949999999999980e-01 -1.009869999999999934e-01
-4.105509999999999993e-01 3.042779999999999929e-01
-5.182499999999999885e-01 1.536399999999999919e-02
5.557509999999999950e-01 1.726129999999999887e-01
7.112190000000000456e-01 1.767799999999999927e-02
7.038370000000000459e-01 1.865040000000000031e-01
7.618650000000000144e-01 2.909160000000000079e-01
6.126519999999999744e-01 -1.582999999999999989e-03
4.187810000000000143e-01 7.231039999999999690e-01
6.668159999999999643e-01 1.457440000000000124e-01
6.388650000000000162e-01 4.266349999999999865e-01
6.623649999999999816e-01 2.643940000000000179e-01
6.032229999999999537e-01 2.459530000000000050e-01
5.453170000000000517e-01 1.807140000000000135e-01
5.675430000000000197e-01 3.152860000000000107e-01
7.509890000000000176e-01 -5.439000000000000258e-03
6.002739999999999743e-01 5.649849999999999595e-01
6.057810000000000139e-01 7.299250000000000460e-01
5.707649999999999668e-01 5.367950000000000221e-01
3.335949999999999749e-01 3.537770000000000081e-01
3.996629999999999905e-01 4.624369999999999870e-01
5.881450000000000289e-01 5.939710000000000267e-01
6.825120000000000076e-01 6.117299999999999960e-01
5.825780000000000403e-01 3.662500000000000200e-01
4.863830000000000098e-01 4.800570000000000115e-01
5.908679999999999488e-01 5.014389999999999681e-01
4.913170000000000037e-01 3.046059999999999879e-01
6.417840000000000211e-01 4.269999999999999907e-01
5.444909999999999473e-01 5.653350000000000319e-01
6.217040000000000344e-01 6.191459999999999742e-01
5.657980000000000231e-01 4.762020000000000142e-01
3.548990000000000200e-01 4.504589999999999983e-01
5.597069999999999546e-01 6.391270000000000007e-01
6.454999999999999627e-01 3.870359999999999912e-01
5.073940000000000117e-01 4.611109999999999931e-01
5.993309999999999471e-01 4.842750000000000110e-01
6.532660000000000133e-01 4.342750000000000221e-01
5.697320000000000162e-01 1.797759999999999914e-01
1.238559999999999939e-01 6.915240000000000276e-01
4.701440000000000063e-01 5.704709999999999503e-01
3.313470000000000026e-01 5.212729999999999864e-01
4.701440000000000063e-01 7.593290000000000317e-01
5.536879999999999580e-01 5.099409999999999776e-01
6.569789999999999797e-01 4.701150000000000051e-01
5.304419999999999691e-01 4.445890000000000120e-01
6.055570000000000119e-01 3.480869999999999798e-01
5.109219999999999873e-01 6.046340000000000048e-01
5.185729999999999507e-01 2.653090000000000170e-01
2.363729999999999998e-01 4.599520000000000275e-01
5.238720000000000043e-01 3.575289999999999857e-01
4.669189999999999729e-01 2.642500000000000057e-02
-5.773949999999999916e-01 -6.281299999999999384e-02
-7.211330000000000240e-01 4.739829999999999877e-01
-6.184060000000000112e-01 1.893549999999999955e-01
-5.964829999999999854e-01 2.610219999999999763e-01
-4.708910000000000040e-01 -1.530700000000000116e-01
-6.064920000000000311e-01 2.488450000000000106e-01
-8.111509999999999554e-01 3.107429999999999914e-01
-4.952739999999999920e-01 -1.908259999999999956e-01
-6.178470000000000351e-01 1.247459999999999958e-01
-3.133099999999999774e-02 -1.375919999999999921e-01
-4.946619999999999906e-01 2.544290000000000163e-01
-6.600730000000000208e-01 1.813659999999999994e-01
-6.494419999999999638e-01 5.721540000000000514e-01
-7.586469999999999603e-01 3.474630000000000218e-01
-8.266940000000000399e-01 2.558509999999999951e-01
-6.688939999999999886e-01 2.883240000000000247e-01
-7.196879999999999944e-01 4.428909999999999791e-01
-4.625190000000000135e-01 1.706099999999999978e-02
-7.290219999999999478e-01 -3.183099999999999818e-02
-7.031450000000000200e-01 1.292419999999999958e-01
-6.907480000000000286e-01 3.242360000000000242e-01
-7.249050000000000216e-01 2.368250000000000077e-01
-5.809649999999999537e-01 2.724579999999999780e-01
-7.246609999999999996e-01 7.655499999999999805e-02
-6.192149999999999599e-01 3.897199999999999970e-02
-6.436870000000000092e-01 7.163999999999999535e-02
-5.250449999999999839e-01 5.695620000000000127e-01
-6.191929999999999934e-01 2.883470000000000200e-01
-6.512569999999999748e-01 1.722140000000000060e-01
-8.551779999999999937e-01 4.993199999999999722e-02
-6.688150000000000484e-01 3.669510000000000272e-01
-6.364319999999999977e-01 4.041089999999999960e-01
-6.859480000000000022e-01 2.558540000000000258e-01
-5.270799999999999930e-01 1.218560000000000060e-01
-6.654440000000000355e-01 6.201799999999999674e-02
-6.802740000000000453e-01 4.992200000000000110e-02
-7.131870000000000154e-01 7.222000000000000121e-03
-6.394480000000000164e-01 3.746479999999999810e-01
-5.993519999999999959e-01 6.165500000000000147e-02
-5.271280000000000410e-01 7.370699999999999474e-02
-6.142859999999999987e-01 8.114100000000000479e-02
-7.089029999999999498e-01 4.240300000000000319e-02
-5.774909999999999766e-01 3.657219999999999915e-01
-6.104270000000000529e-01 9.467399999999999427e-02
-5.722509999999999541e-01 4.806999999999999641e-03
-7.408219999999999805e-01 4.854970000000000119e-01
-6.838699999999999779e-01 3.051449999999999996e-01
-6.200590000000000268e-01 4.624380000000000157e-01
-6.687790000000000123e-01 2.022150000000000059e-01
-7.261239999999999917e-01 9.803399999999999614e-02
-4.598470000000000057e-01 -2.210940000000000127e-01
-6.238000000000000211e-01 1.423959999999999948e-01
-5.509199999999999653e-01 6.316800000000000193e-02
-5.632200000000000539e-01 9.188100000000000434e-02
-5.581479999999999775e-01 -1.549300000000000122e-01
-5.518859999999999877e-01 1.347250000000000114e-01
-5.402080000000000215e-01 -1.268390000000000073e-01
5.095429999999999682e-01 2.853350000000000053e-01
-6.524520000000000319e-01 -1.455599999999999949e-02
-4.780599999999999850e-01 -2.812660000000000160e-01
-6.931610000000000271e-01 3.657540000000000235e-01
-1.835279999999999967e-01 -3.100519999999999943e-01
-6.865350000000000064e-01 2.263519999999999976e-01
-5.607370000000000410e-01 -3.674859999999999793e-01
-5.762380000000000280e-01 2.714289999999999758e-01
-5.367100000000000204e-01 -1.108699999999999963e-02
-5.019390000000000240e-01 5.004859999999999864e-01
-6.557549999999999768e-01 7.818700000000000649e-02
-7.242910000000000181e-01 2.933410000000000184e-01
-6.583569999999999700e-01 4.739249999999999852e-01
-4.102549999999999808e-01 -1.472400000000000098e-01
-7.268259999999999721e-01 1.994140000000000079e-01
-4.484600000000000253e-01 1.486830000000000096e-01
7.179959999999999676e-01 2.956599999999999784e-01
-4.197339999999999960e-01 -3.222360000000000224e-01
-5.667299999999999560e-01 -2.816859999999999919e-01
-5.794019999999999726e-01 -1.443799999999999945e-02
-8.508409999999999584e-01 1.865249999999999964e-01
-6.099869999999999459e-01 4.086179999999999812e-01
-5.987580000000000124e-01 1.440279999999999894e-01
-5.441639999999999810e-01 -3.076999999999999874e-02
-8.544829999999999925e-01 3.248800000000000299e-02
-7.546089999999999742e-01 -2.018379999999999896e-01
-7.348350000000000160e-01 4.545489999999999808e-01
-6.381080000000000085e-01 1.665399999999999867e-02
-5.996500000000000163e-01 1.694539999999999935e-01
-6.533309999999999951e-01 -3.573330000000000117e-01
-4.952210000000000223e-01 -1.659499999999999864e-01
-5.644850000000000145e-01 -1.566029999999999922e-01
-7.266719999999999846e-01 3.518589999999999773e-01
-5.437670000000000003e-01 4.585569999999999924e-01
-5.446410000000000418e-01 -9.471599999999999464e-02
-7.280799999999999494e-01 2.428659999999999985e-01
-8.430830000000000268e-01 7.434399999999999342e-02
-5.886120000000000241e-01 -1.867920000000000136e-01
-2.689130000000000131e-01 -2.643960000000000199e-01
-4.784550000000000192e-01 6.667079999999999673e-01
-5.730769999999999476e-01 -1.483849999999999891e-01
-5.972629999999999884e-01 7.430399999999999505e-02
-4.729459999999999775e-01 -2.450309999999999988e-01
-7.378059999999999619e-01 4.026660000000000239e-01
-6.601569999999999938e-01 2.228829999999999978e-01
-5.935150000000000148e-01 2.303600000000000092e-02
-4.566009999999999791e-01 -1.378679999999999906e-01
-6.528549999999999631e-01 -2.678420000000000245e-01
-6.585429999999999895e-01 2.638909999999999867e-01
-7.819490000000000052e-01 2.578440000000000176e-01
-5.733260000000000023e-01 2.123539999999999872e-01
-7.037090000000000289e-01 1.596380000000000021e-01
-5.236880000000000424e-01 3.364449999999999941e-01
-3.643029999999999879e-01 -3.771379999999999733e-01
-5.953040000000000553e-01 4.148040000000000060e-01
-8.183989999999999876e-01 1.971900000000000042e-01
-7.073770000000000335e-01 -5.568399999999999739e-02
-6.251860000000000195e-01 1.495999999999999934e-03
