-1.062068965517241503e+00 6.479877197775615969e-04 4.008215274705247133e-04 0.000000000000000000e+00 0.000000000000000000e+00 1.881627483566601557e-03 6.227428127556581530e-04 1.026653676662492949e-03 8.525343275492722715e-04 1.237483240947542893e-03 1.735216974901820333e-04 0.000000000000000000e+00 0.000000000000000000e+00
-9.862068965517242214e-01 2.202780029045878912e-02 1.109313630242157300e-03 1.902196624744448283e-02 2.076563256517039834e-03 3.731614109401251711e-02 8.840378519148062511e-03 2.687448563159226117e-02 3.795369344701729226e-03 1.962212489268396615e-02 2.685036456832465973e-03 1.307957860310871717e-02 7.479118192347524938e-04
-9.103448275862069394e-01 1.839197712310624011e-01 2.471163231350674908e-03 1.098911235269025843e-01 9.145105579541245450e-03 2.468211737554795726e-01 3.374524748873530822e-02 1.302921930766980929e-01 4.132006494035550016e-03 1.889180701727659895e-01 1.270118760573578365e-02 1.161526846196557772e-01 1.695927098273314901e-03
-8.344827586206897685e-01 7.468728940143771755e-01 9.024303800603582573e-03 5.304420698008642798e-01 3.430736277298691156e-03 8.296073260312463171e-01 8.741019859944167136e-02 3.935064591726496475e-01 1.889887512747324971e-02 7.673748303725611564e-01 4.584352467905188078e-02 5.236118132843958772e-01 3.822186238942416187e-03
-7.586206896551723755e-01 1.663471099994483726e+00 8.944585130360657721e-03 1.258867445202942470e+00 2.433864481169176544e-02 1.479581099265182331e+00 1.378899394042714666e-01 7.361547800324239610e-01 1.599135170657153826e-02 1.691287206929807940e+00 1.894631490127952206e-02 1.260312524309274540e+00 4.209122159310471969e-03
-6.827586206896552046e-01 2.203914540914686526e+00 2.492918298406994818e-02 1.698756944109666378e+00 5.074925144441982776e-03 1.623184955551427500e+00 1.290035301081390862e-01 9.060715755498953694e-01 1.119419966024319188e-02 2.294746232423960031e+00 2.020536264135104274e-02 1.630704713385399574e+00 2.961685276936584441e-02
-6.068965517241380336e-01 1.965872054760815280e+00 1.730641878406649625e-02 1.621176362855759390e+00 1.386449388109587712e-02 1.240858588843504640e+00 9.082425641807675976e-02 7.160353744602421244e-01 1.616531248902799284e-02 2.112230557834018363e+00 2.168231502299100208e-02 1.484693814230439113e+00 1.666455021172043305e-02
-5.310344827586206407e-01 1.331925615316055023e+00 1.808818954374456778e-02 1.142420624906590021e+00 2.415558930267467513e-02 7.637128806795583369e-01 4.452147478984654766e-02 4.969688964380829521e-01 3.380930610974496129e-03 1.436393113247979914e+00 3.063038041840882714e-02 1.018865429501734976e+00 8.325756068338348997e-03
-4.551724137931034142e-01 7.631418985390174825e-01 1.274771884183604695e-02 7.462666918340480349e-01 1.787402268508710493e-02 4.173827044630490368e-01 1.970811513756430891e-02 2.827384549885406106e-01 7.229057355095554194e-03 8.081264565773458308e-01 2.235055719377276179e-02 6.219926239121991163e-01 2.595207779666195216e-02
-3.793103448275861322e-01 4.307086980995071812e-01 4.640545648130394232e-03 4.627127421044365252e-01 9.825932073099416172e-03 2.199763444862163908e-01 1.070387513920708494e-02 1.803155405607833051e-01 9.549918834545399055e-03 4.260288162539475065e-01 1.663748394394904892e-02 3.346773772009238868e-01 4.901629006230628222e-03
-3.034482758620689058e-01 2.459337682292996319e-01 1.193641053233093991e-03 2.882420221567506546e-01 1.365613577013640757e-03 1.226947698262693953e-01 2.538888922616039118e-03 1.199676300876538620e-01 1.108427865647637492e-03 2.340125043304651653e-01 4.778265031501569005e-03 1.943367099921337604e-01 1.465334666822517944e-02
-2.275862068965516793e-01 1.581609380630673856e-01 6.426623515925416552e-04 2.155961965046231943e-01 1.335977450967758273e-02 8.100982248945537423e-02 3.532298027548448453e-03 8.903172566220056428e-02 2.073968017394783783e-03 1.368697461597771503e-01 7.560007677305181006e-04 1.235045627383034861e-01 9.082539149326997532e-03
-1.517241379310343974e-01 1.048603678742358464e-01 5.784580810287169930e-03 1.491824912757046817e-01 2.604406992692195021e-03 5.983034390725969209e-02 4.846374514367660091e-03 7.126909178594403871e-02 6.109802944132157985e-03 9.039838059515485635e-02 2.750416668126954688e-03 8.413867527901539023e-02 5.708827566086122941e-03
-7.586206896551717094e-02 8.726207840376704050e-02 5.960981598793302881e-03 1.227243474723493655e-01 1.860294706812597567e-03 5.088902920210262859e-02 3.936233424042858038e-03 6.255959477319550377e-02 3.755246841827454812e-03 8.022057566659884786e-02 2.968794001303311919e-03 7.074440340561592711e-02 1.998627328915174826e-03
1.110223024625156540e-16 7.662893875888725226e-02 2.373739938800694012e-03 1.251201607048468556e-01 3.155754330665947512e-03 4.821656057371786347e-02 4.428257930385579889e-03 6.127384561469418484e-02 4.262022197494063497e-03 6.616855677650415601e-02 5.253443508429995155e-03 7.491313288358633637e-02 1.279285408016306519e-03
7.586206896551739298e-02 8.240993765020065975e-02 5.637040203872193712e-03 1.316471952350151686e-01 9.180676812621728182e-04 5.950077012892002887e-02 2.177452757351243644e-03 8.629052516743805634e-02 2.036467617538907302e-03 7.855260316571349710e-02 1.034092291730446395e-02 8.597125433216573631e-02 2.750719235887471442e-03
1.517241379310345639e-01 9.233143816997793629e-02 6.063572027473930828e-03 1.623514669337117744e-01 3.223398759691856880e-03 7.940374966095158082e-02 4.912334412015169349e-03 8.815351450115274656e-02 2.216589145743673786e-03 9.317502800419699693e-02 1.523975244257790018e-02 1.024088407496937386e-01 5.386784720673712043e-03
2.275862068965518459e-01 1.307046778031010215e-01 1.289031097237977076e-02 2.118989100830170891e-01 3.483263665585432153e-03 1.197340816318133022e-01 1.036064868951236569e-02 1.649898837337169799e-01 3.841508198754021910e-03 1.345696349700317151e-01 2.527113759959860248e-02 1.796684351887962716e-01 3.576991442305144618e-03
3.034482758620691278e-01 1.937874754623017948e-01 1.926987149029755694e-02 3.029754035136472679e-01 1.076354171371868285e-02 1.947895284515029912e-01 2.896991738296434207e-02 2.770118921248629906e-01 1.086410399355531957e-02 2.142347278085055540e-01 4.144250381993204446e-02 2.831738411601770755e-01 1.037204409418403597e-02
3.793103448275864098e-01 2.966264975301530771e-01 2.635473572396602668e-02 5.003716569130374214e-01 1.507169670816824528e-02 3.430491606603894850e-01 6.089176287336441756e-02 5.655887936088339618e-01 1.714650297938836651e-02 3.313185892889183859e-01 4.593576941743741926e-02 5.076588055584803083e-01 1.853987277513912887e-02
4.551724137931036918e-01 4.642286015299029733e-01 3.621303628028795657e-02 7.142321647839646737e-01 5.604569366994937261e-03 6.004447705175071093e-01 8.033677056192571608e-02 9.767409518726835049e-01 1.825951114829100011e-02 5.128612497268387749e-01 5.598944794873170899e-02 8.152687275448475823e-01 8.015703124694109963e-03
5.310344827586208627e-01 6.597622093763816364e-01 2.870028817274319216e-02 9.699906737015540070e-01 2.094005942925742172e-02 9.857522041293396153e-01 1.179123302836902754e-01 1.505532095171133733e+00 1.762451676050998117e-02 6.931070116348405641e-01 2.761113735231671834e-02 1.199133696932731752e+00 1.947275242070626786e-02
6.068965517241381447e-01 7.984391239611219326e-01 1.417043733224869484e-02 1.063161217831243732e+00 4.504358203921934867e-03 1.379400038283552066e+00 1.284243170089619246e-01 1.988632446371979334e+00 6.312523145527752615e-03 7.605537229294723200e-01 2.169372092317871370e-02 1.376870498316783653e+00 3.908732257940565440e-03
6.827586206896554266e-01 8.080113507238761983e-01 2.661635368417273467e-02 9.567586568403165792e-01 1.307069462191873428e-02 1.493048296652649709e+00 1.004574391364097125e-01 2.073557998251750245e+00 2.252217608997156631e-02 6.591385729696841445e-01 5.656729964943882361e-02 1.182729803599724017e+00 5.098942422460027435e-03
7.586206896551725976e-01 5.744968347635769357e-01 4.470469293748496886e-02 6.243515747963652718e-01 1.309266022382853632e-02 1.186886010980314321e+00 5.037953405469419027e-02 1.505024908527693661e+00 3.049920932447686486e-02 4.281623763532044213e-01 5.924028668998024966e-02 7.954638263294964151e-01 2.412523827034889282e-02
8.344827586206898795e-01 3.028367751209853354e-01 3.548968509513039660e-02 2.819804744801807095e-01 9.235240713793725978e-03 6.240764034111114800e-01 1.451064294959897652e-02 7.475148315163593349e-01 2.116220611651458902e-02 1.844237172505684419e-01 3.307209661545933849e-02 3.389549165623048088e-01 1.529941547493512792e-02
9.103448275862071615e-01 9.383577136642541616e-02 8.743232775031410664e-03 7.762209273193325376e-02 6.285509504570576181e-03 1.820195291315426511e-01 3.144924891154648235e-03 2.096316556731996905e-01 1.427070438643956128e-02 4.982840902102399216e-02 9.830151682527569698e-03 7.123491333945594639e-02 6.296421925089670628e-03
9.862068965517243324e-01 1.622881993328884054e-02 2.312587979579412006e-03 1.166208138880944593e-02 1.829529309758238251e-03 2.685229784297842037e-02 1.658096824173547947e-03 3.724420196793637450e-02 2.975799663827368834e-03 6.030873432428062939e-03 1.424626066778433278e-03 9.199436693777370694e-03 8.115744055725186224e-04
1.062068965517241503e+00 9.520343992081867299e-04 2.635369158411976850e-05 5.752420642758013757e-04 5.302400975508594991e-04 2.079790865379650515e-03 5.116622498741047733e-04 0.000000000000000000e+00 0.000000000000000000e+00 4.088279700546137378e-04 1.226484434352890531e-04 5.349603457799558979e-04 5.032948891216613291e-04
