3.224489999999999856e-01 -7.808299999999999963e-02
5.229350000000000387e-01 9.656099999999999406e-02
6.348610000000000086e-01 2.205920000000000103e-01
3.386140000000000261e-01 2.041620000000000101e-01
6.799870000000000081e-01 2.781600000000000183e-01
3.419340000000000157e-01 1.159260000000000013e-01
2.786830000000000140e-01 7.492100000000000148e-02
3.831740000000000146e-01 -1.969770000000000132e-01
5.566830000000000389e-01 2.138200000000000101e-01
8.321790000000000020e-01 -3.193200000000000205e-02
-6.868729999999999558e-01 8.684999999999999665e-02
5.801579999999999515e-01 9.430700000000000194e-02
5.532040000000000290e-01 1.800099999999999964e-02
7.810479999999999645e-01 1.355100000000000054e-02
5.713859999999999495e-01 4.412200000000000150e-02
5.874679999999999902e-01 2.297939999999999983e-01
4.659940000000000193e-01 -1.384229999999999905e-01
5.222099999999999520e-01 1.356100000000000083e-01
6.577579999999999538e-01 1.644519999999999871e-01
6.889349999999999641e-01 2.526149999999999785e-01
3.460300000000000042e-01 1.067440000000000055e-01
3.088779999999999859e-01 1.605290000000000050e-01
4.489609999999999990e-01 2.111139999999999961e-01
5.195079999999999698e-01 4.768599999999999922e-02
5.959560000000000413e-01 -7.283999999999999676e-03
8.037300000000000000e-02 8.881100000000000105e-02
-2.124290000000000067e-01 6.545009999999999994e-01
-2.233199999999999907e-01 3.390290000000000248e-01
-1.940510000000000013e-01 2.938299999999999801e-01
3.983740000000000059e-01 4.062049999999999828e-01
2.740179999999999838e-01 2.780210000000000181e-01
5.273769999999999847e-01 3.954509999999999970e-01
4.078680000000000083e-01 2.542030000000000123e-01
3.797180000000000000e-01 4.957340000000000080e-01
3.323299999999999865e-02 2.478859999999999952e-01
3.812880000000000158e-01 8.222000000000000142e-02
3.874670000000000059e-01 2.990579999999999905e-01
3.013689999999999980e-01 8.176500000000000434e-02
1.249269999999999964e-01 -3.119099999999999998e-02
-6.809140000000000192e-01 1.531510000000000093e-01
-7.198949999999999516e-01 1.855690000000000117e-01
-5.995530000000000026e-01 1.184739999999999960e-01
4.760920000000000152e-01 2.791790000000000105e-01
2.236799999999999899e-01 -1.520920000000000050e-01
4.420180000000000220e-01 1.279770000000000074e-01
-2.729239999999999999e-01 3.224730000000000096e-01
6.208719999999999795e-01 9.893299999999999317e-02
5.404320000000000235e-01 -1.254790000000000072e-01
3.620680000000000009e-01 3.127630000000000132e-01
-4.589360000000000106e-01 2.364330000000000043e-01
7.664900000000000047e-01 1.208280000000000048e-01
5.786559999999999482e-01 2.676700000000000190e-01
5.637839999999999518e-01 -5.304799999999999793e-02
4.628289999999999904e-01 1.354150000000000076e-01
5.311080000000000245e-01 1.697319999999999940e-01
4.039690000000000225e-01 1.021750000000000019e-01
6.363309999999999800e-01 3.375290000000000235e-01
5.750309999999999588e-01 -5.867399999999999699e-02
5.612040000000000362e-01 3.591099999999999848e-02
4.337179999999999924e-01 1.076320000000000054e-01
5.621289999999999898e-01 -1.452950000000000075e-01
5.333179999999999588e-01 -1.166279999999999956e-01
5.851189999999999447e-01 2.679700000000000137e-02
5.436119999999999841e-01 -1.433939999999999937e-01
6.867130000000000178e-01 2.699540000000000273e-01
4.832819999999999894e-01 1.752759999999999874e-01
6.598739999999999606e-01 7.710799999999999599e-02
6.852000000000000313e-01 1.766189999999999982e-01
5.745590000000000419e-01 1.541939999999999977e-01
7.846480000000000121e-01 -2.596000000000000044e-02
5.374459999999999793e-01 1.306980000000000086e-01
2.519429999999999725e-01 4.123899999999999788e-01
4.370760000000000201e-01 1.677790000000000115e-01
6.236690000000000289e-01 1.536810000000000120e-01
6.451160000000000228e-01 1.722799999999999887e-01
3.341939999999999911e-01 -3.384999999999999988e-03
6.435370000000000257e-01 2.407630000000000048e-01
4.631629999999999914e-01 -1.232199999999999962e-01
4.360140000000000127e-01 1.650820000000000065e-01
2.362950000000000050e-01 1.212270000000000014e-01
6.313429999999999875e-01 -2.097500000000000059e-02
4.350959999999999828e-01 4.349700000000000094e-02
4.753359999999999808e-01 6.482999999999999874e-02
4.760190000000000254e-01 2.271209999999999896e-01
3.406469999999999776e-01 4.447500000000000064e-02
5.740960000000000507e-01 1.043110000000000009e-01
5.139359999999999484e-01 -4.736400000000000332e-02
5.077909999999999924e-01 1.750859999999999916e-01
5.224389999999999867e-01 -2.109999999999999896e-03
3.701579999999999870e-01 -1.253199999999999974e-02
5.728710000000000191e-01 1.678250000000000020e-01
3.356390000000000207e-01 1.917770000000000030e-01
4.778510000000000257e-01 -1.121400000000000001e-02
-1.332969999999999988e-01 2.125680000000000069e-01
7.510980000000000434e-01 8.191999999999999629e-03
6.606499999999999595e-01 8.547000000000000430e-02
5.646560000000000468e-01 1.042900000000000077e-02
3.915250000000000119e-01 3.760129999999999861e-01
6.292029999999999568e-01 -2.029800000000000007e-02
5.017800000000000038e-01 1.844339999999999868e-01
6.534990000000000521e-01 2.357059999999999989e-01
5.062879999999999603e-01 1.722259999999999902e-01
4.156480000000000175e-01 1.736290000000000056e-01
5.679840000000000444e-01 2.183009999999999950e-01
-6.960870000000000113e-01 1.184710000000000069e-01
6.623590000000000311e-01 1.898299999999999987e-02
-5.328079999999999483e-01 -5.597799999999999998e-02
-7.696020000000000083e-01 4.023669999999999747e-01
-5.655780000000000252e-01 2.413949999999999985e-01
-9.942900000000000349e-02 3.771760000000000113e-01
5.539110000000000422e-01 1.715329999999999910e-01
6.309280000000000443e-01 1.936769999999999881e-01
7.627800000000000136e-01 -3.929000000000000201e-03
5.574890000000000123e-01 -1.570699999999999874e-02
4.645619999999999750e-01 1.984700000000000006e-02
5.555809999999999915e-01 6.172300000000000009e-02
5.793490000000000029e-01 2.375569999999999904e-01
4.173760000000000248e-01 1.411689999999999889e-01
5.620509999999999673e-01 -2.174500000000000044e-01
5.588649999999999451e-01 1.648529999999999995e-01
4.419699999999999740e-01 9.443999999999999617e-02
6.603029999999999733e-01 -1.661160000000000136e-01
7.056989999999999652e-01 9.860099999999999421e-02
5.245079999999999742e-01 1.961650000000000060e-01
2.946790000000000243e-01 2.455070000000000030e-01
-4.983960000000000057e-01 -4.416799999999999893e-02
6.239689999999999959e-01 2.537420000000000231e-01
-7.185300000000000020e-01 2.797350000000000114e-01
-2.838419999999999832e-01 5.156629999999999825e-01
5.443210000000000548e-01 -1.334600000000000022e-02
6.510150000000000103e-01 -1.399599999999999976e-02
5.221040000000000125e-01 6.929100000000000537e-02
4.992929999999999868e-01 1.491280000000000105e-01
3.849060000000000259e-01 -7.226699999999999791e-02
4.554810000000000247e-01 1.190070000000000017e-01
6.891749999999999821e-01 -7.067999999999999630e-03
4.209249999999999936e-01 2.955720000000000014e-01
3.916510000000000269e-01 4.550699999999999745e-01
-7.487819999999999476e-01 3.644100000000000117e-02
-7.879500000000000393e-01 1.808240000000000125e-01
5.375720000000000498e-01 -1.869000000000000002e-03
5.323160000000000114e-01 4.512599999999999945e-02
6.635159999999999947e-01 1.831299999999999872e-01
6.255100000000000104e-01 3.988700000000000023e-01
4.896590000000000109e-01 3.459579999999999878e-01
6.781960000000000210e-01 1.477819999999999967e-01
-5.840849999999999653e-01 6.492599999999999760e-02
5.072670000000000234e-01 -1.450100000000000000e-02
6.062380000000000546e-01 -2.851800000000000168e-02
-6.388150000000000217e-01 3.304549999999999987e-01
1.468599999999999905e-01 -1.518279999999999907e-01
-5.707579999999999876e-01 9.486100000000000088e-02
-5.786769999999999969e-01 1.744209999999999927e-01
-6.087620000000000253e-01 2.222820000000000074e-01
5.943019999999999969e-01 2.391649999999999887e-01
-2.225729999999999931e-01 3.344679999999999875e-01
5.263640000000000541e-01 1.992150000000000032e-01
5.558220000000000383e-01 -3.891599999999999920e-02
5.569479999999999986e-01 -5.905200000000000032e-02
6.193389999999999729e-01 2.480140000000000122e-01
4.441470000000000140e-01 1.182899999999999924e-02
-7.137449999999999628e-01 1.759360000000000090e-01
4.948060000000000236e-01 3.527750000000000052e-01
5.133469999999999978e-01 3.507069999999999910e-01
5.209679999999999866e-01 1.371560000000000001e-01
4.139439999999999786e-01 2.438210000000000099e-01
6.138029999999999875e-01 4.100000000000000172e-02
3.813929999999999820e-01 1.809999999999999942e-01
6.018029999999999768e-01 -5.140100000000000224e-02
4.852879999999999971e-01 2.554939999999999989e-01
5.984359999999999680e-01 -1.298900000000000055e-02
-4.772239999999999815e-01 2.728550000000000142e-01
3.379690000000000194e-01 3.591300000000000048e-02
-5.338760000000000172e-01 4.538500000000000173e-02
5.846360000000000445e-01 2.577900000000000191e-01
5.419990000000000085e-01 5.707500000000000073e-02
5.312179999999999680e-01 1.707690000000000041e-01
4.220070000000000210e-01 3.508270000000000000e-01
5.657750000000000279e-01 1.512070000000000081e-01
5.335079999999999822e-01 1.623549999999999993e-01
4.653370000000000006e-01 9.162999999999999270e-03
5.538290000000000157e-01 1.564659999999999940e-01
6.475830000000000197e-01 1.484600000000000086e-01
6.511930000000000218e-01 6.134400000000000269e-02
7.589139999999999775e-01 1.793780000000000097e-01
4.569219999999999948e-01 -8.647999999999999438e-03
4.015279999999999960e-01 1.695709999999999995e-01
4.498719999999999941e-01 1.121100000000000013e-01
5.180810000000000137e-01 6.389999999999999847e-02
5.134720000000000395e-01 2.089370000000000116e-01
5.660720000000000196e-01 1.248500000000000026e-01
4.864930000000000088e-01 1.818410000000000026e-01
4.163129999999999886e-01 3.327570000000000250e-01
5.355090000000000128e-01 1.207450000000000051e-01
4.724619999999999931e-01 -2.015619999999999912e-01
4.784780000000000144e-01 6.811899999999999900e-02
5.818290000000000406e-01 1.892520000000000036e-01
6.028419999999999890e-01 1.490750000000000131e-01
5.412949999999999706e-01 -3.781299999999999939e-02
8.154379999999999962e-01 1.617010000000000114e-01
6.781199999999999450e-01 1.078240000000000032e-01
5.662430000000000518e-01 5.336199999999999971e-02
5.533130000000000548e-01 9.932100000000000650e-02
4.818810000000000038e-01 5.368799999999999961e-02
6.368179999999999952e-01 -4.567299999999999832e-02
5.594170000000000531e-01 1.528239999999999876e-01
5.260960000000000081e-01 1.111850000000000060e-01
4.942929999999999824e-01 -3.122300000000000075e-02
5.230989999999999807e-01 2.214659999999999962e-01
3.049120000000000164e-01 2.281710000000000127e-01
4.736190000000000122e-01 1.765760000000000107e-01
5.682239999999999513e-01 1.844729999999999981e-01
4.848239999999999772e-01 3.019700000000000162e-01
-1.574520000000000086e-01 6.208770000000000122e-01
5.068209999999999660e-01 2.863399999999999973e-02
4.346900000000000208e-01 3.107999999999999999e-02
7.571179999999999577e-01 2.317839999999999900e-01
3.533229999999999982e-01 4.710500000000000104e-02
3.172189999999999732e-01 2.529250000000000109e-01
1.009359999999999979e-01 -1.779800000000000132e-02
4.614619999999999833e-01 1.311299999999999966e-02
6.814900000000000402e-01 -4.051400000000000140e-02
5.927130000000000454e-01 5.510000000000000314e-02
1.722319999999999962e-01 -2.805799999999999961e-02
5.378770000000000495e-01 1.566400000000000084e-02
5.834789999999999699e-01 4.840999999999999817e-03
5.679170000000000051e-01 -1.792870000000000019e-01
2.686310000000000087e-01 1.736560000000000048e-01
3.735990000000000144e-01 1.717099999999999876e-02
6.352780000000000094e-01 4.098000000000000254e-02
6.132499999999999618e-01 1.198380000000000001e-01
7.129309999999999814e-01 -5.747700000000000031e-02
5.410279999999999534e-01 1.238410000000000066e-01
6.456629999999999869e-01 1.296990000000000087e-01
3.923209999999999753e-01 1.455660000000000009e-01
5.002370000000000427e-01 2.029870000000000008e-01
6.370289999999999564e-01 1.608229999999999937e-01
4.319740000000000246e-01 1.614960000000000007e-01
6.655339999999999590e-01 2.172270000000000034e-01
4.647240000000000260e-01 2.196760000000000101e-01
5.775040000000000173e-01 6.504500000000000559e-02
4.859660000000000091e-01 1.044299999999999951e-01
5.828440000000000287e-01 -1.104720000000000008e-01
3.951169999999999960e-01 1.223349999999999993e-01
6.671240000000000503e-01 2.753760000000000097e-01
5.187720000000000109e-01 6.700000000000000226e-03
5.833300000000000152e-01 1.017290000000000000e-01
6.632270000000000110e-01 2.073359999999999925e-01
5.288399999999999768e-01 -1.931700000000000084e-02
6.898859999999999992e-01 -5.340500000000000108e-02
4.311289999999999845e-01 1.056980000000000003e-01
4.014380000000000170e-01 3.234540000000000193e-01
3.642969999999999819e-01 8.299700000000000133e-02
5.191860000000000364e-01 2.686769999999999992e-01
4.143999999999999906e-01 3.588689999999999936e-01
5.494799999999999685e-01 1.871250000000000135e-01
2.057209999999999872e-01 2.016940000000000122e-01
4.907630000000000048e-01 5.662999999999999978e-02
6.933960000000000123e-01 1.025350000000000011e-01
2.844050000000000189e-01 2.474649999999999905e-01
3.809089999999999976e-01 -9.922000000000000264e-03
3.311230000000000007e-01 2.665480000000000071e-01
-7.103230000000000377e-01 8.012900000000000578e-02
-6.333800000000000541e-01 2.426409999999999956e-01
-7.479230000000000045e-01 1.174499999999999988e-01
-7.365239999999999565e-01 1.215650000000000064e-01
6.144969999999999599e-01 1.452650000000000052e-01
4.568039999999999878e-01 1.944069999999999965e-01
4.017970000000000153e-01 3.263559999999999794e-01
5.609730000000000549e-01 8.204100000000000281e-02
5.989079999999999959e-01 1.373870000000000091e-01
5.768659999999999899e-01 1.861049999999999927e-01
6.397909999999999986e-01 -1.683580000000000076e-01
2.989089999999999803e-01 1.344309999999999949e-01
4.632890000000000064e-01 4.391300000000000064e-02
5.483970000000000233e-01 1.127309999999999979e-01
5.195659999999999723e-01 2.052670000000000050e-01
5.982070000000000443e-01 3.973600000000000049e-02
6.440399999999999459e-01 7.190000000000000210e-03
6.295180000000000220e-01 -5.014000000000000228e-03
6.037670000000000536e-01 -2.149510000000000032e-01
6.843289999999999651e-01 5.643999999999999712e-03
4.910610000000000253e-01 -1.363109999999999877e-01
6.249230000000000063e-01 -1.001739999999999992e-01
4.814479999999999871e-01 -1.967999999999999958e-02
5.283569999999999656e-01 2.818729999999999847e-01
3.482600000000000140e-01 -1.506900000000000080e-02
5.327969999999999651e-01 -4.983200000000000129e-02
4.292819999999999969e-01 1.211480000000000057e-01
6.942310000000000425e-01 1.079699999999999965e-01
3.773779999999999912e-01 3.539220000000000144e-01
5.282080000000000108e-01 5.936899999999999816e-02
6.337549999999999573e-01 -1.712199999999999833e-02
5.963260000000000227e-01 1.670079999999999898e-01
5.891150000000000553e-01 1.506560000000000121e-01
5.922800000000000287e-01 1.939460000000000073e-01
5.296659999999999702e-01 9.945900000000000574e-02
6.636450000000000404e-01 2.098389999999999977e-01
5.639480000000000048e-01 -6.590000000000000024e-02
6.607830000000000092e-01 7.034200000000000175e-02
4.805729999999999724e-01 2.168910000000000005e-01
6.810880000000000267e-01 2.861799999999999899e-01
5.118719999999999937e-01 1.891160000000000063e-01
5.974399999999999711e-01 3.794299999999999756e-02
5.581559999999999855e-01 1.295709999999999917e-01
4.864510000000000223e-01 1.440390000000000004e-01
5.190139999999999754e-01 2.864280000000000159e-01
6.317949999999999955e-01 1.419930000000000081e-01
6.194049999999999834e-01 9.523399999999999921e-02
4.904259999999999731e-01 2.579940000000000011e-01
-3.696499999999999786e-01 -3.039400000000000088e-02
6.251139999999999475e-01 2.427650000000000086e-01
-4.249129999999999852e-01 4.909199999999999675e-02
5.323080000000000034e-01 2.594879999999999964e-01
5.524170000000000469e-01 1.556800000000000128e-01
4.756619999999999737e-01 2.410889999999999977e-01
1.197529999999999983e-01 2.286610000000000031e-01
7.025529999999999831e-01 2.222300000000000109e-01
-5.860290000000000221e-01 1.983920000000000128e-01
-7.627500000000000391e-01 -4.781900000000000039e-02
5.129230000000000178e-01 -2.282669999999999977e-01
6.968779999999999974e-01 8.153000000000000524e-03
6.426619999999999555e-01 9.633099999999999996e-02
4.936300000000000132e-01 2.741270000000000095e-01
7.658439999999999692e-01 1.128259999999999957e-01
5.315750000000000197e-01 8.016900000000000415e-02
6.132389999999999786e-01 1.156969999999999943e-01
5.431540000000000257e-01 1.625800000000000162e-02
6.439439999999999609e-01 -2.642299999999999857e-02
5.528560000000000141e-01 -3.741900000000000087e-02
5.741450000000000164e-01 -9.847599999999999409e-02
5.293729999999999825e-01 -5.663800000000000084e-02
7.354789999999999939e-01 4.822599999999999804e-02
7.923900000000000388e-01 6.485499999999999599e-02
6.303199999999999914e-01 1.358400000000000059e-02
4.017049999999999788e-01 2.102249999999999952e-01
6.959600000000000231e-01 -7.608499999999999985e-02
5.428659999999999597e-01 1.974440000000000084e-01
4.841770000000000240e-01 -1.428999999999999932e-03
4.065799999999999970e-01 2.084129999999999872e-01
-7.395490000000000119e-01 1.021190000000000014e-01
4.402670000000000194e-01 1.888440000000000119e-01
-1.720409999999999995e-01 4.148299999999999904e-02
5.454080000000000039e-01 1.809949999999999892e-01
3.706380000000000230e-01 4.056569999999999898e-01
-5.852209999999999912e-01 5.335000000000000159e-02
6.797119999999999829e-01 3.525799999999999768e-02
5.318260000000000209e-01 -8.951499999999999735e-02
5.005309999999999482e-01 1.547489999999999977e-01
3.415619999999999767e-01 7.924699999999999800e-02
4.156299999999999994e-01 7.155699999999999561e-02
6.056489999999999929e-01 -3.611000000000000060e-03
-6.468289999999999873e-01 1.229159999999999975e-01
-6.688089999999999868e-01 3.407600000000000212e-02
6.092039999999999678e-01 -2.633200000000000124e-02
1.095369999999999955e-01 1.195419999999999955e-01
-7.306820000000000537e-01 3.069009999999999794e-01
6.170679999999999499e-01 1.306690000000000074e-01
5.449770000000000447e-01 1.784050000000000080e-01
-5.183809999999999807e-01 3.074799999999999756e-01
-4.779930000000000012e-01 2.977560000000000207e-01
-4.604960000000000164e-01 6.117800000000000321e-02
-3.666969999999999952e-01 3.181019999999999959e-01
5.917550000000000310e-01 1.104190000000000033e-01
5.606520000000000392e-01 -7.535000000000000031e-03
5.728520000000000278e-01 9.531900000000000095e-02
3.724160000000000248e-01 -1.246960000000000013e-01
3.456330000000000235e-01 5.948699999999999821e-02
3.220609999999999862e-01 1.731469999999999954e-01
4.741750000000000131e-01 1.105150000000000021e-01
7.170109999999999539e-01 1.363999999999999978e-03
4.470430000000000237e-01 1.961529999999999940e-01
5.092929999999999957e-01 1.211040000000000033e-01
4.734539999999999860e-01 6.162700000000000122e-02
2.425499999999999878e-01 1.627850000000000130e-01
6.895620000000000083e-01 -1.008299999999999995e-02
7.166280000000000427e-01 -1.155230000000000007e-01
6.229890000000000150e-01 -7.081899999999999307e-02
5.733230000000000270e-01 9.489100000000000312e-02
4.945829999999999949e-01 6.755300000000000193e-02
-1.102270000000000055e-01 3.286999999999999922e-01
-3.043580000000000174e-01 7.776199999999999779e-02
4.405879999999999797e-01 5.434999999999999727e-03
-7.280900000000000150e-01 -3.506100000000000189e-02
4.505799999999999805e-01 2.397950000000000081e-01
6.060109999999999664e-01 -8.710000000000000294e-04
-5.951149999999999496e-01 2.430400000000000060e-01
-4.389899999999999913e-01 3.681940000000000213e-01
5.594700000000000228e-01 3.216939999999999800e-01
6.535000000000000531e-02 -9.595599999999999963e-02
5.767600000000000504e-01 1.761639999999999873e-01
3.557069999999999954e-01 4.007390000000000119e-01
5.264330000000000398e-01 1.043229999999999991e-01
-2.539500000000000091e-01 -1.270100000000000048e-02
7.244499999999999551e-02 -2.357999999999999853e-03
5.592489999999999961e-01 2.466879999999999906e-01
-5.216560000000000086e-01 2.129379999999999884e-01
-6.115300000000000180e-01 4.473799999999999999e-02
-7.674750000000000183e-01 -2.558570000000000011e-01
-5.876980000000000537e-01 -5.265500000000000042e-02
-6.368190000000000239e-01 1.371259999999999979e-01
-4.358210000000000139e-01 -1.823089999999999988e-01
5.576060000000000461e-01 1.155609999999999971e-01
5.634559999999999569e-01 2.978819999999999801e-01
-4.700409999999999866e-01 -1.773299999999999876e-02
4.613160000000000038e-01 2.491259999999999863e-01
5.666820000000000190e-01 2.759000000000000168e-03
-4.995120000000000116e-01 2.760900000000000160e-02
7.492360000000000131e-01 1.046870000000000023e-01
5.549450000000000216e-01 8.820300000000000362e-02
3.071180000000000021e-01 6.788600000000000190e-02
-7.481280000000000152e-01 9.945700000000000374e-02
4.621190000000000020e-01 2.592369999999999952e-01
-6.089759999999999618e-01 2.678329999999999878e-01
-6.742719999999999825e-01 1.091879999999999934e-01
-4.576109999999999900e-01 4.095230000000000259e-01
-5.883399999999999741e-01 2.959809999999999941e-01
-7.228200000000000180e-01 2.689199999999999924e-01
3.757820000000000049e-01 1.248449999999999976e-01
-7.005810000000000093e-01 3.033699999999999938e-02
-4.469460000000000099e-01 -4.723100000000000215e-02
-4.246829999999999772e-01 -4.242800000000000044e-02
-6.510359999999999481e-01 3.699259999999999771e-01
6.574820000000000109e-01 3.630180000000000073e-01
3.762900000000000134e-01 4.767699999999999716e-02
4.839499999999999913e-01 1.894319999999999893e-01
4.243379999999999930e-01 -1.494599999999999922e-02
4.651879999999999904e-01 -2.983699999999999894e-02
6.173589999999999911e-01 -2.070790000000000131e-01
4.687370000000000148e-01 7.759999999999999971e-04
3.088929999999999731e-01 3.354599999999999943e-02
6.157080000000000330e-01 -9.171999999999999598e-03
2.936000000000000276e-01 2.671259999999999746e-01
4.038749999999999840e-01 1.529260000000000064e-01
4.790960000000000218e-01 -8.073999999999999580e-03
3.661619999999999875e-01 1.919609999999999927e-01
2.395150000000000057e-01 2.211639999999999995e-01
-4.381349999999999967e-01 -9.388799999999999923e-02
5.975759999999999961e-01 1.934319999999999928e-01
-6.179599999999999677e-02 2.488859999999999961e-01
6.367159999999999487e-01 5.452200000000000102e-02
5.152099999999999458e-01 1.396729999999999916e-01
4.726360000000000006e-01 1.005179999999999962e-01
4.979060000000000152e-01 3.659319999999999795e-01
4.189649999999999763e-01 1.036490000000000050e-01
4.399109999999999965e-01 1.003999999999999901e-03
5.444189999999999863e-01 -5.354699999999999738e-02
5.822439999999999838e-01 -4.920200000000000268e-02
7.892780000000000351e-01 7.451699999999999990e-02
6.945869999999999544e-01 4.713900000000000035e-02
4.559449999999999892e-01 1.360220000000000040e-01
8.020540000000000447e-01 -3.851099999999999662e-02
4.622049999999999770e-01 3.123059999999999725e-01
5.697149999999999714e-01 1.868519999999999903e-01
5.682810000000000361e-01 7.635300000000000420e-02
6.134929999999999550e-01 2.366899999999999907e-02
5.123619999999999841e-01 1.243900000000000006e-01
3.742019999999999791e-01 1.475720000000000087e-01
9.904100000000000403e-02 2.904320000000000235e-01
5.636379999999999724e-01 1.590090000000000114e-01
5.101609999999999756e-01 -3.328500000000000208e-02
4.409009999999999874e-01 -3.119399999999999951e-02
4.712790000000000035e-01 8.652500000000000469e-02
4.909780000000000255e-01 5.172299999999999814e-02
5.859910000000000396e-01 2.314599999999999991e-02
7.128430000000000044e-01 1.868980000000000086e-01
3.643649999999999944e-01 1.795329999999999981e-01
1.213469999999999965e-01 1.482819999999999971e-01
6.137639999999999763e-01 7.428999999999999493e-02
5.766240000000000254e-01 1.393550000000000066e-01
5.609210000000000029e-01 1.025439999999999963e-01
-4.180349999999999899e-01 1.917609999999999870e-01
7.248219999999999663e-01 1.354430000000000078e-01
3.191299999999999693e-02 1.469260000000000010e-01
-3.798110000000000097e-01 2.421949999999999936e-01
8.551499999999999380e-02 7.686099999999999877e-02
9.292999999999999872e-02 1.233630000000000004e-01
6.005900000000000127e-02 1.472229999999999928e-01
2.664020000000000277e-01 -3.407000000000000306e-02
1.040620000000000017e-01 9.435799999999999743e-02
6.751399999999999624e-01 1.050740000000000007e-01
-1.600499999999999839e-02 4.798089999999999855e-01
7.604009999999999936e-01 1.057389999999999997e-01
3.888809999999999767e-01 -1.206460000000000032e-01
5.797609999999999708e-01 -3.802900000000000030e-02
5.973789999999999933e-01 2.151280000000000137e-01
4.269189999999999929e-01 8.412000000000000033e-02
5.338389999999999525e-01 3.919449999999999878e-01
6.179390000000000160e-01 -2.360999999999999904e-02
5.763190000000000257e-01 4.989799999999999791e-02
-6.702850000000000197e-01 -1.862499999999999920e-02
5.617069999999999563e-01 1.859480000000000022e-01
6.111710000000000198e-01 5.747700000000000031e-02
4.212040000000000228e-01 5.858399999999999719e-02
3.974119999999999875e-01 1.584399999999999975e-01
6.743749999999999467e-01 2.143899999999999972e-02
6.802460000000000173e-01 1.765600000000000155e-02
-3.313989999999999991e-01 2.262639999999999929e-01
3.753879999999999995e-01 4.229299999999999726e-02
-6.791190000000000282e-01 1.070979999999999988e-01
-5.305729999999999613e-01 1.031890000000000029e-01
-6.737619999999999720e-01 5.510299999999999920e-02
3.084080000000000155e-01 2.234540000000000137e-01
5.095439999999999969e-01 -5.363999999999999845e-03
4.729240000000000110e-01 1.601519999999999888e-01
-3.988619999999999943e-01 1.392690000000000039e-01
5.426379999999999537e-01 3.809799999999999992e-02
2.239760000000000084e-01 5.329570000000000141e-01
5.240329999999999711e-01 1.174169999999999936e-01
-4.764570000000000194e-01 -7.749200000000000532e-02
-6.286540000000000461e-01 1.327300000000000008e-02
-5.439100000000000185e-02 1.452200000000000019e-02
6.204020000000000090e-01 1.684799999999999909e-01
3.278820000000000068e-01 1.239129999999999954e-01
4.872609999999999997e-01 -7.491499999999999548e-02
2.533469999999999889e-01 1.457330000000000014e-01
5.947630000000000416e-01 -6.620600000000000096e-02
4.823580000000000090e-01 6.021000000000000310e-03
-4.351829999999999865e-01 7.311900000000000344e-02
-4.568809999999999816e-01 2.272109999999999963e-01
4.284819999999999740e-01 1.987400000000000000e-01
6.726809999999999734e-01 -1.852189999999999948e-01
4.021040000000000170e-01 2.202689999999999926e-01
5.839109999999999578e-01 1.097410000000000052e-01
4.251119999999999899e-01 8.090000000000000403e-04
4.861079999999999846e-01 2.693900000000000114e-02
-6.389810000000000212e-01 2.030409999999999993e-01
-7.343730000000000535e-01 3.900200000000000194e-02
7.960749999999999771e-01 1.005940000000000029e-01
2.919410000000000061e-01 1.329700000000000049e-01
3.449189999999999756e-01 1.988620000000000110e-01
4.421309999999999962e-01 -3.546400000000000247e-02
4.498880000000000101e-01 1.123529999999999945e-01
7.549789999999999557e-01 -1.546900000000000011e-02
6.293929999999999803e-01 -6.174999999999999933e-02
5.739849999999999675e-01 4.395899999999999808e-02
4.583539999999999837e-01 1.799479999999999968e-01
6.185500000000000442e-01 9.852700000000000347e-02
4.567869999999999986e-01 1.784290000000000043e-01
6.402189999999999825e-01 1.086310000000000053e-01
6.545349999999999779e-01 -8.956200000000000272e-02
5.512249999999999650e-01 1.566750000000000087e-01
3.281830000000000025e-01 4.278699999999999865e-02
5.484510000000000218e-01 -6.673099999999999865e-02
7.013220000000000010e-01 2.060539999999999872e-01
6.479249999999999732e-01 -8.622199999999999309e-02
5.204520000000000257e-01 -2.898500000000000035e-02
4.746960000000000068e-01 4.571109999999999896e-01
5.950910000000000366e-01 1.943940000000000112e-01
6.067369999999999708e-01 2.365579999999999905e-01
3.509669999999999734e-01 1.704670000000000074e-01
5.582510000000000527e-01 1.313410000000000133e-01
5.926019999999999621e-01 1.601670000000000038e-01
5.829760000000000497e-01 1.724600000000000022e-01
5.666339999999999710e-01 -4.289899999999999963e-02
5.623620000000000285e-01 1.323610000000000064e-01
6.940619999999999568e-01 2.378999999999999865e-02
3.954730000000000190e-01 1.350300000000000111e-01
6.080900000000000194e-01 2.232790000000000052e-01
4.108760000000000190e-01 1.452690000000000092e-01
5.053039999999999754e-01 1.902550000000000074e-01
5.715059999999999585e-01 -3.433699999999999947e-02
2.743280000000000163e-01 3.548160000000000203e-01
5.375189999999999690e-01 2.726819999999999800e-01
3.865660000000000207e-01 4.716800000000000159e-02
5.987679999999999669e-01 -6.092299999999999799e-02
6.909950000000000259e-01 -5.637799999999999756e-02
5.315919999999999535e-01 2.090000000000000115e-04
5.001430000000000042e-01 3.002969999999999806e-01
6.153499999999999526e-01 3.217400000000000121e-02
4.840570000000000150e-01 1.866780000000000106e-01
6.136549999999999505e-01 3.118130000000000068e-01
4.879310000000000036e-01 -1.491199999999999991e-02
6.471799999999999775e-01 -2.549200000000000077e-02
7.098680000000000545e-01 8.228000000000000591e-02
4.928290000000000171e-01 -5.663800000000000084e-02
4.040739999999999887e-01 1.205180000000000001e-01
5.395349999999999868e-01 -8.893500000000000016e-02
4.167319999999999913e-01 2.177169999999999939e-01
7.550099999999999589e-01 2.165999999999999870e-01
3.431679999999999731e-01 2.324199999999999877e-02
3.695649999999999769e-01 2.933919999999999861e-01
6.083469999999999711e-01 -1.459950000000000137e-01
7.253180000000000183e-01 1.958050000000000068e-01
2.071429999999999938e-01 3.020900000000000252e-01
5.702930000000000499e-01 1.393709999999999949e-01
5.033309999999999729e-01 1.681900000000000062e-02
6.124089999999999812e-01 -2.669200000000000045e-02
5.460880000000000178e-01 -8.605500000000000649e-02
5.320009999999999462e-01 1.195309999999999984e-01
4.132270000000000110e-01 -1.057100000000000053e-02
4.599509999999999987e-01 3.514939999999999731e-01
5.042670000000000208e-01 5.113899999999999696e-02
4.927869999999999751e-01 9.386400000000000299e-02
4.827710000000000057e-01 -5.445200000000000040e-02
3.667670000000000097e-01 1.792799999999999949e-02
3.412990000000000190e-01 1.666209999999999913e-01
5.995310000000000361e-01 6.321699999999999542e-02
6.422590000000000243e-01 1.807040000000000035e-01
4.482019999999999893e-01 1.153249999999999970e-01
5.249230000000000285e-01 2.289770000000000139e-01
5.813420000000000254e-01 7.710799999999999599e-02
4.303199999999999803e-01 -8.527400000000000257e-02
6.115899999999999670e-01 5.009000000000000258e-02
6.475340000000000540e-01 1.044729999999999964e-01
4.338099999999999734e-01 -1.412329999999999974e-01
4.683329999999999993e-01 -1.376100000000000066e-02
5.897099999999999564e-01 1.521200000000000052e-01
5.310970000000000413e-01 1.703540000000000054e-01
5.159979999999999567e-01 2.882620000000000182e-01
5.341380000000000017e-01 2.735139999999999794e-01
3.475790000000000268e-01 9.797799999999999565e-02
5.130839999999999845e-01 4.879100000000000104e-02
-1.881879999999999942e-01 2.484119999999999939e-01
-5.668539999999999690e-01 3.814000000000000029e-02
4.802440000000000042e-01 1.814580000000000082e-01
-2.905209999999999737e-01 5.176000000000000045e-03
5.941699999999999759e-01 2.093899999999999928e-01
4.399500000000000077e-01 1.048369999999999996e-01
6.779979999999999896e-01 3.230899999999999744e-02
5.095140000000000224e-01 2.772540000000000004e-01
3.834310000000000218e-01 1.302580000000000127e-01
3.080809999999999937e-01 3.029600000000000001e-02
7.935900000000000176e-01 3.582799999999999874e-02
5.024319999999999897e-01 1.315769999999999995e-01
6.309090000000000531e-01 6.753699999999999981e-02
6.178590000000000471e-01 1.700389999999999957e-01
4.187989999999999768e-01 9.895199999999999829e-02
4.940950000000000064e-01 2.440200000000000008e-02
7.521919999999999717e-01 1.586869999999999947e-01
6.102210000000000134e-01 1.471030000000000115e-01
6.392830000000000457e-01 1.752700000000000091e-02
4.668970000000000065e-01 1.368080000000000129e-01
5.515949999999999465e-01 4.281700000000000089e-02
5.527109999999999523e-01 1.575000000000000011e-03
6.087369999999999726e-01 2.349650000000000072e-01
3.221760000000000179e-01 1.312270000000000103e-01
3.557290000000000174e-01 1.341799999999999937e-01
4.264020000000000032e-01 -9.773999999999999702e-03
5.619729999999999448e-01 7.493900000000000561e-02
2.529259999999999842e-01 1.546999999999999938e-02
5.957850000000000090e-01 6.116900000000000115e-02
5.219350000000000378e-01 -1.545330000000000037e-01
4.494509999999999894e-01 1.621650000000000036e-01
7.208660000000000068e-01 -6.716999999999999880e-03
4.672379999999999867e-01 6.469199999999999950e-02
5.494980000000000420e-01 6.945400000000000185e-02
2.374149999999999872e-01 7.822099999999999886e-02
6.188900000000000512e-01 6.458000000000000199e-03
4.448829999999999729e-01 6.467900000000000038e-02
6.056139999999999857e-01 5.609200000000000297e-02
5.778590000000000115e-01 2.639699999999999824e-01
5.732969999999999455e-01 3.499499999999999833e-02
4.759570000000000189e-01 -9.516000000000000153e-03
5.164959999999999551e-01 -2.326719999999999899e-01
6.345629999999999882e-01 1.066180000000000044e-01
3.609660000000000091e-01 5.620300000000000296e-02
6.221950000000000536e-01 1.225900000000000045e-01
4.657140000000000168e-01 1.939629999999999965e-01
6.446150000000000491e-01 -1.337720000000000020e-01
4.520680000000000254e-01 2.543790000000000218e-01
4.989250000000000074e-01 3.231109999999999816e-01
2.411059999999999870e-01 2.390899999999999970e-01
-2.225860000000000061e-01 3.000619999999999954e-01
7.502999999999999947e-02 1.501639999999999919e-01
5.535520000000000440e-01 1.887840000000000074e-01
5.520909999999999984e-01 1.592669999999999919e-01
6.421210000000000528e-01 2.462580000000000047e-01
5.508319999999999883e-01 1.277550000000000074e-01
6.442959999999999798e-01 1.740999999999999926e-03
5.372449999999999726e-01 1.269629999999999925e-01
6.868090000000000028e-01 1.530509999999999926e-01
4.611489999999999756e-01 8.964400000000000146e-02
4.785130000000000217e-01 2.100000000000000130e-02
5.594890000000000141e-01 2.026380000000000126e-01
4.727020000000000111e-01 3.243299999999999655e-02
7.236240000000000450e-01 1.699620000000000020e-01
6.129909999999999526e-01 -1.603700000000000125e-01
6.925459999999999949e-01 -9.392899999999999860e-02
3.375659999999999772e-01 3.251999999999999891e-01
6.323260000000000547e-01 -1.257560000000000067e-01
6.246770000000000378e-01 -8.332000000000000864e-03
4.955410000000000093e-01 9.306599999999999595e-02
6.180080000000000018e-01 4.535800000000000248e-02
5.630699999999999594e-01 2.331219999999999959e-01
4.295309999999999961e-01 8.048900000000000499e-02
4.092879999999999852e-01 2.344870000000000010e-01
5.262010000000000298e-01 9.238200000000000578e-02
4.553220000000000045e-01 2.564290000000000180e-01
6.451980000000000492e-01 4.457799999999999957e-02
4.960870000000000002e-01 -1.776639999999999886e-01
4.693629999999999747e-01 -1.021520000000000067e-01
5.781420000000000448e-01 3.821499999999999897e-02
5.243699999999999750e-02 3.537599999999999772e-02
7.533029999999999449e-01 -4.159000000000000197e-02
6.785219999999999585e-01 -3.895499999999999657e-02
5.500909999999999966e-01 1.226119999999999988e-01
5.581990000000000007e-01 1.437980000000000091e-01
-6.515279999999999960e-01 1.490700000000000011e-02
4.916139999999999954e-01 6.283999999999999309e-02
-4.240559999999999885e-01 2.528059999999999752e-01
6.109040000000000026e-01 3.807499999999999774e-02
5.056939999999999769e-01 1.604900000000000077e-02
4.560179999999999789e-01 2.546500000000000152e-02
5.691559999999999953e-01 1.145099999999999937e-02
4.669900000000000162e-01 3.357399999999999968e-02
3.583540000000000059e-01 -1.179000000000000013e-02
5.507149999999999546e-01 6.068199999999999983e-02
3.821430000000000105e-01 2.229649999999999965e-01
6.928560000000000274e-01 -1.700099999999999875e-02
5.425179999999999447e-01 1.444219999999999948e-01
4.953089999999999993e-01 2.387299999999999839e-02
6.166960000000000219e-01 1.020159999999999956e-01
5.091729999999999867e-01 2.668090000000000184e-01
4.432869999999999866e-01 1.328529999999999989e-01
5.876580000000000137e-01 8.131399999999999739e-02
6.294880000000000475e-01 9.107700000000000518e-02
6.816379999999999661e-01 2.423990000000000034e-01
5.252289999999999459e-01 5.961000000000000153e-03
5.732150000000000301e-01 1.868019999999999958e-01
-1.761620000000000130e-01 1.319200000000000060e-02
3.353439999999999754e-01 2.319500000000000034e-02
4.271170000000000244e-01 3.798599999999999893e-02
7.587949999999999973e-01 2.401200000000000001e-01
5.677879999999999594e-01 -1.508170000000000066e-01
3.149899999999999922e-01 2.476609999999999923e-01
-2.474880000000000135e-01 9.446400000000000630e-02
2.134359999999999868e-01 5.505330000000000501e-01
-2.666900000000000173e-02 3.951720000000000232e-01
-2.619000000000000217e-01 1.292669999999999930e-01
9.185699999999999421e-02 3.046119999999999939e-01
3.026570000000000094e-01 3.983699999999999741e-02
2.648829999999999796e-01 1.349970000000000059e-01
4.812939999999999996e-01 2.723820000000000130e-01
1.353429999999999911e-01 2.571930000000000049e-01
-5.855219999999999869e-01 1.368080000000000129e-01
-5.853960000000000274e-01 8.538900000000000656e-02
2.733200000000000074e-01 2.442769999999999941e-01
2.066119999999999901e-01 1.757730000000000126e-01
2.367470000000000130e-01 -4.249700000000000005e-02
8.538700000000000456e-02 2.132419999999999871e-01
-4.631199999999999761e-01 9.020599999999999452e-02
1.713760000000000006e-01 1.346179999999999877e-01
-7.168590000000000240e-01 1.589550000000000129e-01
1.007429999999999992e-01 3.303070000000000173e-01
2.254740000000000077e-01 1.172470000000000040e-01
2.504399999999999959e-01 3.781700000000000339e-02
-1.633459999999999912e-01 1.977869999999999906e-01
7.999299999999999466e-02 1.227850000000000052e-01
4.070730000000000182e-01 3.747619999999999840e-01
3.360480000000000134e-01 -5.512199999999999739e-02
2.063089999999999924e-01 -4.134000000000000175e-02
-3.476879999999999971e-01 5.107899999999999940e-02
6.794240000000000279e-01 2.291749999999999898e-01
-5.605059999999999487e-01 1.209169999999999967e-01
4.956990000000000007e-01 1.063619999999999982e-01
3.340210000000000123e-01 9.467200000000000615e-02
2.673150000000000248e-01 2.444800000000000098e-02
-4.356559999999999877e-01 2.165539999999999965e-01
-6.405229999999999535e-01 2.288880000000000081e-01
-4.253739999999999744e-01 1.134330000000000060e-01
3.746900000000000230e-02 5.547699999999999854e-02
-6.563189999999999857e-01 -9.657200000000000506e-02
-5.014170000000000016e-01 3.808719999999999883e-01
-6.525260000000000504e-01 1.598449999999999871e-01
-5.598600000000000243e-01 2.642360000000000264e-01
-3.372260000000000257e-01 9.775499999999999468e-02
-5.879929999999999879e-01 -1.386960000000000137e-01
2.986590000000000078e-01 4.186549999999999994e-01
-5.254899999999999849e-02 1.592800000000000119e-02
1.488130000000000008e-01 3.613060000000000160e-01
5.010639999999999539e-01 1.518800000000000011e-02
-5.659899999999999931e-01 9.504500000000000448e-02
4.550429999999999753e-01 3.134239999999999804e-01
2.982049999999999979e-01 1.225490000000000052e-01
3.109020000000000117e-01 -2.517999999999999839e-03
2.745150000000000090e-01 -1.281000000000000021e-02
5.506170000000000231e-01 3.635680000000000023e-01
-7.913299999999999779e-01 7.092600000000000293e-02
1.683179999999999954e-01 3.025169999999999804e-01
-5.576240000000000085e-01 2.338369999999999893e-01
3.826559999999999961e-01 3.075609999999999733e-01
3.069819999999999771e-01 1.640709999999999946e-01
4.455100000000000171e-01 3.349239999999999995e-01
4.568369999999999931e-01 1.907379999999999909e-01
4.185300000000000131e-02 1.639559999999999906e-01
3.403860000000000219e-01 3.018899999999999917e-01
2.088359999999999939e-01 1.800339999999999996e-01
-3.093759999999999843e-01 1.915910000000000113e-01
3.841439999999999855e-01 4.870100000000000123e-02
3.991100000000000203e-01 4.601859999999999840e-01
4.215809999999999835e-01 1.038739999999999941e-01
3.343010000000000148e-01 2.628369999999999873e-01
4.592589999999999728e-01 3.893170000000000242e-01
5.749940000000000051e-01 1.121100000000000013e-01
3.284400000000000097e-01 -7.678799999999999515e-02
2.568159999999999887e-01 4.535399999999999848e-02
2.601289999999999991e-01 1.945890000000000120e-01
1.244669999999999943e-01 2.147080000000000100e-01
4.549599999999999755e-01 -6.810800000000000187e-02
2.524159999999999737e-01 2.228620000000000045e-01
-4.554940000000000100e-01 2.325810000000000100e-01
4.830439999999999734e-01 1.313060000000000060e-01
-5.372710000000000541e-01 2.987250000000000183e-01
6.107320000000000526e-01 1.895320000000000060e-01
3.786610000000000253e-01 9.864599999999999758e-02
2.301860000000000017e-01 3.321959999999999913e-01
-5.210120000000000307e-01 1.356100000000000014e-02
3.994869999999999810e-01 1.835700000000000109e-01
1.173050000000000065e-01 3.833719999999999906e-01
2.703990000000000005e-01 -4.905999999999999944e-02
5.095509999999999762e-01 2.492429999999999923e-01
2.433919999999999972e-01 2.323600000000000110e-01
2.900570000000000093e-01 1.359190000000000120e-01
3.159779999999999811e-01 4.355080000000000062e-01
5.184950000000000392e-01 -5.640000000000000482e-04
4.437050000000000161e-01 8.489199999999999524e-02
5.264520000000000310e-01 1.682530000000000137e-01
1.315489999999999993e-01 3.798320000000000030e-01
6.693289999999999518e-01 -4.663999999999999743e-03
2.956820000000000004e-01 1.443750000000000033e-01
5.778440000000000243e-01 5.152199999999999835e-02
4.840559999999999863e-01 -1.820700000000000096e-02
-8.135199999999999376e-02 8.095900000000000318e-02
6.039299999999999669e-01 9.072999999999999468e-03
-7.145249999999999657e-01 -1.715399999999999911e-02
5.899999999999999689e-01 8.653800000000000381e-02
-8.501200000000000423e-02 2.592740000000000045e-01
-1.073650000000000021e-01 3.739859999999999851e-01
-5.553860000000000463e-01 6.443999999999999728e-02
4.337529999999999997e-01 2.235099999999999865e-01
1.422990000000000088e-01 9.802199999999999802e-02
-4.311159999999999992e-01 2.229369999999999963e-01
5.461380000000000123e-01 7.557200000000000029e-02
4.750539999999999763e-01 4.532400000000000317e-02
5.151050000000000351e-01 2.652349999999999985e-01
1.286190000000000111e-01 2.439550000000000052e-01
5.900739999999999874e-01 6.742700000000000082e-02
4.711489999999999845e-01 1.467660000000000076e-01
6.319749999999999535e-01 2.051400000000000098e-02
4.738930000000000087e-01 2.442640000000000089e-01
7.800859999999999461e-01 2.390089999999999992e-01
6.097249999999999615e-01 1.060030000000000000e-01
5.344940000000000246e-01 2.359479999999999911e-01
-7.137080000000000091e-01 6.408999999999999420e-02
5.071379999999999777e-01 1.089139999999999969e-01
6.066000000000000281e-01 7.538999999999999695e-03
-6.700700000000000545e-01 6.540999999999999592e-02
-6.799610000000000376e-01 -2.326600000000000057e-01
-7.451090000000000213e-01 2.545990000000000197e-01
3.282249999999999890e-01 1.574929999999999941e-01
3.804159999999999764e-01 4.125139999999999918e-01
5.977510000000000323e-01 1.928960000000000119e-01
6.014890000000000514e-01 1.096690000000000026e-01
6.357420000000000293e-01 2.492749999999999966e-01
1.768810000000000104e-01 -7.550000000000000287e-04
3.712030000000000052e-01 2.320010000000000128e-01
5.484259999999999691e-01 1.704799999999999927e-01
4.711629999999999985e-01 9.424799999999999844e-02
5.970830000000000304e-01 -6.830600000000000560e-02
4.393409999999999815e-01 1.894879999999999898e-01
-3.920529999999999848e-01 7.200800000000000256e-02
6.503849999999999909e-01 8.420000000000000401e-03
-5.428509999999999724e-01 2.896420000000000106e-01
8.614199999999999635e-02 4.791400000000000103e-01
-5.507079999999999753e-01 2.168180000000000107e-01
-5.919269999999999810e-01 -1.540300000000000002e-02
-6.335499999999999465e-01 9.831199999999999661e-02
-8.656200000000000006e-02 1.967599999999999905e-02
5.101510000000000211e-01 1.223019999999999941e-01
4.131380000000000052e-01 2.637900000000000245e-01
5.408669999999999867e-01 2.095490000000000130e-01
4.025320000000000009e-01 9.858000000000000096e-02
4.322320000000000051e-01 -1.814199999999999841e-02
5.479519999999999946e-01 3.595650000000000235e-01
-7.388270000000000115e-01 2.678929999999999922e-01
6.357760000000000078e-01 1.589909999999999934e-01
-3.309360000000000079e-01 1.364299999999999957e-01
-8.029100000000000126e-01 2.693949999999999956e-01
-5.977369999999999628e-01 -2.062200000000000144e-02
5.357020000000000115e-01 8.674800000000000566e-02
3.725240000000000218e-01 -1.744829999999999992e-01
-3.122360000000000135e-01 -5.599400000000000210e-02
5.299350000000000449e-01 1.252099999999999880e-01
-6.913989999999999858e-01 -3.558299999999999658e-02
6.472510000000000208e-01 -1.091800000000000062e-02
3.679990000000000205e-01 1.002870000000000011e-01
6.138139999999999707e-01 7.395799999999999597e-02
3.723670000000000035e-01 -1.425200000000000078e-02
5.855909999999999727e-01 1.490430000000000088e-01
5.888510000000000133e-01 2.002450000000000063e-01
5.139089999999999492e-01 1.727420000000000067e-01
7.334169999999999856e-01 1.360689999999999955e-01
8.412500000000000533e-02 3.180959999999999899e-01
2.413549999999999862e-01 1.066710000000000019e-01
6.410420000000000007e-01 -3.854500000000000287e-02
8.010779999999999568e-01 -5.538799999999999973e-02
4.251739999999999964e-01 2.436629999999999907e-01
5.586849999999999872e-01 2.130100000000000049e-01
5.035300000000000331e-01 1.522769999999999957e-01
5.922880000000000367e-01 8.420800000000000507e-02
7.993519999999999515e-01 1.105069999999999941e-01
2.659659999999999802e-01 2.067319999999999991e-01
-1.590090000000000114e-01 6.478880000000000194e-01
4.105240000000000000e-01 1.304929999999999979e-01
6.432600000000000540e-01 7.609499999999999598e-02
6.118799999999999795e-01 1.512719999999999898e-01
5.619330000000000158e-01 -8.202600000000000169e-02
5.726890000000000036e-01 1.100180000000000047e-01
3.697579999999999756e-01 1.783600000000000116e-02
5.527360000000000051e-01 -1.001400000000000033e-02
6.705430000000000001e-01 9.255900000000000238e-02
3.357299999999999729e-01 1.949150000000000049e-01
3.181320000000000259e-01 8.842099999999999960e-02
-6.752860000000000529e-01 -4.448099999999999971e-02
-4.952770000000000228e-01 1.315330000000000110e-01
-6.219339999999999868e-01 -3.622800000000000326e-02
7.199659999999999949e-01 1.098620000000000013e-01
6.147179999999999866e-01 3.336729999999999974e-01
5.043539999999999690e-01 4.272610000000000019e-01
5.468699999999999672e-01 -6.772799999999999654e-02
4.011520000000000086e-01 5.174299999999999733e-02
6.021959999999999535e-01 4.979999999999999618e-04
4.341340000000000199e-01 2.729699999999999904e-01
6.483569999999999611e-01 6.415600000000000469e-02
6.033739999999999659e-01 2.938000000000000073e-03
7.330520000000000369e-01 5.386599999999999722e-02
6.230599999999999472e-01 1.777130000000000098e-01
5.360460000000000225e-01 3.194810000000000150e-01
6.080520000000000369e-01 9.232400000000000329e-02
4.715960000000000152e-01 9.222500000000000142e-02
6.372440000000000326e-01 1.472360000000000058e-01
5.382670000000000510e-01 6.361500000000000488e-02
4.297770000000000201e-01 -2.364399999999999835e-02
3.192209999999999770e-01 2.045740000000000058e-01
5.403790000000000537e-01 3.275370000000000226e-01
4.732700000000000240e-01 1.111430000000000057e-01
-2.220000000000000185e-03 4.033820000000000183e-01
4.994779999999999776e-01 2.027400000000000035e-01
4.465770000000000017e-01 -1.363340000000000107e-01
4.976459999999999773e-01 5.507999999999999875e-03
4.667450000000000210e-01 1.097169999999999951e-01
7.057609999999999717e-01 1.900900000000000159e-02
5.682599999999999874e-01 5.606599999999999778e-02
5.107000000000000428e-03 2.734480000000000244e-01
5.324919999999999654e-01 8.914500000000000202e-02
3.603379999999999916e-01 5.020090000000000385e-01
4.527379999999999738e-01 2.477890000000000092e-01
4.929520000000000013e-01 1.918880000000000030e-01
6.545260000000000522e-01 2.059900000000000064e-01
2.097789999999999933e-01 2.842129999999999934e-01
2.941210000000000213e-01 6.841200000000000059e-02
4.759189999999999809e-01 1.380850000000000133e-01
5.905559999999999699e-01 2.270330000000000126e-01
5.477570000000000494e-01 1.244149999999999978e-01
6.138649999999999940e-01 7.133499999999999563e-02
3.345710000000000073e-01 4.663260000000000183e-01
3.000459999999999794e-01 -1.322830000000000117e-01
5.848430000000000017e-01 1.868150000000000088e-01
5.595069999999999766e-01 2.837480000000000002e-01
2.561919999999999753e-01 2.866980000000000084e-01
5.696029999999999704e-01 1.203759999999999969e-01
1.179769999999999985e-01 3.284230000000000205e-01
4.097669999999999924e-01 3.561949999999999839e-01
2.261829999999999952e-01 1.258730000000000127e-01
3.261850000000000027e-01 8.845799999999999497e-02
3.724759999999999738e-01 2.375819999999999876e-01
6.381520000000000525e-01 7.199400000000000244e-02
4.782930000000000237e-01 7.036499999999999699e-02
6.463320000000000176e-01 3.864620000000000277e-01
3.853509999999999991e-01 6.490799999999999348e-02
6.267620000000000413e-01 1.218680000000000041e-01
5.326429999999999776e-01 1.759070000000000078e-01
6.287650000000000183e-01 6.041099999999999942e-02
6.394830000000000236e-01 7.092400000000000093e-02
5.968989999999999574e-01 1.565729999999999900e-01
5.204729999999999634e-01 3.244389999999999774e-01
7.220109999999999584e-01 -2.191249999999999865e-01
6.613649999999999807e-01 9.948700000000000598e-02
5.131980000000000430e-01 3.189739999999999798e-01
5.627140000000000475e-01 3.045709999999999806e-01
5.305260000000000531e-01 1.245310000000000028e-01
6.773209999999999509e-01 2.722080000000000055e-01
4.595429999999999793e-01 1.269049999999999900e-01
4.370829999999999993e-01 1.721159999999999912e-01
5.767759999999999554e-01 6.558700000000000641e-02
4.435720000000000218e-01 1.829890000000000128e-01
5.098070000000000102e-01 1.572759999999999991e-01
7.038280000000000092e-01 9.240700000000000303e-02
6.044979999999999798e-01 1.202330000000000065e-01
7.032929999999999460e-01 2.515200000000000213e-01
5.085669999999999913e-01 2.722570000000000268e-01
5.538950000000000262e-01 2.098000000000000038e-03
6.368850000000000344e-01 3.940099999999999852e-02
5.161679999999999602e-01 1.038599999999999940e-02
6.773789999999999534e-01 4.308049999999999935e-01
5.684649999999999981e-01 3.061169999999999725e-01
5.704909999999999703e-01 3.595099999999999685e-02
7.233800000000000230e-01 2.234970000000000012e-01
6.075589999999999602e-01 2.480509999999999937e-01
5.844049999999999523e-01 2.193279999999999952e-01
5.822530000000000205e-01 2.774630000000000152e-01
4.641839999999999855e-01 2.674949999999999828e-01
4.668660000000000032e-01 3.403919999999999724e-01
5.505520000000000413e-01 2.414880000000000082e-01
4.631830000000000114e-01 1.546059999999999934e-01
5.450169999999999737e-01 -5.314499999999999780e-02
5.716269999999999962e-01 1.782269999999999965e-01
6.104669999999999819e-01 7.271700000000000386e-02
6.033950000000000147e-01 6.864699999999999969e-02
4.380649999999999822e-01 2.810250000000000248e-01
5.375039999999999818e-01 1.584540000000000115e-01
5.612500000000000266e-01 1.591120000000000034e-01
3.815649999999999875e-01 1.917149999999999965e-01
5.297690000000000454e-01 2.266299999999999912e-02
4.284129999999999883e-01 3.547000000000000153e-01
5.630950000000000122e-01 3.291089999999999849e-01
4.030329999999999746e-01 2.186390000000000000e-01
6.930870000000000086e-01 1.777660000000000073e-01
7.235780000000000545e-01 -1.165099999999999990e-02
4.347579999999999778e-01 2.010190000000000032e-01
6.402740000000000098e-01 1.467469999999999886e-01
3.397490000000000232e-01 8.305999999999999495e-02
2.535660000000000136e-01 8.370999999999999969e-03
5.537840000000000540e-01 1.176780000000000048e-01
5.451529999999999987e-01 3.128139999999999810e-01
8.113169999999999549e-01 -5.659100000000000241e-02
5.386469999999999869e-01 5.210000000000000221e-03
4.001899999999999902e-01 -7.804400000000000226e-02
4.555520000000000125e-01 1.230229999999999935e-01
4.752370000000000205e-01 2.385220000000000118e-01
6.065120000000000511e-01 -1.507640000000000091e-01
7.169649999999999634e-01 -6.968000000000000235e-03
5.839269999999999738e-01 1.802900000000000058e-01
5.904479999999999729e-01 1.219100000000000045e-02
7.122410000000000130e-01 5.124499999999999889e-02
6.163830000000000142e-01 -1.245769999999999933e-01
4.891730000000000245e-01 2.640959999999999974e-01
5.697389999999999954e-01 3.450299999999999895e-02
4.934290000000000065e-01 2.829300000000000148e-01
3.875020000000000131e-01 7.408700000000000008e-02
4.341949999999999976e-01 2.195409999999999862e-01
4.093530000000000224e-01 9.973600000000000521e-02
5.412670000000000536e-01 1.596640000000000004e-01
6.051999999999999602e-01 2.449700000000000141e-02
3.268389999999999906e-01 3.132909999999999862e-01
6.806680000000000508e-01 3.805000000000000049e-02
5.817940000000000333e-01 1.843400000000000039e-01
5.073410000000000419e-01 2.393840000000000134e-01
7.399259999999999726e-01 1.467440000000000133e-01
7.341870000000000340e-01 1.205220000000000041e-01
6.437180000000000124e-01 -2.675319999999999920e-01
5.235379999999999479e-01 1.213309999999999944e-01
5.348479999999999901e-01 -2.725400000000000045e-02
7.493680000000000341e-01 2.809199999999999892e-02
5.556929999999999925e-01 1.726799999999999863e-02
7.575309999999999544e-01 -1.949420000000000042e-01
6.378989999999999938e-01 1.067489999999999967e-01
8.221680000000000099e-01 5.068999999999999721e-03
4.983279999999999932e-01 1.390949999999999964e-01
5.470009999999999595e-01 1.425700000000000058e-02
7.349299999999999722e-01 -1.314839999999999898e-01
5.480319999999999636e-01 2.081439999999999957e-01
4.357010000000000050e-01 7.259899999999999687e-02
4.092990000000000239e-01 3.423240000000000172e-01
5.698710000000000164e-01 1.012519999999999948e-01
4.390160000000000173e-01 1.073370000000000019e-01
6.401839999999999753e-01 2.151409999999999989e-01
5.707750000000000323e-01 2.671149999999999913e-01
5.028749999999999609e-01 2.508400000000000074e-01
5.437100000000000266e-01 2.480110000000000092e-01
3.786260000000000181e-01 2.472010000000000041e-01
4.445029999999999815e-01 6.112599999999999978e-02
6.285340000000000371e-01 2.895139999999999936e-01
5.786919999999999842e-01 1.615399999999999892e-01
5.372959999999999958e-01 1.364450000000000107e-01
4.600000000000000200e-01 9.362399999999999889e-02
1.236470000000000069e-01 -3.119999999999999944e-04
-1.695139999999999980e-01 1.981700000000000128e-01
5.990170000000000217e-01 5.274999999999999828e-02
4.503909999999999858e-01 1.246820000000000012e-01
5.620779999999999665e-01 2.180239999999999956e-01
7.187750000000000528e-01 2.454000000000000018e-03
1.817699999999999871e-01 2.828919999999999768e-01
4.494670000000000054e-01 6.894799999999999540e-02
4.077219999999999733e-01 4.522990000000000066e-01
4.931010000000000115e-01 1.014820000000000028e-01
8.156729999999999814e-01 7.824699999999999711e-02
6.186129999999999685e-01 -2.452800000000000119e-02
1.508180000000000076e-01 7.496999999999999498e-02
-5.543979999999999464e-01 1.175139999999999935e-01
-7.585819999999999785e-01 1.998900000000000121e-01
6.675680000000000502e-01 2.443929999999999991e-01
5.552920000000000078e-01 1.648670000000000135e-01
6.591080000000000272e-01 9.641600000000000170e-02
5.703510000000000524e-01 -3.175999999999999657e-02
4.257239999999999913e-01 7.242899999999999339e-02
2.955059999999999909e-01 1.647180000000000033e-01
6.547260000000000302e-01 1.183099999999999985e-01
-6.761110000000000175e-01 3.651800000000000185e-02
3.725069999999999770e-01 2.334670000000000079e-01
5.918520000000000447e-01 3.109569999999999834e-01
-4.214319999999999733e-01 1.789389999999999870e-01
-6.483489999999999531e-01 1.218650000000000011e-01
-7.868140000000000134e-01 1.395979999999999999e-01
6.429599999999999760e-01 -9.348000000000000406e-03
6.537359999999999838e-01 1.766320000000000112e-01
6.602010000000000378e-01 5.138800000000000312e-02
7.058710000000000262e-01 -1.563489999999999880e-01
6.608589999999999742e-01 9.906800000000000328e-02
5.248559999999999892e-01 -4.607900000000000190e-02
6.143549999999999844e-01 2.035790000000000100e-01
4.464460000000000095e-01 2.931599999999999762e-01
4.887380000000000058e-01 5.072499999999999926e-02
1.774409999999999876e-01 3.168830000000000258e-01
4.331300000000000150e-01 -1.912000000000000071e-03
4.847150000000000070e-01 1.852100000000000135e-01
5.989529999999999577e-01 4.815999999999999968e-03
6.600089999999999568e-01 9.729999999999999760e-02
7.290060000000000429e-01 2.636200000000000002e-02
3.883440000000000225e-01 3.755370000000000097e-01
-5.691589999999999705e-01 2.544170000000000043e-01
4.281269999999999798e-01 2.053969999999999962e-01
-6.924329999999999652e-01 -4.614599999999999952e-02
-5.569749999999999979e-01 -3.475099999999999717e-02
5.282999999999999918e-01 2.565919999999999868e-01
5.641739999999999533e-01 3.772059999999999858e-01
6.636300000000000532e-01 2.231829999999999925e-01
6.930159999999999654e-01 1.917669999999999930e-01
4.630059999999999731e-01 1.838430000000000064e-01
7.670690000000000008e-01 1.503500000000000114e-01
6.559450000000000003e-01 -3.032899999999999832e-02
6.682420000000000027e-01 8.235299999999999565e-02
6.244589999999999863e-01 1.888890000000000013e-01
-1.186370000000000063e-01 9.084899999999999920e-02
-6.468999999999999750e-02 3.949300000000000033e-02
5.145760000000000334e-01 2.781569999999999876e-01
5.206300000000000372e-01 7.339000000000000037e-03
5.604379999999999917e-01 4.407799999999999913e-02
7.076099999999999612e-01 1.405079999999999940e-01
5.565099999999999492e-01 7.755599999999999994e-02
5.820990000000000331e-01 2.066369999999999874e-01
-1.737470000000000125e-01 5.902199999999999808e-02
4.650869999999999727e-01 -2.376800000000000093e-02
-6.848400000000000043e-01 1.359589999999999965e-01
-5.025849999999999485e-01 2.109300000000000064e-01
-6.166599999999999859e-01 5.600900000000000323e-02
-5.921849999999999614e-01 1.287560000000000093e-01
4.590600000000000236e-01 3.165060000000000096e-01
4.688430000000000097e-01 2.167099999999999929e-02
-1.540269999999999972e-01 3.480030000000000068e-01
6.292990000000000528e-01 2.795900000000000052e-01
-5.820119999999999738e-01 9.501000000000000764e-03
5.793920000000000181e-01 6.090799999999999687e-02
-4.891469999999999985e-01 2.017319999999999947e-01
4.215679999999999983e-01 1.541929999999999967e-01
-5.772939999999999738e-01 2.633690000000000198e-01
6.218540000000000179e-01 3.758999999999999841e-02
6.923939999999999539e-01 3.131899999999999962e-02
4.333179999999999810e-01 2.708380000000000232e-01
3.067840000000000011e-01 2.306640000000000079e-01
6.200699999999999962e-02 1.772060000000000024e-01
-6.343370000000000397e-01 2.965960000000000263e-01
5.083250000000000268e-01 1.705460000000000031e-01
5.949830000000000396e-01 8.082000000000000295e-02
4.705250000000000266e-01 1.342899999999999996e-02
4.145550000000000068e-01 1.601400000000000046e-02
6.983449999999999935e-01 2.801800000000000124e-02
4.931499999999999773e-01 8.000000000000000383e-04
-5.472369999999999735e-01 2.576370000000000049e-01
6.812240000000000517e-01 3.222610000000000197e-01
4.267909999999999759e-01 4.615000000000000178e-03
4.921369999999999911e-01 1.475849999999999940e-01
5.479490000000000194e-01 2.657570000000000210e-01
5.531300000000000106e-01 -1.476899999999999914e-02
8.112399999999999611e-01 1.632909999999999917e-01
2.922710000000000030e-01 6.873799999999999355e-02
3.623959999999999959e-01 9.238200000000000578e-02
6.803879999999999928e-01 1.169169999999999932e-01
5.458309999999999551e-01 -1.217759999999999954e-01
5.454639999999999489e-01 1.513899999999999968e-01
4.861519999999999730e-01 2.266940000000000066e-01
5.110909999999999620e-01 1.159430000000000044e-01
5.945599999999999774e-01 1.353959999999999886e-01
5.357840000000000380e-01 7.317200000000000093e-02
5.465210000000000345e-01 2.692089999999999761e-01
3.124029999999999863e-01 1.620959999999999901e-01
4.399359999999999937e-01 1.802999999999999915e-03
6.385340000000000460e-01 2.419109999999999872e-01
1.709600000000000009e-01 2.239700000000000024e-02
-4.060170000000000168e-01 9.247000000000000011e-03
4.020750000000000157e-01 2.531760000000000121e-01
-5.580720000000000125e-01 -5.234099999999999864e-02
5.316720000000000335e-01 5.279999999999999971e-02
3.123150000000000093e-01 1.451780000000000015e-01
4.761190000000000144e-01 7.125399999999999789e-02
6.068519999999999470e-01 2.631800000000000112e-02
4.311920000000000197e-01 1.349609999999999976e-01
-8.464669999999999694e-01 1.941930000000000045e-01
4.731560000000000210e-01 1.029570000000000068e-01
6.121670000000000167e-01 8.798100000000000365e-02
6.565039999999999765e-01 -8.689000000000000543e-03
6.379040000000000266e-01 1.202130000000000004e-01
4.823549999999999782e-01 2.281340000000000034e-01
4.331139999999999990e-01 -6.307799999999999518e-02
-5.898510000000000142e-01 -2.010190000000000032e-01
-6.138240000000000363e-01 1.054429999999999951e-01
-7.010410000000000252e-01 9.426400000000000057e-02
-6.083089999999999886e-01 1.515219999999999900e-01
-6.681890000000000329e-01 1.833690000000000042e-01
-5.887980000000000436e-01 -1.926999999999999894e-02
-6.179510000000000280e-01 1.261170000000000069e-01
-6.379420000000000091e-01 2.249950000000000006e-01
4.503460000000000241e-01 -1.045559999999999962e-01
-7.450120000000000076e-01 1.406030000000000058e-01
-5.774359999999999493e-01 4.093109999999999804e-01
5.581289999999999862e-01 5.197000000000000230e-02
-6.787549999999999972e-01 2.882069999999999910e-01
-5.268359999999999710e-01 1.679100000000000037e-02
-7.350389999999999979e-01 -5.439100000000000185e-02
-7.069980000000000153e-01 1.103370000000000045e-01
-4.865599999999999925e-01 3.917089999999999739e-01
4.540719999999999756e-01 1.358000000000000006e-02
5.132700000000000040e-01 1.762849999999999973e-01
4.543349999999999889e-01 1.926209999999999867e-01
4.913040000000000185e-01 1.363890000000000102e-01
4.364770000000000039e-01 1.449650000000000105e-01
5.076370000000000049e-01 -3.825999999999999974e-03
5.481970000000000454e-01 2.492350000000000121e-01
5.640359999999999818e-01 4.938599999999999934e-02
5.575590000000000268e-01 3.876539999999999986e-01
-4.271769999999999734e-01 -8.057699999999999585e-02
2.139550000000000063e-01 -2.271099999999999855e-02
6.001880000000000548e-01 1.531990000000000018e-01
6.873219999999999885e-01 5.177999999999999964e-02
4.546760000000000246e-01 1.553090000000000026e-01
4.786449999999999871e-01 4.107450000000000268e-01
6.070259999999999545e-01 6.471799999999999775e-02
5.631519999999999859e-01 8.977300000000000557e-02
3.608689999999999953e-01 1.761399999999999910e-01
5.997540000000000093e-01 1.911909999999999998e-01
2.387420000000000098e-01 3.105060000000000042e-01
4.604119999999999879e-01 -2.119310000000000083e-01
2.321840000000000015e-01 3.061670000000000225e-01
-6.529430000000000511e-01 -5.356799999999999756e-02
-6.109759999999999636e-01 1.276329999999999965e-01
-8.220169999999999977e-01 7.389999999999999868e-03
-5.827400000000000357e-01 1.794000000000000022e-03
-5.036399999999999766e-01 3.422200000000000242e-02
-5.418739999999999668e-01 -1.840500000000000122e-02
-3.446440000000000059e-01 1.656479999999999897e-01
-6.240010000000000279e-01 6.015999999999999646e-03
-7.676269999999999483e-01 -4.601399999999999935e-02
-7.483640000000000292e-01 2.425700000000000078e-01
5.612700000000000466e-01 1.961430000000000118e-01
5.951279999999999903e-01 1.498800000000000132e-01
5.241160000000000263e-01 4.235900000000000082e-02
7.163929999999999465e-01 2.364159999999999873e-01
3.829569999999999919e-01 2.017670000000000019e-01
1.549030000000000129e-01 2.040289999999999881e-01
3.133690000000000087e-01 3.066459999999999742e-01
4.916139999999999954e-01 1.612740000000000007e-01
-6.590279999999999472e-01 3.565200000000000313e-02
6.395039999999999614e-01 8.200899999999999856e-02
4.454520000000000146e-01 9.704000000000000820e-03
7.015259999999999829e-01 1.224719999999999975e-01
6.278399999999999537e-01 1.458289999999999864e-01
4.010329999999999728e-01 -4.088499999999999773e-02
4.359480000000000022e-01 3.503649999999999820e-01
6.400120000000000253e-01 -8.588300000000000101e-02
3.664520000000000000e-01 2.433700000000000099e-02
4.860260000000000136e-01 1.141550000000000065e-01
5.323470000000000146e-01 1.565799999999999831e-02
2.739900000000000113e-01 1.446109999999999896e-01
5.211120000000000196e-01 1.383209999999999995e-01
6.416950000000000154e-01 5.361899999999999999e-02
6.906320000000000237e-01 3.231900000000000051e-02
2.076199999999999990e-01 2.180050000000000043e-01
6.994860000000000522e-01 1.342100000000000064e-02
5.935909999999999798e-01 1.282719999999999971e-01
5.493170000000000552e-01 2.460239999999999927e-01
5.679049999999999931e-01 -4.002399999999999708e-02
3.035970000000000057e-01 1.758069999999999911e-01
7.610909999999999620e-01 2.196990000000000054e-01
7.405840000000000201e-01 3.655400000000000316e-02
6.079059999999999464e-01 1.791500000000000037e-02
2.510549999999999726e-01 1.894260000000000110e-01
6.242309999999999803e-01 1.925080000000000124e-01
3.720879999999999743e-01 2.854249999999999843e-01
5.348669999999999813e-01 9.184799999999999909e-02
7.245439999999999658e-01 -4.108699999999999852e-02
1.082219999999999988e-01 -8.197999999999999732e-02
5.870859999999999967e-01 1.534020000000000106e-01
5.014509999999999801e-01 2.567579999999999862e-01
4.069200000000000039e-01 2.841380000000000017e-01
4.206659999999999844e-01 3.021159999999999957e-01
7.735260000000000469e-01 -8.571800000000000253e-02
5.482609999999999983e-01 -1.548899999999999930e-02
5.299850000000000394e-01 -3.375600000000000128e-02
-2.449419999999999931e-01 3.017509999999999915e-01
5.428509999999999724e-01 -9.185799999999999521e-02
4.503909999999999858e-01 1.058189999999999964e-01
2.814659999999999940e-01 2.034229999999999927e-01
5.673179999999999890e-01 -1.154249999999999998e-01
5.397410000000000263e-01 1.816149999999999987e-01
5.833730000000000304e-01 1.888600000000000001e-02
6.552810000000000024e-01 1.507640000000000091e-01
5.223389999999999977e-01 2.116180000000000005e-01
6.054079999999999462e-01 1.552550000000000041e-01
4.899640000000000106e-01 9.768000000000000294e-02
4.393799999999999928e-01 -5.236899999999999888e-02
3.462379999999999902e-01 3.085289999999999977e-01
6.547070000000000389e-01 1.897000000000000075e-01
5.927069999999999839e-01 2.893410000000000148e-01
5.705660000000000176e-01 -4.900199999999999695e-02
4.052209999999999979e-01 -4.097399999999999654e-02
4.109309999999999907e-01 2.576430000000000109e-01
4.235700000000000021e-01 -4.037999999999999923e-03
4.641009999999999858e-01 2.996530000000000027e-01
5.592099999999999849e-01 -1.154999999999999994e-03
5.941539999999999599e-01 8.540999999999999981e-02
4.033209999999999851e-01 2.980920000000000236e-01
5.647959999999999647e-01 1.332720000000000016e-01
4.449159999999999782e-01 1.010260000000000047e-01
5.118219999999999992e-01 1.291249999999999898e-01
5.150810000000000111e-01 7.699300000000000588e-02
-4.594420000000000170e-01 1.740539999999999865e-01
-7.182530000000000303e-01 -1.508329999999999949e-01
5.568570000000000464e-01 -1.651599999999999943e-02
-6.568749999999999867e-01 -8.322699999999999543e-02
4.800929999999999920e-01 1.936039999999999983e-01
7.876849999999999685e-01 1.387929999999999997e-01
-6.668960000000000443e-01 1.938719999999999888e-01
5.917609999999999815e-01 1.002199999999999966e-02
-4.280499999999999861e-01 -3.160600000000000215e-02
-6.399890000000000301e-01 2.092169999999999863e-01
-5.981149999999999523e-01 3.127440000000000220e-01
-5.807719999999999549e-01 1.277969999999999939e-01
-5.428840000000000332e-01 2.960490000000000066e-01
7.302429999999999755e-01 1.945669999999999900e-01
4.916749999999999732e-01 1.643989999999999896e-01
6.115009999999999613e-01 1.627540000000000098e-01
3.954710000000000170e-01 1.943999999999999895e-01
6.143319999999999892e-01 2.299960000000000060e-01
-4.794160000000000088e-01 2.062869999999999981e-01
-1.643080000000000096e-01 3.603350000000000164e-01
-5.925829999999999709e-01 1.628120000000000123e-01
-5.385910000000000419e-01 8.941499999999999448e-02
-7.083800000000000097e-01 2.348669999999999924e-01
-6.131670000000000176e-01 1.553289999999999949e-01
-6.037249999999999561e-01 6.633400000000000407e-02
-7.738739999999999508e-01 2.670200000000000004e-02
6.648380000000000400e-01 2.393869999999999887e-01
5.196229999999999460e-01 4.392809999999999770e-01
-2.087219999999999909e-01 3.754790000000000072e-01
-3.908880000000000132e-01 2.433230000000000115e-01
-5.188040000000000429e-01 -2.100899999999999990e-02
-7.158930000000000016e-01 -2.044999999999999943e-03
-3.442599999999999827e-02 3.485280000000000045e-01
-9.025520000000000209e-01 1.324059999999999959e-01
1.121240000000000014e-01 3.475800000000000001e-01
2.907839999999999869e-01 2.414920000000000122e-01
4.111799999999999899e-01 5.090800000000000186e-02
-5.471799999999999997e-01 7.068499999999999783e-02
6.521040000000000170e-01 1.024469999999999964e-01
5.261580000000000146e-01 -1.105300000000000032e-02
3.118369999999999753e-01 2.084090000000000109e-01
5.926000000000000156e-01 9.563499999999999779e-02
7.023970000000000491e-01 8.591500000000000525e-02
6.212509999999999977e-01 5.768999999999999823e-03
6.316300000000000248e-01 1.744660000000000100e-01
6.793949999999999712e-01 3.579199999999999743e-02
1.931710000000000094e-01 1.681120000000000114e-01
4.482059999999999933e-01 -2.077620000000000022e-01
5.076310000000000544e-01 1.131970000000000059e-01
3.394159999999999955e-01 1.537789999999999990e-01
3.459360000000000213e-01 2.503389999999999782e-01
6.641270000000000229e-01 8.189699999999999758e-02
4.804320000000000257e-01 1.152070000000000038e-01
4.993139999999999801e-01 1.833430000000000060e-01
6.960210000000000008e-01 -2.095199999999999840e-02
4.198120000000000185e-01 7.584100000000000563e-02
5.347359999999999891e-01 7.562099999999999378e-02
5.388760000000000217e-01 7.577699999999999714e-02
4.966180000000000039e-01 -4.990200000000000191e-02
5.640030000000000321e-01 3.858799999999999730e-02
1.840759999999999896e-01 1.862149999999999916e-01
5.933800000000000185e-01 -1.352059999999999929e-01
5.866350000000000176e-01 1.854520000000000057e-01
2.340639999999999943e-01 4.077000000000000068e-02
6.395619999999999639e-01 1.233039999999999969e-01
3.233480000000000243e-01 3.107690000000000174e-01
5.297399999999999887e-01 1.345200000000000042e-02
2.825509999999999966e-01 1.611529999999999907e-01
4.774590000000000223e-01 2.637840000000000185e-01
5.935559999999999725e-01 3.564629999999999743e-01
2.694309999999999761e-01 2.262230000000000074e-01
4.274660000000000126e-01 4.288469999999999782e-01
6.880249999999999977e-01 1.562369999999999870e-01
4.716560000000000197e-01 3.558709999999999929e-01
3.622650000000000037e-01 3.946390000000000176e-01
4.658140000000000058e-01 3.583899999999999864e-01
6.135669999999999735e-01 7.947200000000000097e-02
-7.361370000000000413e-01 1.045199999999999949e-02
8.706500000000000350e-02 1.453250000000000097e-01
-6.443809999999999816e-01 -7.495999999999999885e-02
7.537599999999999856e-02 2.265929999999999889e-01
-7.051830000000000043e-01 1.552939999999999876e-01
-6.510070000000000023e-01 -1.468450000000000033e-01
-1.961060000000000025e-01 1.722029999999999950e-01
5.664400000000000546e-01 2.163339999999999985e-01
6.680180000000000007e-01 1.585459999999999925e-01
3.414869999999999850e-01 2.730009999999999937e-01
3.967100000000000071e-01 3.071010000000000129e-01
5.277610000000000356e-01 1.053909999999999986e-01
-2.801219999999999821e-01 7.155300000000000549e-02
-6.285960000000000436e-01 2.288020000000000054e-01
-4.617269999999999985e-01 1.120909999999999962e-01
-5.573029999999999928e-01 3.806390000000000051e-01
-6.224420000000000508e-01 1.461629999999999874e-01
-8.438700000000000090e-01 2.366330000000000100e-01
-4.706279999999999908e-01 2.484280000000000099e-01
4.420810000000000017e-01 4.325950000000000073e-01
-5.652209999999999734e-01 7.999999999999999638e-06
-4.481080000000000063e-01 4.324999999999999678e-02
5.345509999999999984e-01 1.494099999999999942e-02
8.381189999999999474e-01 2.364420000000000133e-01
5.117399999999999727e-01 1.142999999999999919e-02
7.982460000000000111e-01 9.860399999999999721e-02
5.572099999999999831e-01 1.138490000000000058e-01
6.719730000000000425e-01 1.472519999999999940e-01
5.346090000000000009e-01 1.420009999999999883e-01
2.877000000000000113e-01 2.995419999999999749e-01
3.463010000000000255e-01 -1.828960000000000030e-01
3.648230000000000084e-01 1.899780000000000080e-01
6.821840000000000126e-01 -3.290300000000000169e-02
2.701990000000000225e-01 2.741400000000000087e-02
1.970320000000000127e-01 8.152399999999999924e-02
4.610279999999999934e-01 1.471230000000000038e-01
7.121110000000000495e-01 2.378609999999999891e-01
5.971149999999999514e-01 2.156969999999999998e-01
5.991570000000000507e-01 1.515430000000000110e-01
2.498789999999999900e-01 3.817809999999999815e-01
5.443210000000000548e-01 2.152239999999999986e-01
2.526260000000000172e-01 2.362789999999999890e-01
6.607239999999999780e-01 1.071310000000000040e-01
6.423029999999999573e-01 3.631460000000000243e-01
6.716720000000000468e-01 5.098000000000000101e-03
7.286190000000000166e-01 3.803150000000000142e-01
6.246390000000000553e-01 1.036669999999999953e-01
4.391639999999999988e-01 3.074749999999999983e-01
3.602940000000000031e-01 4.893899999999999917e-01
4.628260000000000152e-01 5.374860000000000193e-01
3.841310000000000002e-01 1.209490000000000010e-01
3.365909999999999735e-01 2.495429999999999870e-01
4.553019999999999845e-01 5.751699999999999868e-02
6.048879999999999812e-01 2.243650000000000089e-01
6.895540000000000003e-01 2.546889999999999987e-01
6.099459999999999882e-01 2.434830000000000050e-01
2.681629999999999847e-01 3.908199999999999869e-02
6.022739999999999760e-01 3.619800000000000101e-02
5.923570000000000224e-01 -1.670599999999999863e-02
5.533839999999999870e-01 3.504050000000000220e-01
4.591759999999999731e-01 3.430159999999999876e-01
5.536419999999999675e-01 1.939480000000000093e-01
7.444079999999999586e-01 4.588099999999999817e-02
-4.911170000000000258e-01 -6.498900000000000510e-02
2.548880000000000035e-01 2.100700000000000067e-01
6.658129999999999882e-01 2.703799999999999953e-02
4.532510000000000150e-01 2.336020000000000041e-01
6.301660000000000039e-01 2.473829999999999918e-01
5.638490000000000446e-01 -1.021000000000000033e-02
4.866119999999999890e-01 4.889870000000000050e-01
4.620730000000000115e-01 1.923209999999999920e-01
5.049719999999999764e-01 2.038099999999999912e-01
5.326859999999999928e-01 2.191450000000000065e-01
4.445850000000000080e-01 2.010440000000000005e-01
5.019519999999999538e-01 3.359139999999999904e-01
5.988069999999999782e-01 4.587900000000000311e-02
4.733700000000000130e-01 2.209440000000000015e-01
3.773839999999999972e-01 3.731099999999999972e-01
6.199529999999999763e-01 6.249400000000000094e-02
4.800579999999999847e-01 2.450509999999999911e-01
5.092590000000000172e-01 3.978399999999999992e-02
5.759079999999999755e-01 1.340580000000000105e-01
4.802370000000000250e-01 2.793300000000000227e-01
5.999970000000000026e-01 2.869320000000000204e-01
7.346549999999999470e-01 3.144080000000000208e-01
7.494779999999999776e-01 5.302000000000000289e-03
7.289839999999999653e-01 -7.681399999999999340e-02
7.776800000000000379e-01 1.235020000000000007e-01
6.345190000000000552e-01 5.024900000000000200e-02
8.565160000000000551e-01 7.836799999999999322e-02
7.687450000000000117e-01 7.034300000000000275e-02
6.106080000000000396e-01 1.181109999999999938e-01
6.985369999999999635e-01 1.284710000000000019e-01
6.984409999999999785e-01 -7.320899999999999630e-02
7.171589999999999909e-01 2.537579999999999836e-01
7.362119999999999775e-01 2.300419999999999965e-01
4.903770000000000073e-01 3.773850000000000260e-01
5.705940000000000456e-01 9.182899999999999396e-02
4.935510000000000175e-01 2.736709999999999976e-01
4.053450000000000109e-01 1.751240000000000019e-01
6.713980000000000503e-01 1.566150000000000042e-01
3.101670000000000260e-01 3.705640000000000045e-01
2.714529999999999998e-01 3.396669999999999967e-01
5.557029999999999470e-01 3.750699999999999867e-02
4.071739999999999804e-01 1.245030000000000026e-01
4.614349999999999841e-01 2.229490000000000083e-01
5.955960000000000143e-01 -9.286000000000000851e-03
4.871849999999999792e-01 1.939200000000000090e-01
3.444789999999999797e-01 7.691900000000000126e-02
4.020440000000000125e-01 1.273350000000000037e-01
6.292609999999999593e-01 1.758889999999999898e-01
5.465240000000000098e-01 3.073899999999999966e-01
-5.429099999999999898e-02 4.731819999999999915e-01
2.625580000000000136e-01 1.483810000000000129e-01
5.800689999999999458e-01 1.830440000000000123e-01
4.664260000000000073e-01 -2.012299999999999853e-02
-3.660769999999999857e-01 1.600239999999999996e-01
6.065599999999999881e-01 6.741099999999999870e-02
4.781980000000000119e-01 1.398129999999999928e-01
4.366550000000000153e-01 1.028290000000000037e-01
2.250880000000000103e-01 -2.227679999999999938e-01
4.525609999999999911e-01 1.548630000000000007e-01
7.089499999999999691e-01 1.531129999999999991e-01
5.657659999999999911e-01 1.331739999999999868e-01
4.524119999999999808e-01 1.184380000000000016e-01
1.189489999999999992e-01 -1.852600000000000080e-02
6.427469999999999573e-01 3.436100000000000265e-02
-6.558169999999999833e-01 2.687249999999999917e-01
5.150519999999999543e-01 7.328500000000000292e-02
3.421060000000000212e-01 2.858149999999999857e-01
5.856860000000000399e-01 3.238889999999999825e-01
5.703759999999999941e-01 2.332899999999999904e-02
-2.135899999999999951e-02 2.775429999999999842e-01
5.834160000000000457e-01 2.600600000000000134e-02
4.826759999999999939e-01 2.177050000000000096e-01
3.650519999999999876e-01 1.699730000000000130e-01
4.320309999999999984e-01 2.211980000000000057e-01
5.432940000000000547e-01 3.563589999999999813e-01
5.237020000000000008e-01 6.396200000000000496e-02
-5.461799999999999988e-02 3.665499999999999869e-01
6.937670000000000226e-01 -5.021799999999999875e-02
4.144669999999999743e-01 1.955890000000000128e-01
-6.658070000000000377e-01 1.323099999999999971e-02
4.351909999999999945e-01 2.194879999999999887e-01
4.868930000000000202e-01 -2.885700000000000071e-02
5.784820000000000517e-01 1.713250000000000051e-01
5.280620000000000314e-01 3.752630000000000132e-01
5.446339999999999515e-01 -1.530799999999999939e-01
5.282369999999999566e-01 2.040510000000000101e-01
5.487300000000000511e-01 2.893919999999999826e-01
6.199559999999999516e-01 5.592400000000000149e-02
6.535429999999999851e-01 2.108659999999999979e-01
4.364580000000000126e-01 2.013459999999999972e-01
5.886879999999999891e-01 2.173440000000000094e-01
6.175690000000000346e-01 -5.546899999999999747e-02
3.246709999999999874e-01 2.266249999999999931e-01
