-3.419289999999999830e-01 3.460559999999999747e-01
-3.312869999999999981e-01 4.527780000000000138e-01
3.579299999999999843e-02 4.165849999999999831e-01
-9.300600000000000533e-02 5.201459999999999972e-01
4.948290000000000188e-01 4.003300000000000192e-01
-5.429629999999999734e-01 4.444719999999999782e-01
5.071870000000000545e-01 4.904259999999999731e-01
-5.217309999999999448e-01 1.642000000000000013e-03
-8.499529999999999585e-01 -1.151269999999999932e-01
3.055649999999999755e-01 -3.044709999999999916e-01
5.098470000000000502e-01 1.783099999999999963e-01
5.228690000000000282e-01 -7.389999999999999347e-02
6.287979999999999681e-01 -1.950179999999999969e-01
6.553860000000000241e-01 1.074859999999999982e-01
-4.028689999999999771e-01 5.371839999999999948e-01
-1.604160000000000030e-01 6.850870000000000015e-01
-3.194409999999999750e-01 6.060969999999999969e-01
-1.265699999999999881e-01 4.590259999999999896e-01
5.633270000000000222e-01 -2.643050000000000122e-01
-6.359179999999999833e-01 2.448869999999999936e-01
-4.834600000000000009e-01 5.865190000000000126e-01
-4.055739999999999901e-01 9.005000000000000504e-02
-5.868740000000000068e-01 4.315359999999999752e-01
5.195049999999999946e-01 -1.814900000000000124e-01
-5.101539999999999964e-01 5.399450000000000083e-01
-1.913849999999999996e-01 -4.189849999999999963e-01
-3.400859999999999994e-01 -1.155130000000000046e-01
7.471360000000000223e-01 1.216440000000000021e-01
7.024310000000000276e-01 1.893330000000000013e-01
5.457089999999999996e-01 -1.854879999999999862e-01
5.015920000000000378e-01 1.235509999999999942e-01
4.981579999999999897e-01 1.126950000000000035e-01
7.753649999999999709e-01 8.631600000000000383e-02
6.622999999999999998e-01 1.389269999999999949e-01
8.027809999999999668e-01 8.325299999999999367e-02
6.380740000000000300e-01 3.239139999999999797e-01
6.734970000000000123e-01 1.375309999999999866e-01
6.085890000000000466e-01 8.515399999999999359e-02
5.873209999999999820e-01 1.265149999999999886e-01
-1.742460000000000120e-01 -6.635299999999999532e-02
8.380799999999999361e-02 -2.642689999999999761e-01
1.557340000000000113e-01 2.139919999999999878e-01
-5.265499999999999625e-01 1.093589999999999979e-01
5.606900000000000217e-01 -2.322300000000000059e-02
-4.779379999999999740e-01 4.778180000000000205e-01
5.842150000000000398e-01 2.009150000000000102e-01
-1.900200000000000153e-02 1.420649999999999968e-01
8.256090000000000373e-01 -3.447319999999999829e-01
6.784449999999999648e-01 5.522590000000000554e-01
4.268669999999999964e-01 3.289839999999999987e-01
8.922900000000000276e-02 3.220109999999999917e-01
5.644010000000000415e-01 3.103620000000000267e-01
4.695349999999999802e-01 2.693530000000000091e-01
5.260259999999999936e-01 2.279199999999999976e-02
5.864629999999999566e-01 8.406500000000000083e-02
1.161689999999999945e-01 3.442669999999999897e-01
6.506990000000000274e-01 1.042759999999999937e-01
4.690909999999999802e-01 -1.707660000000000011e-01
6.554940000000000211e-01 1.221109999999999973e-01
6.770110000000000294e-01 2.868999999999999884e-01
5.974810000000000398e-01 3.436239999999999850e-01
7.827290000000000081e-01 6.108999999999999847e-03
4.972369999999999846e-01 1.437690000000000079e-01
5.474609999999999754e-01 2.591129999999999822e-01
4.843770000000000020e-01 6.505250000000000199e-01
7.045059999999999656e-01 5.527130000000000098e-01
2.896449999999999858e-01 -3.405299999999999994e-02
5.992359999999999909e-01 -2.894610000000000238e-01
2.875219999999999998e-01 1.227010000000000045e-01
5.784709999999999575e-01 2.157789999999999986e-01
4.267699999999999827e-01 -3.673739999999999783e-01
2.404989999999999906e-01 1.054599999999999982e-02
7.554589999999999916e-01 -6.393799999999999484e-02
4.731609999999999983e-01 -1.189640000000000003e-01
7.514830000000000121e-01 5.320199999999999929e-02
5.034720000000000306e-01 -1.938989999999999880e-01
3.776399999999999757e-01 -1.686330000000000051e-01
5.199540000000000273e-01 -4.579699999999999743e-02
-5.073800000000000532e-01 2.136530000000000096e-01
6.361710000000000420e-01 2.407100000000000073e-01
6.526669999999999972e-01 1.074500000000000038e-01
5.708020000000000316e-01 3.486049999999999982e-01
4.722020000000000106e-01 9.809299999999999964e-02
4.369049999999999878e-01 -4.390100000000000252e-02
2.833479999999999888e-01 -6.140600000000000225e-02
1.204859999999999959e-01 1.484899999999999935e-02
2.721799999999999914e-02 1.944500000000000048e-02
5.215530000000000443e-01 3.645889999999999964e-01
5.388589999999999769e-01 8.219000000000000611e-03
3.845419999999999949e-01 -3.583299999999999819e-01
6.934860000000000468e-01 -2.796989999999999754e-01
5.922960000000000447e-01 2.363879999999999870e-01
4.483790000000000275e-01 3.371310000000000140e-01
4.102790000000000048e-01 -1.236769999999999953e-01
5.697599999999999887e-02 6.284499999999999809e-02
4.655199999999999894e-01 1.804820000000000035e-01
-3.500710000000000210e-01 4.452099999999999946e-01
-5.751640000000000086e-01 3.884719999999999840e-01
-7.523840000000000527e-01 6.169900000000000384e-01
-3.357399999999999968e-02 6.394149999999999556e-01
-8.053820000000000423e-01 3.787550000000000083e-01
6.170130000000000337e-01 3.316109999999999891e-01
5.014309999999999601e-01 4.295720000000000094e-01
4.800220000000000042e-01 8.528600000000000070e-02
5.904260000000000064e-01 4.108169999999999877e-01
6.790629999999999722e-01 2.665219999999999811e-01
4.468770000000000242e-01 5.090740000000000265e-01
6.414400000000000102e-01 1.860620000000000052e-01
6.807710000000000150e-01 1.646650000000000058e-01
5.429380000000000317e-01 4.445430000000000215e-01
5.356680000000000330e-01 4.055019999999999736e-01
4.496430000000000149e-01 4.063899999999999735e-01
6.788619999999999655e-01 1.338320000000000065e-01
6.648249999999999993e-01 3.384440000000000226e-01
-5.972380000000000466e-01 4.267190000000000150e-01
-2.633920000000000150e-01 6.703339999999999854e-01
5.396269999999999678e-01 3.385199999999999876e-01
5.664259999999999851e-01 -9.821999999999999134e-03
-2.618650000000000144e-01 5.523209999999999509e-01
-5.886409999999999698e-01 6.246190000000000353e-01
6.678849999999999509e-01 -4.518300000000000094e-02
6.312179999999999458e-01 5.723799999999999721e-02
5.436569999999999458e-01 -1.183840000000000031e-01
-5.874690000000000190e-01 2.232329999999999870e-01
-2.376759999999999984e-01 6.225239999999999663e-01
5.513689999999999980e-01 4.580659999999999732e-01
4.254220000000000224e-01 6.798600000000000476e-02
6.511839999999999851e-01 4.523769999999999736e-01
4.122970000000000246e-01 2.459000000000000075e-01
6.924420000000000019e-01 -2.596669999999999812e-01
6.279670000000000529e-01 3.787400000000000211e-01
4.224479999999999902e-01 4.539860000000000007e-01
5.643319999999999448e-01 -5.819300000000000167e-02
4.762000000000000122e-01 -1.497080000000000077e-01
1.242950000000000027e-01 1.086580000000000046e-01
-2.934539999999999926e-01 4.003999999999999920e-02
-3.843170000000000197e-01 -1.338580000000000048e-01
-2.051550000000000040e-01 4.257610000000000006e-01
2.346570000000000045e-01 9.421000000000000554e-03
5.896810000000000107e-01 -3.756299999999999917e-02
6.700040000000000440e-01 2.685870000000000202e-01
2.290550000000000086e-01 -2.259269999999999889e-01
4.998400000000000065e-01 8.086699999999999444e-02
1.703810000000000047e-01 -8.970000000000000195e-02
6.919250000000000123e-01 7.721999999999999698e-03
7.994210000000000482e-01 -1.159860000000000058e-01
3.794839999999999880e-01 -2.714019999999999766e-01
6.996259999999999701e-01 -9.435300000000000631e-02
1.625290000000000068e-01 1.145570000000000060e-01
-5.759809999999999652e-01 2.469139999999999946e-01
-2.745650000000000035e-01 7.235580000000000345e-01
5.082550000000000123e-01 -2.365839999999999888e-01
2.371860000000000079e-01 9.123199999999999366e-02
7.845410000000000439e-01 2.009340000000000015e-01
-5.908949999999999481e-01 -1.771570000000000089e-01
-6.382759999999999545e-01 -1.044670000000000043e-01
5.791319999999999801e-01 -3.323920000000000208e-01
-5.663650000000000073e-01 -1.086900000000000019e-02
5.546950000000000491e-01 1.235360000000000069e-01
6.241750000000000353e-01 -1.499469999999999970e-01
-1.402160000000000073e-01 5.750830000000000108e-01
-7.401370000000000449e-01 2.500600000000000045e-01
5.814869999999999761e-01 5.083360000000000101e-01
5.463999999999999968e-01 -8.265899999999999637e-02
8.556800000000000517e-02 5.834709999999999619e-01
2.118690000000000018e-01 3.408840000000000203e-01
5.744829999999999659e-01 3.497200000000000308e-02
3.681940000000000213e-01 2.877160000000000273e-01
2.901889999999999747e-01 -2.485229999999999939e-01
-2.753999999999999782e-01 3.927089999999999748e-01
-2.446989999999999998e-01 6.173089999999999966e-01
-5.490400000000000141e-02 4.230650000000000244e-01
-5.222379999999999800e-01 5.457509999999999861e-01
-3.679200000000000248e-01 1.729060000000000041e-01
4.882029999999999981e-01 5.112269999999999870e-01
-4.338449999999999807e-01 4.338679999999999759e-01
-5.515120000000000022e-01 4.802710000000000035e-01
-3.019419999999999882e-01 5.645949999999999580e-01
-2.239199999999999871e-02 5.708729999999999638e-01
-2.661060000000000092e-01 7.352140000000000342e-01
-2.214119999999999977e-01 6.669490000000000141e-01
-4.998679999999999790e-01 4.227759999999999851e-01
-4.623539999999999872e-01 7.002699999999999481e-01
-5.244299999999999518e-01 4.178529999999999744e-01
-4.924049999999999816e-01 1.924369999999999969e-01
-1.816020000000000134e-01 5.522569999999999979e-01
-4.743859999999999744e-01 5.642129999999999646e-01
-1.460980000000000056e-01 4.924629999999999841e-01
-2.684989999999999877e-01 4.276679999999999926e-01
-2.242780000000000051e-01 7.054479999999999640e-01
-4.270200000000000107e-01 5.888729999999999798e-01
-1.101069999999999965e-01 5.330880000000000063e-01
-6.708169999999999966e-01 4.795900000000000163e-01
-2.062970000000000081e-01 4.670869999999999744e-01
-5.947200000000000264e-01 5.120050000000000434e-01
-5.905120000000000369e-01 5.591749999999999776e-01
-5.208620000000000472e-01 5.850929999999999742e-01
3.755900000000000211e-02 6.104519999999999946e-01
-5.125720000000000276e-01 4.580620000000000247e-01
-5.666039999999999965e-01 1.987869999999999915e-01
7.255310000000000370e-01 6.333199999999999941e-02
7.011070000000000357e-01 -3.567830000000000168e-01
7.586049999999999738e-01 -2.614800000000000110e-02
5.855430000000000357e-01 -2.594230000000000147e-01
6.139580000000000037e-01 2.867000000000000104e-02
3.452749999999999986e-01 -1.018489999999999951e-01
4.062939999999999885e-01 -2.894249999999999878e-01
-4.396860000000000213e-01 7.199959999999999694e-01
-2.885780000000000012e-01 6.378470000000000528e-01
-6.125439999999999774e-01 7.839580000000000437e-01
-2.876630000000000020e-01 3.312120000000000064e-01
2.821330000000000227e-01 4.461660000000000070e-01
-6.491500000000000048e-01 2.986240000000000006e-01
3.168949999999999823e-01 5.519640000000000102e-01
-4.999089999999999923e-01 5.102900000000000214e-01
6.887689999999999646e-01 1.520269999999999955e-01
-5.519739999999999647e-01 6.004600000000000215e-02
6.965860000000000385e-01 6.184900000000000120e-02
3.663790000000000102e-01 -4.019269999999999787e-01
-6.814000000000000612e-02 4.457059999999999911e-01
5.874439999999999662e-01 -1.152730000000000005e-01
7.022040000000000504e-01 -1.176549999999999957e-01
-1.628860000000000030e-01 5.900400000000000089e-01
6.702839999999999909e-01 -1.543100000000000027e-02
7.342220000000000413e-01 2.342599999999999891e-02
3.289210000000000189e-01 -1.787529999999999952e-01
-7.266770000000000174e-01 1.946589999999999987e-01
5.785169999999999479e-01 3.553919999999999857e-01
5.641359999999999708e-01 4.922549999999999981e-01
4.879040000000000044e-01 -1.501730000000000009e-01
5.065600000000000103e-01 2.725190000000000112e-01
8.023670000000000524e-01 1.198290000000000050e-01
5.208100000000000229e-02 8.637599999999999445e-02
6.674449999999999550e-01 4.837759999999999838e-01
4.988139999999999796e-01 -1.046959999999999974e-01
4.819609999999999728e-01 2.282450000000000034e-01
1.853170000000000095e-01 -3.183819999999999983e-01
4.099530000000000118e-01 1.889180000000000026e-01
5.318810000000000482e-01 6.672599999999999365e-02
-5.422590000000000465e-01 -4.330699999999999827e-02
4.658800000000000163e-01 1.762460000000000138e-01
5.893669999999999742e-01 2.035150000000000015e-01
5.292419999999999902e-01 -8.630000000000000518e-04
-6.580219999999999958e-01 1.652379999999999960e-01
5.589809999999999501e-01 9.072099999999999609e-02
5.719849999999999657e-01 -3.802269999999999817e-01
4.456939999999999791e-01 2.043049999999999866e-01
5.329779999999999518e-01 1.846800000000000108e-01
6.912500000000000311e-01 1.963380000000000125e-01
5.507400000000000073e-01 -3.105379999999999807e-01
3.388490000000000113e-01 4.948810000000000153e-01
-8.204000000000000181e-02 6.093450000000000255e-01
5.937280000000000335e-01 -2.882640000000000202e-01
1.365730000000000000e-01 -1.801190000000000013e-01
3.668230000000000102e-01 8.936900000000000399e-02
4.407980000000000231e-01 -1.813109999999999999e-01
-7.292200000000000071e-02 -3.527370000000000227e-01
5.810859999999999914e-01 -2.942370000000000263e-01
-5.540270000000000472e-01 5.333700000000000246e-02
2.274259999999999893e-01 -4.371909999999999963e-01
3.385790000000000188e-01 -2.022799999999999876e-01
2.694940000000000113e-01 -3.328280000000000127e-01
-5.673679999999999835e-01 7.652200000000000668e-02
-5.427959999999999452e-01 -4.867199999999999999e-02
-3.579490000000000172e-01 7.275150000000000228e-01
-6.011269999999999669e-01 6.580070000000000086e-01
-5.985179999999999945e-01 4.677209999999999979e-01
-6.011589999999999989e-01 6.388930000000000442e-01
-7.015709999999999447e-01 5.825529999999999875e-01
-6.819929999999999604e-01 6.864320000000000421e-01
-6.370670000000000499e-01 6.212689999999999602e-01
-6.313640000000000363e-01 3.539510000000000156e-01
5.255200000000000149e-02 5.662460000000000271e-01
-4.165220000000000034e-01 3.660970000000000057e-01
5.747710000000000319e-01 -6.877700000000000480e-02
6.184840000000000337e-01 4.789590000000000236e-01
-7.880690000000000195e-01 1.222970000000000029e-01
-3.889469999999999872e-01 4.794359999999999733e-01
-6.308850000000000291e-01 3.924860000000000015e-01
6.205570000000000253e-01 1.869200000000000028e-02
5.716090000000000337e-01 1.333959999999999868e-01
6.078810000000000047e-01 1.294780000000000098e-01
5.110559999999999548e-01 -2.142870000000000053e-01
6.403200000000000003e-01 4.627729999999999899e-01
6.221189999999999776e-01 4.804370000000000029e-01
8.241030000000000300e-01 1.771600000000000119e-01
6.910380000000000411e-01 7.015000000000000402e-02
5.939320000000000155e-01 1.748149999999999982e-01
6.502740000000000187e-01 8.831999999999999573e-03
7.394150000000000444e-01 3.546920000000000073e-01
7.029450000000000420e-01 -1.328300000000000036e-01
5.583289999999999642e-01 -1.806949999999999945e-01
7.412250000000000227e-01 3.048870000000000191e-01
5.473959999999999937e-01 -2.917009999999999881e-01
5.394339999999999691e-01 3.111680000000000001e-01
6.460019999999999651e-01 1.656880000000000019e-01
6.875780000000000225e-01 -2.274899999999999978e-01
6.422689999999999788e-01 -6.017299999999999732e-02
6.067559999999999620e-01 3.101990000000000025e-01
6.780990000000000073e-01 3.043230000000000102e-01
6.395549999999999846e-01 5.095499999999999474e-01
6.780140000000000056e-01 2.418810000000000127e-01
6.010159999999999947e-01 3.987600000000000033e-01
7.494070000000000453e-01 2.949720000000000120e-01
6.858710000000000084e-01 1.187779999999999947e-01
8.708129999999999482e-01 -3.019099999999999909e-02
7.264350000000000529e-01 8.137500000000000289e-02
6.421040000000000081e-01 1.879440000000000000e-01
7.266979999999999551e-01 3.219739999999999824e-01
6.456499999999999462e-01 6.842199999999999671e-02
6.116099999999999870e-01 4.919560000000000044e-01
3.945779999999999843e-01 5.291949999999999710e-01
5.467840000000000478e-01 3.939920000000000089e-01
6.774029999999999774e-01 9.462900000000000478e-02
6.714250000000000496e-01 2.402870000000000006e-01
8.002559999999999674e-01 1.350530000000000064e-01
7.490390000000000104e-01 1.503460000000000074e-01
6.792439999999999589e-01 6.653839999999999755e-01
6.889450000000000296e-01 4.425140000000000184e-01
8.479619999999999935e-01 3.693679999999999741e-01
4.185320000000000151e-01 1.637649999999999939e-01
8.323880000000000168e-01 3.340779999999999861e-01
5.968040000000000012e-01 -1.686199999999999852e-02
6.255129999999999857e-01 -2.411480000000000012e-01
5.500779999999999559e-01 2.140239999999999920e-01
6.850300000000000278e-01 -1.170619999999999994e-01
6.704329999999999457e-01 -9.511999999999999622e-03
6.398000000000000353e-01 4.598090000000000233e-01
5.878100000000000547e-01 5.478659999999999641e-01
5.931659999999999711e-01 2.760360000000000036e-01
6.875890000000000057e-01 9.463000000000000578e-02
5.754620000000000291e-01 1.733079999999999898e-01
4.942590000000000039e-01 3.963990000000000014e-01
6.178869999999999640e-01 3.649850000000000039e-01
6.182419999999999582e-01 5.200789999999999580e-01
4.914749999999999952e-01 5.616280000000000161e-01
5.151259999999999728e-01 8.971500000000000308e-02
7.547509999999999497e-01 -1.006999999999999978e-01
6.515900000000000025e-01 4.300740000000000118e-01
7.261339999999999462e-01 3.400440000000000129e-01
5.904239999999999489e-01 4.822969999999999757e-01
5.455569999999999586e-01 4.483480000000000243e-01
6.859800000000000342e-01 4.159550000000000192e-01
3.877450000000000063e-01 1.338080000000000103e-01
2.432410000000000128e-01 -2.063379999999999936e-01
6.368770000000000264e-01 -3.079999999999999839e-03
6.471040000000000125e-01 -1.163450000000000040e-01
7.336869999999999781e-01 -7.100000000000000191e-04
6.071010000000000018e-01 1.144500000000000031e-02
6.226730000000000320e-01 -1.444189999999999918e-01
4.267029999999999990e-01 1.946469999999999867e-01
4.393799999999999928e-01 1.279649999999999954e-01
6.793360000000000509e-01 5.191940000000000444e-01
6.497239999999999682e-01 1.049220000000000014e-01
7.801979999999999471e-01 -4.412399999999999656e-02
7.496580000000000465e-01 -4.556700000000000333e-02
6.691740000000000466e-01 -2.411900000000000155e-02
5.414569999999999661e-01 -2.342390000000000028e-01
5.965620000000000367e-01 -6.983899999999999830e-02
6.546440000000000037e-01 -3.201999999999999985e-03
3.720820000000000238e-01 -1.930400000000000171e-02
-6.999589999999999979e-01 9.363499999999999601e-02
5.673510000000000497e-01 -3.512900000000000050e-02
-6.401710000000000456e-01 3.752739999999999965e-01
-3.660760000000000125e-01 4.638240000000000141e-01
-4.760139999999999927e-01 5.184410000000000407e-01
-4.128729999999999900e-01 5.966449999999999809e-01
-4.215550000000000130e-01 4.769090000000000273e-01
5.432019999999999627e-01 2.369610000000000050e-01
5.020609999999999795e-01 1.560199999999999955e-02
5.539640000000000120e-01 3.891510000000000247e-01
5.893840000000000190e-01 3.969170000000000198e-01
6.410470000000000335e-01 4.067620000000000124e-01
4.661029999999999895e-01 1.714459999999999873e-01
5.628309999999999702e-01 1.415879999999999916e-01
6.324650000000000549e-01 3.059580000000000077e-01
5.819889999999999786e-01 4.808499999999999996e-01
5.277560000000000029e-01 5.513550000000000395e-01
5.310740000000000460e-01 5.983889999999999487e-01
5.685599999999999543e-01 2.575540000000000052e-01
2.649360000000000048e-01 -4.926559999999999828e-01
7.542740000000000000e-01 1.886529999999999874e-01
6.768309999999999604e-01 5.319239999999999524e-01
-4.624750000000000250e-01 2.140099999999999988e-02
6.187470000000000470e-01 -4.621800000000000214e-02
4.912000000000000255e-01 1.704869999999999997e-01
5.995439999999999658e-01 8.858399999999999608e-02
4.357289999999999774e-01 3.853300000000000058e-01
3.870819999999999816e-01 1.679900000000000143e-02
-2.992859999999999965e-01 5.186650000000000427e-01
-5.617830000000000323e-01 5.935240000000000515e-01
-1.387180000000000080e-01 6.071969999999999867e-01
4.834860000000000269e-01 6.255499999999999949e-02
5.270329999999999737e-01 3.015669999999999740e-01
5.132039999999999935e-01 5.351160000000000361e-01
4.173040000000000083e-01 -1.879999999999999944e-03
3.425770000000000204e-01 -9.981099999999999695e-02
3.307610000000000272e-01 3.636739999999999973e-01
3.668109999999999982e-01 5.668279999999999985e-01
4.011799999999999811e-01 5.309570000000000123e-01
5.506269999999999776e-01 1.728520000000000056e-01
5.138669999999999627e-01 5.982760000000000300e-01
4.793109999999999871e-01 3.765410000000000146e-01
6.537730000000000485e-01 1.749509999999999954e-01
5.038369999999999793e-01 3.348880000000000190e-01
5.283729999999999816e-01 5.130770000000000053e-01
3.636300000000000088e-01 5.546510000000000051e-01
5.421270000000000255e-01 1.923989999999999867e-01
6.486640000000000184e-01 3.219770000000000132e-01
5.741089999999999804e-01 3.358909999999999951e-01
6.213210000000000122e-01 1.735130000000000006e-01
5.835799999999999876e-01 4.537530000000000174e-01
6.003730000000000455e-01 1.755670000000000008e-01
2.386800000000000033e-02 6.626149999999999540e-01
4.540899999999999936e-01 4.101360000000000006e-01
4.047279999999999767e-01 -1.179909999999999987e-01
6.814820000000000322e-01 -1.015210000000000001e-01
-3.495219999999999994e-01 6.456920000000000437e-01
-4.544639999999999791e-01 5.669849999999999612e-01
-5.982279999999999820e-01 7.587810000000000388e-01
-4.764829999999999899e-01 -1.943200000000000136e-02
5.813620000000000454e-01 -7.642500000000000682e-02
6.984489999999999865e-01 1.316160000000000108e-01
5.683510000000000506e-01 -6.036899999999999905e-02
5.592770000000000241e-01 1.741959999999999897e-01
5.788769999999999749e-01 2.707200000000000162e-01
6.665159999999999973e-01 1.645469999999999988e-01
7.049509999999999943e-01 -8.235299999999999565e-02
5.421510000000000495e-01 -1.085500000000000007e-02
2.271839999999999971e-01 2.322199999999999959e-02
-8.156900000000000261e-02 2.687209999999999877e-01
-1.767080000000000040e-01 5.145009999999999861e-01
-4.985069999999999779e-01 4.747230000000000061e-01
-1.028430000000000039e-01 5.570910000000000029e-01
-5.986489999999999867e-01 4.478860000000000063e-01
-7.002610000000000223e-01 2.725540000000000185e-01
-3.331129999999999924e-01 -1.953769999999999951e-01
6.419909999999999783e-01 1.027760000000000062e-01
6.856499999999999817e-01 2.004670000000000063e-01
1.670870000000000133e-01 -5.947000000000000029e-03
6.946059999999999457e-01 5.026779999999999582e-01
4.252540000000000209e-01 2.556339999999999724e-01
8.894069999999999476e-01 1.466449999999999976e-01
4.566490000000000271e-01 -2.533400000000000096e-01
3.391270000000000118e-01 -1.600149999999999906e-01
2.035510000000000097e-01 -7.291499999999999371e-02
3.622549999999999937e-01 -1.119330000000000047e-01
5.004520000000000080e-01 3.825290000000000079e-01
-3.846800000000000219e-02 4.826579999999999759e-01
5.525619999999999976e-01 -2.422500000000000001e-02
6.079109999999999792e-01 -2.221930000000000016e-01
6.714780000000000193e-01 1.011880000000000002e-01
7.610599999999999588e-01 2.112429999999999863e-01
5.256530000000000369e-01 -4.690099999999999825e-02
8.046579999999999844e-01 1.483639999999999959e-01
5.082229999999999803e-01 -5.975300000000000056e-02
5.647569999999999535e-01 1.504459999999999964e-01
6.543520000000000447e-01 2.375909999999999966e-01
4.374870000000000148e-01 -1.889329999999999898e-01
6.041830000000000256e-01 1.691010000000000013e-01
4.555939999999999990e-01 2.137189999999999923e-01
5.769400000000000084e-01 9.321599999999999331e-02
6.428139999999999965e-01 3.104219999999999757e-01
-7.036369999999999569e-01 3.068710000000000049e-01
-4.201799999999999979e-01 2.800000000000000266e-01
6.267190000000000261e-01 -2.673030000000000128e-01
4.090250000000000274e-01 -3.828550000000000009e-01
3.165290000000000048e-01 2.039580000000000004e-01
3.466929999999999734e-01 1.863339999999999996e-01
6.807950000000000390e-01 1.123450000000000004e-01
4.085150000000000170e-01 1.053719999999999934e-01
6.042119999999999713e-01 3.921600000000000086e-01
6.311839999999999673e-01 3.092130000000000156e-01
4.264149999999999885e-01 4.822540000000000160e-01
-8.260349999999999637e-01 4.458579999999999766e-01
-3.878690000000000193e-01 3.206609999999999738e-01
6.815670000000000339e-01 3.847249999999999837e-01
-6.933799999999999686e-02 6.975099999999999356e-02
1.728290000000000104e-01 1.642300000000000010e-02
7.601890000000000036e-01 9.113000000000000267e-02
6.093229999999999480e-01 1.627989999999999993e-01
5.150860000000000438e-01 3.216359999999999775e-01
5.602040000000000353e-01 3.331649999999999889e-01
5.363489999999999647e-01 4.219599999999999740e-02
6.225039999999999463e-01 3.363300000000000178e-01
4.726790000000000158e-01 4.894600000000000062e-01
6.930560000000000054e-01 4.632580000000000031e-01
5.927529999999999744e-01 2.679000000000000270e-01
5.848959999999999715e-01 2.939089999999999758e-01
4.998000000000000220e-01 5.093239999999999990e-01
4.595870000000000233e-01 5.076330000000000009e-01
4.024880000000000124e-01 6.787020000000000275e-01
6.058289999999999509e-01 3.330640000000000267e-01
-2.267319999999999891e-01 6.118500000000000050e-01
5.686890000000000001e-01 1.475599999999999967e-01
6.907790000000000319e-01 9.758000000000000007e-02
-2.279569999999999930e-01 -2.022760000000000113e-01
6.330019999999999536e-01 3.833570000000000033e-01
4.859280000000000266e-01 4.261000000000000204e-02
-4.199930000000000052e-01 1.515960000000000085e-01
2.510499999999999884e-02 -7.359100000000000363e-02
6.001360000000000028e-01 3.781999999999999806e-01
5.519960000000000422e-01 1.571859999999999924e-01
6.393600000000000394e-01 1.095030000000000031e-01
4.157640000000000224e-01 1.849840000000000095e-01
4.834220000000000184e-01 -8.218699999999999617e-02
5.613550000000000484e-01 -1.559119999999999950e-01
3.946749999999999980e-01 -3.131180000000000074e-01
6.925869999999999527e-01 -2.743699999999999958e-02
5.614470000000000294e-01 2.745279999999999943e-01
7.112380000000000368e-01 -1.675530000000000075e-01
6.722700000000000342e-01 -1.258140000000000092e-01
4.986269999999999869e-01 -1.605669999999999875e-01
4.891820000000000057e-01 6.327300000000000146e-01
4.436050000000000271e-01 2.518300000000000052e-02
4.545910000000000228e-01 4.990220000000000211e-01
5.143130000000000202e-01 2.146560000000000135e-01
7.097919999999999785e-01 1.156110000000000054e-01
-4.337889999999999802e-01 2.754860000000000086e-01
7.734680000000000444e-01 1.129570000000000018e-01
-3.641460000000000252e-01 5.106910000000000061e-01
3.729310000000000125e-01 8.404000000000000012e-03
2.871009999999999951e-01 -2.168480000000000130e-01
7.479120000000000212e-01 1.752660000000000051e-01
7.592780000000000085e-01 4.202999999999999792e-02
6.720880000000000187e-01 -7.746599999999999320e-02
6.567499999999999449e-01 -1.338660000000000128e-01
6.375680000000000236e-01 -1.035900000000000015e-02
6.861559999999999881e-01 -2.818930000000000047e-01
6.910239999999999716e-01 -2.200209999999999944e-01
6.654729999999999812e-01 -1.318640000000000090e-01
7.274150000000000338e-01 6.399499999999999633e-02
5.903490000000000126e-01 -1.786459999999999992e-01
7.639989999999999837e-01 -1.539639999999999898e-01
6.811019999999999852e-01 7.318399999999999905e-02
4.543579999999999841e-01 -5.729200000000000265e-02
2.966900000000000093e-01 7.440199999999999592e-02
-7.506730000000000347e-01 3.552170000000000050e-01
-5.011910000000000531e-01 1.567729999999999957e-01
-6.260569999999999746e-01 1.176829999999999959e-01
7.508409999999999807e-01 -4.506099999999999689e-02
6.843660000000000299e-01 3.685499999999999887e-02
7.143890000000000517e-01 1.278259999999999952e-01
7.635800000000000365e-01 -3.276600000000000346e-02
7.324060000000000015e-01 -9.737099999999999922e-02
7.142519999999999980e-01 6.605999999999999893e-03
6.207730000000000192e-01 1.127699999999999952e-01
6.509169999999999678e-01 2.010959999999999970e-01
6.543360000000000287e-01 -4.594499999999999973e-02
2.922420000000000018e-01 -3.028589999999999893e-01
5.784280000000000532e-01 -1.380790000000000073e-01
-4.821690000000000142e-01 3.475070000000000103e-01
5.280470000000000441e-01 -4.702300000000000230e-02
-5.048789999999999667e-01 4.347320000000000073e-01
-4.001390000000000224e-01 7.183110000000000328e-01
4.626009999999999844e-01 -2.337740000000000096e-01
4.293379999999999974e-01 1.869169999999999998e-01
3.932760000000000145e-01 -2.739600000000000021e-02
6.227629999999999555e-01 -3.400999999999999857e-02
7.218670000000000364e-01 5.710400000000000198e-02
6.782200000000000450e-01 1.217609999999999942e-01
5.377819999999999823e-01 3.277220000000000133e-01
3.060769999999999880e-01 -9.013400000000000578e-02
3.122599999999999820e-01 7.453469999999999818e-01
5.560749999999999860e-01 6.332809999999999828e-01
6.755659999999999998e-01 2.575560000000000072e-01
5.632660000000000444e-01 -5.819499999999999673e-02
6.621780000000000443e-01 4.098240000000000216e-01
5.473090000000000455e-01 7.982799999999999618e-02
6.446749999999999980e-01 1.827769999999999950e-01
4.968719999999999803e-01 4.777879999999999905e-01
4.584699999999999886e-01 2.452419999999999878e-01
5.828900000000000192e-01 2.358439999999999981e-01
5.255309999999999704e-01 -1.125560000000000033e-01
5.164830000000000254e-01 2.391399999999999915e-01
4.209410000000000096e-01 5.517159999999999842e-01
7.291450000000000431e-01 1.019049999999999956e-01
1.286599999999999966e-01 -2.636419999999999875e-01
4.194249999999999923e-01 4.050130000000000119e-01
4.728859999999999730e-01 4.437960000000000238e-01
4.752609999999999890e-01 1.519580000000000097e-01
4.470459999999999989e-01 2.083879999999999899e-01
4.674159999999999981e-01 3.766209999999999836e-01
5.098770000000000246e-01 1.546750000000000069e-01
6.518239999999999590e-01 1.706799999999999984e-01
6.212969999999999882e-01 1.495730000000000115e-01
5.907740000000000213e-01 4.705300000000000038e-01
6.160889999999999977e-01 3.735180000000000167e-01
4.376479999999999815e-01 4.413389999999999813e-01
5.584440000000000515e-01 -1.281500000000000000e-02
4.743430000000000146e-01 1.763409999999999977e-01
5.090620000000000145e-01 2.457260000000000000e-01
4.279609999999999803e-01 -7.392100000000000060e-02
-8.712499999999999412e-02 6.297530000000000072e-01
-1.961509999999999920e-01 6.745179999999999509e-01
-4.476979999999999849e-01 1.073640000000000011e-01
4.744999999999999774e-01 -3.024589999999999779e-01
2.872149999999999981e-01 -2.865219999999999989e-01
5.382799999999999807e-01 -8.817500000000000338e-02
4.939899999999999847e-01 -1.263710000000000111e-01
2.876799999999999913e-01 1.399300000000000023e-02
-6.042399999999999993e-01 -1.274299999999999877e-01
2.791000000000000078e-02 5.368680000000000119e-01
-6.775250000000000439e-01 3.793549999999999978e-01
-5.647379999999999622e-01 1.993379999999999874e-01
-5.075039999999999552e-01 5.087319999999999620e-01
-2.759469999999999978e-01 6.246019999999999905e-01
1.016470000000000012e-01 5.664949999999999708e-01
1.300449999999999939e-01 2.464409999999999934e-01
4.868100000000000205e-01 2.539520000000000111e-01
7.314450000000000118e-01 3.553700000000000192e-01
5.376119999999999788e-01 4.698499999999999899e-01
4.090860000000000052e-01 3.505659999999999887e-01
6.333210000000000228e-01 1.858730000000000104e-01
5.900499999999999634e-01 3.290649999999999964e-01
4.010600000000000276e-01 1.857729999999999937e-01
4.954930000000000168e-01 2.185499999999999943e-01
-4.886010000000000075e-01 2.018469999999999986e-01
-7.272939999999999960e-01 -1.067130000000000023e-01
-6.886320000000000219e-01 1.287159999999999971e-01
5.686170000000000391e-01 -1.200029999999999986e-01
3.701130000000000253e-01 -7.553400000000000392e-02
5.196659999999999613e-01 1.789419999999999900e-01
-4.216880000000000073e-01 2.261799999999999922e-02
-5.435569999999999569e-01 1.789729999999999932e-01
-7.072920000000000318e-01 1.565189999999999915e-01
5.628339999999999455e-01 -1.662820000000000131e-01
-3.395110000000000072e-01 -1.588720000000000132e-01
2.954400000000000082e-02 1.608680000000000110e-01
6.116740000000000510e-01 -8.401300000000000434e-02
-6.023699999999999610e-01 -1.192099999999999965e-01
-5.398709999999999898e-01 -2.296300000000000077e-02
6.464069999999999538e-01 3.406660000000000244e-01
6.761190000000000255e-01 -2.914370000000000016e-01
-9.861200000000000521e-02 6.890920000000000378e-01
-2.872129999999999961e-01 5.015570000000000306e-01
-6.079430000000000112e-01 7.125869999999999704e-01
-1.246960000000000013e-01 5.744139999999999802e-01
-1.850940000000000085e-01 6.450069999999999970e-01
-3.781430000000000069e-01 5.253259999999999597e-01
5.691549999999999665e-01 6.157780000000000475e-01
-1.691809999999999981e-01 5.883580000000000476e-01
2.260119999999999907e-01 -2.644099999999999784e-01
-4.597580000000000000e-01 -3.118699999999999944e-02
3.298889999999999878e-01 3.824469999999999814e-01
-3.635090000000000265e-01 -2.962640000000000273e-01
4.883089999999999931e-01 1.012369999999999937e-01
4.873620000000000174e-01 -3.439600000000000296e-02
4.393270000000000231e-01 -4.014500000000000013e-02
3.670729999999999826e-01 -2.593699999999999894e-01
6.406169999999999920e-01 -8.742900000000000671e-02
3.349579999999999780e-01 -3.102699999999999902e-01
-6.613820000000000254e-01 2.839249999999999829e-01
-5.202579999999999982e-01 4.992449999999999943e-01
3.218110000000000137e-01 6.186400000000000232e-02
5.688170000000000170e-01 -2.377529999999999921e-01
4.462610000000000188e-01 2.679059999999999775e-01
-6.721799999999999997e-01 6.388719999999999954e-01
4.821639999999999815e-01 -2.068500000000000061e-01
4.050130000000000119e-01 3.535650000000000182e-01
-4.622180000000000177e-01 -1.513450000000000073e-01
5.993929999999999536e-01 2.615990000000000260e-01
5.725940000000000474e-01 5.218329999999999913e-01
6.224960000000000493e-01 -2.733199999999999866e-02
2.966929999999999845e-01 -1.021589999999999998e-01
6.768110000000000515e-01 -8.068000000000000171e-02
5.453130000000000477e-01 -1.290300000000000058e-01
6.394900000000000029e-01 2.118210000000000093e-01
-5.945179999999999909e-01 3.823840000000000017e-01
6.062070000000000514e-01 -1.074259999999999937e-01
5.254010000000000069e-01 1.615000000000000116e-02
5.863300000000000178e-01 -1.203869999999999940e-01
4.123350000000000071e-01 1.377049999999999941e-01
-3.583000000000000074e-02 -1.498980000000000035e-01
6.201600000000000446e-01 1.334049999999999958e-01
-4.140289999999999804e-01 -9.970400000000000096e-02
6.949899999999999967e-01 3.703629999999999978e-01
4.837020000000000208e-01 4.021600000000000175e-02
4.924830000000000041e-01 -2.479729999999999990e-01
6.467800000000000216e-01 -4.061759999999999815e-01
7.783099999999999463e-01 -1.013499999999999991e-02
5.178840000000000110e-01 -3.402149999999999896e-01
3.786220000000000141e-01 -1.587349999999999872e-01
-5.769800000000000484e-01 1.378669999999999896e-01
6.537500000000000533e-01 1.792999999999999872e-01
5.889940000000000175e-01 5.836500000000000021e-02
5.692819999999999547e-01 8.539700000000000069e-02
-3.207550000000000123e-01 -8.515300000000000646e-02
7.788659999999999473e-01 -8.749700000000000533e-02
3.465420000000000167e-01 4.350000000000000026e-04
6.048630000000000395e-01 4.392789999999999750e-01
-5.801849999999999508e-01 5.048730000000000162e-01
3.273199999999999998e-01 -2.411200000000000149e-02
4.952389999999999848e-01 -3.110580000000000012e-01
7.503929999999999767e-01 1.394299999999999984e-01
7.153110000000000301e-01 3.166939999999999755e-01
5.186659999999999604e-01 2.665409999999999724e-01
5.885139999999999816e-01 2.559250000000000136e-01
6.378040000000000376e-01 1.737589999999999968e-01
2.885499999999999732e-01 2.611589999999999745e-01
5.453080000000000149e-01 4.325699999999999684e-02
3.274839999999999973e-01 -2.782080000000000108e-01
-5.308939999999999770e-01 -1.625489999999999990e-01
-5.096019999999999994e-01 2.355970000000000009e-01
-5.197340000000000293e-01 2.612119999999999997e-01
5.327509999999999746e-01 -1.167160000000000003e-01
5.768060000000000409e-01 4.365379999999999816e-01
2.837390000000000190e-01 -2.598429999999999906e-01
3.801530000000000187e-01 1.488220000000000098e-01
-5.849550000000000027e-01 2.242399999999999949e-01
-1.743329999999999880e-01 6.435769999999999547e-01
-6.229200000000000292e-01 6.471099999999999630e-01
6.716440000000000188e-01 2.722339999999999760e-01
4.270109999999999739e-01 5.857300000000000006e-02
7.853409999999999558e-01 2.914769999999999861e-01
3.571790000000000243e-01 -2.293860000000000066e-01
7.945130000000000248e-01 -3.069319999999999826e-01
-6.984070000000000000e-01 1.398610000000000131e-01
-6.692510000000000403e-01 4.381539999999999879e-01
1.833329999999999960e-01 -1.299730000000000052e-01
6.143450000000000299e-01 1.576720000000000066e-01
5.411740000000000439e-01 -7.125499999999999889e-02
4.189669999999999783e-01 -1.803919999999999968e-01
2.549589999999999912e-01 -2.041260000000000019e-01
-7.150929999999999787e-01 3.348299999999999887e-02
4.981999999999999762e-01 -3.184379999999999988e-01
-6.297239999999999505e-01 4.892739999999999867e-01
6.367040000000000477e-01 4.931749999999999745e-01
-4.851860000000000062e-01 6.737319999999999975e-01
-4.362770000000000259e-01 7.017970000000000041e-01
-5.795660000000000256e-01 1.328789999999999971e-01
6.253210000000000157e-01 1.267759999999999998e-01
6.303199999999999914e-01 5.003799999999999915e-02
5.297169999999999934e-01 3.444550000000000112e-01
6.663790000000000546e-01 3.203949999999999854e-01
6.006569999999999965e-01 6.451879999999999837e-01
6.116730000000000222e-01 4.621890000000000165e-01
5.322999999999999954e-01 7.975500000000000644e-02
6.076749999999999652e-01 5.464100000000000207e-02
6.253079999999999750e-01 2.704329999999999790e-01
6.009280000000000177e-01 3.842329999999999912e-01
7.089199999999999946e-01 1.732829999999999926e-01
7.111680000000000224e-01 3.552080000000000237e-01
7.234469999999999512e-01 1.655000000000000082e-01
8.194949999999999735e-01 2.669569999999999999e-01
7.815410000000000412e-01 1.536329999999999918e-01
6.225140000000000118e-01 3.192690000000000250e-01
-6.665630000000000166e-01 1.824699999999999933e-01
-5.739889999999999715e-01 1.824149999999999938e-01
-7.616150000000000420e-01 -1.410349999999999937e-01
-7.326949999999999852e-01 -1.144580000000000042e-01
-7.872289999999999566e-01 -7.989999999999999880e-02
-4.358730000000000104e-01 1.872199999999999906e-02
-5.337150000000000505e-01 1.960480000000000000e-01
-5.636280000000000179e-01 2.667340000000000266e-01
-5.590709999999999846e-01 3.380759999999999876e-01
-7.209560000000000413e-01 1.104470000000000035e-01
-7.004749999999999588e-01 1.318539999999999990e-01
-5.082250000000000378e-01 -1.313149999999999873e-01
6.237780000000000546e-01 1.813859999999999917e-01
5.431970000000000409e-01 5.480770000000000364e-01
7.121530000000000360e-01 3.978209999999999802e-01
-4.357840000000000047e-01 -1.219660000000000050e-01
-3.377149999999999874e-01 2.303920000000000134e-01
-4.705340000000000078e-01 2.207240000000000035e-01
-6.664060000000000539e-01 6.613149999999999862e-01
-5.903669999999999751e-01 4.185860000000000136e-01
-4.993270000000000208e-01 5.884239999999999471e-01
-5.733759999999999968e-01 2.232280000000000098e-01
7.853200000000000180e-01 1.712079999999999991e-01
7.516709999999999781e-01 4.072549999999999781e-01
5.230310000000000237e-01 -3.255850000000000133e-01
5.707370000000000498e-01 1.597290000000000099e-01
2.905479999999999730e-01 -4.035739999999999883e-01
6.389139999999999819e-01 -2.725800000000000098e-02
3.922680000000000056e-01 -5.029069999999999929e-01
5.836879999999999846e-01 5.022969999999999935e-01
6.653480000000000505e-01 1.006419999999999954e-01
7.125759999999999872e-01 2.795400000000000107e-01
6.785499999999999865e-01 3.455030000000000046e-01
6.473370000000000513e-01 3.030619999999999981e-01
6.014589999999999659e-01 1.641350000000000031e-01
6.211539999999999839e-01 -9.760399999999999632e-02
7.551179999999999559e-01 -8.397699999999999609e-02
7.800519999999999676e-01 1.932899999999999896e-02
6.643809999999999993e-01 8.370000000000000703e-03
-4.889549999999999730e-01 -1.690929999999999933e-01
5.404569999999999652e-01 4.181369999999999809e-01
-4.773069999999999813e-01 -9.136900000000000577e-02
-7.249090000000000256e-01 3.564439999999999831e-01
-4.803279999999999772e-01 5.322219999999999729e-01
-3.520469999999999988e-01 -1.127910000000000024e-01
-7.182549999999999768e-01 4.724929999999999963e-01
6.732719999999999816e-01 -2.335000000000000131e-01
3.096800000000000108e-01 7.196800000000000419e-02
4.520569999999999866e-01 8.622900000000000009e-02
6.418840000000000101e-01 2.734309999999999796e-01
6.177369999999999806e-01 2.420630000000000004e-01
5.309540000000000370e-01 2.450229999999999908e-01
5.436440000000000161e-01 2.947069999999999967e-01
5.958649999999999780e-01 -1.845769999999999911e-01
-5.899440000000000239e-01 3.218699999999999894e-01
-4.834600000000000009e-01 -1.389660000000000062e-01
-6.697290000000000187e-01 6.700000000000000400e-02
-5.760309999999999597e-01 2.874799999999999925e-02
-3.966799999999999771e-01 1.088859999999999967e-01
-6.505400000000000071e-01 -5.926000000000000018e-02
-3.651650000000000174e-01 -1.220989999999999992e-01
-1.334839999999999915e-01 -3.493020000000000014e-01
2.309900000000000148e-02 -1.891190000000000093e-01
-7.500550000000000272e-01 1.297020000000000117e-01
-6.152910000000000323e-01 1.025169999999999970e-01
-2.926540000000000252e-01 -3.887160000000000060e-01
-4.976630000000000220e-01 7.243299999999999739e-02
5.084610000000000518e-01 -1.306829999999999936e-01
6.721819999999999462e-01 2.427989999999999871e-01
5.531519999999999770e-01 -2.279549999999999910e-01
5.820319999999999938e-01 2.665759999999999796e-01
-3.855000000000000093e-02 -6.335999999999999965e-02
6.464999999999999636e-01 3.568879999999999830e-01
-4.842620000000000258e-01 5.509269999999999445e-01
-3.740979999999999861e-01 -7.069499999999999396e-02
-1.407960000000000045e-01 -2.514060000000000183e-01
5.909170000000000256e-01 9.345000000000000528e-02
-1.830710000000000115e-01 -2.862230000000000052e-01
4.405549999999999744e-01 -8.301600000000000645e-02
6.668220000000000258e-01 -1.634000000000000036e-03
-6.223159999999999803e-01 1.619500000000000106e-01
-5.119029999999999969e-01 4.230780000000000096e-01
-7.359719999999999596e-01 1.094699999999999979e-01
-5.202520000000000477e-01 3.489329999999999932e-01
-5.172149999999999803e-01 4.936940000000000217e-01
-4.422880000000000145e-01 1.660089999999999899e-01
-6.640700000000000491e-01 3.485269999999999757e-01
-5.063689999999999580e-01 5.416800000000000503e-01
5.457330000000000236e-01 1.161539999999999934e-01
3.187000000000000163e-03 -2.660000000000000142e-01
5.788339999999999597e-01 4.307600000000000318e-02
3.635499999999999843e-01 -1.499949999999999894e-01
5.219570000000000043e-01 9.984099999999999919e-02
-2.235199999999999965e-01 -2.909419999999999784e-01
-6.722150000000000070e-01 3.553900000000000114e-02
4.362170000000000214e-01 5.741500000000000492e-01
6.791110000000000202e-01 -1.464590000000000058e-01
-6.580080000000000373e-01 3.702039999999999775e-01
6.866139999999999466e-01 4.535499999999999948e-02
6.820889999999999453e-01 -8.773400000000000643e-02
3.138870000000000271e-01 -3.540369999999999906e-01
-5.337690000000000490e-01 3.133580000000000254e-01
3.784859999999999891e-01 6.209299999999999820e-01
6.061370000000000369e-01 5.198129999999999695e-01
7.862320000000000420e-01 2.654569999999999985e-01
6.387209999999999832e-01 7.623499999999999721e-02
-6.513200000000000101e-01 1.924569999999999892e-01
4.980910000000000060e-01 4.701279999999999903e-01
8.774739999999999762e-01 1.864740000000000009e-01
-2.663099999999999912e-01 5.686759999999999593e-01
-3.424969999999999959e-01 6.885090000000000376e-01
5.826580000000000092e-01 -2.214720000000000022e-01
5.561829999999999830e-01 1.039700000000000069e-01
7.338780000000000303e-01 -6.244299999999999851e-02
-3.818819999999999992e-01 3.470989999999999909e-01
-6.018459999999999921e-01 1.810769999999999880e-01
3.495380000000000154e-01 -1.644100000000000006e-01
6.794449999999999656e-01 2.296310000000000018e-01
1.470190000000000108e-01 -3.100930000000000075e-01
-4.242449999999999832e-01 -2.073760000000000048e-01
-7.238310000000000022e-01 -1.722160000000000080e-01
6.704160000000000119e-01 1.122429999999999956e-01
6.224520000000000053e-01 4.011279999999999846e-01
4.128589999999999760e-01 -3.145040000000000058e-01
6.392900000000000249e-01 1.322969999999999979e-01
1.477549999999999975e-01 -4.411840000000000206e-01
-6.743470000000000297e-01 4.661890000000000200e-01
6.708610000000000406e-01 1.680949999999999944e-01
7.222490000000000299e-01 1.461109999999999909e-01
5.630500000000000504e-01 5.889849999999999808e-01
4.722259999999999791e-01 -3.210999999999999965e-02
6.651930000000000343e-01 -5.969999999999999613e-03
4.969339999999999868e-01 5.281219999999999803e-01
-5.872749999999999915e-01 5.623500000000000026e-02
-5.321669999999999456e-01 7.345699999999999452e-02
-1.227479999999999960e-01 -4.707779999999999743e-01
5.396870000000000278e-01 2.319890000000000008e-01
6.879239999999999799e-01 -5.406799999999999801e-02
6.585299999999999487e-01 1.513999999999999938e-03
-5.469359999999999777e-01 -3.151869999999999949e-01
-1.026870000000000005e-01 -1.967150000000000010e-01
4.761790000000000189e-01 5.429300000000000237e-01
6.131900000000000128e-01 3.722559999999999758e-01
6.777680000000000371e-01 3.957950000000000079e-01
4.290720000000000089e-01 4.782739999999999769e-01
3.743549999999999933e-01 6.465589999999999948e-01
7.091039999999999566e-01 7.661500000000000254e-02
-7.029560000000000253e-01 1.699730000000000130e-01
-5.622070000000000123e-01 2.629879999999999995e-01
-4.680540000000000256e-01 1.445879999999999943e-01
4.049679999999999946e-01 5.104499999999999593e-01
-2.080690000000000039e-01 -7.064049999999999496e-01
5.068620000000000347e-01 -3.201760000000000161e-01
-4.520770000000000066e-01 4.616509999999999780e-01
-7.613180000000000502e-01 4.782589999999999897e-01
5.379230000000000400e-01 5.657839999999999536e-01
-5.665869999999999518e-01 2.392299999999999982e-02
-3.578990000000000227e-01 -9.145999999999999963e-02
-5.670169999999999932e-01 5.293660000000000032e-01
7.324030000000000262e-01 -1.256569999999999909e-01
-4.347799999999999998e-01 -2.102009999999999990e-01
4.717049999999999854e-01 8.025149999999999784e-01
5.971100000000000296e-01 2.539060000000000206e-01
6.229930000000000190e-01 5.092529999999999557e-01
5.326319999999999943e-01 -1.995510000000000062e-01
4.532379999999999742e-01 -2.267069999999999919e-01
6.603360000000000340e-01 -1.220959999999999962e-01
4.955780000000000185e-01 -3.218530000000000002e-01
7.659430000000000405e-01 -8.455000000000000709e-03
1.908199999999999827e-02 6.614820000000000144e-01
6.399259999999999948e-01 3.534109999999999752e-01
3.824380000000000002e-01 -1.882320000000000104e-01
6.556309999999999638e-01 5.214450000000000474e-01
6.752909999999999746e-01 8.999300000000000355e-02
6.015399999999999636e-01 -2.775259999999999949e-01
6.257390000000000452e-01 1.597419999999999951e-01
5.865789999999999615e-01 -9.972499999999999420e-02
4.497430000000000039e-01 -3.637800000000000061e-02
-3.788610000000000033e-01 7.075590000000000490e-01
6.988029999999999520e-01 2.796640000000000237e-01
3.452970000000000206e-01 3.727570000000000050e-01
6.581019999999999648e-01 -1.349770000000000136e-01
5.820600000000000218e-01 -2.502400000000000110e-02
4.873850000000000127e-01 2.255399999999999905e-01
1.119880000000000042e-01 -2.732000000000000053e-03
1.294839999999999880e-01 -4.411030000000000229e-01
3.964400000000000146e-01 -2.922589999999999910e-01
7.096639999999999615e-01 1.716209999999999958e-01
5.611599999999999921e-01 -1.002340000000000036e-01
8.604079999999999506e-01 -2.039000000000000014e-03
5.700119999999999632e-01 4.940700000000000092e-01
5.210529999999999884e-01 -2.365120000000000000e-01
5.114900000000000002e-01 1.416620000000000101e-01
7.578529999999999989e-01 6.434199999999999642e-02
-4.885829999999999895e-01 6.355880000000000418e-01
-5.036819999999999631e-01 -2.137489999999999946e-01
-5.238580000000000458e-01 -3.783070000000000044e-01
1.466399999999999995e-02 -4.643410000000000037e-01
8.089410000000000212e-01 8.810000000000000123e-03
7.487160000000000482e-01 -1.087960000000000038e-01
6.711610000000000076e-01 9.773099999999999843e-02
6.030969999999999942e-01 4.291849999999999832e-01
6.465119999999999756e-01 4.096580000000000221e-01
5.329859999999999598e-01 4.681219999999999826e-01
5.713209999999999678e-01 6.262469999999999981e-01
-3.342660000000000076e-01 4.790880000000000138e-01
-5.189810000000000256e-01 5.144589999999999996e-01
-6.140930000000000000e-01 1.003290000000000015e-01
-4.901579999999999826e-01 1.249880000000000019e-01
-6.556159999999999766e-01 1.172470000000000040e-01
7.406460000000000266e-01 2.268959999999999866e-01
3.504360000000000253e-01 3.164379999999999971e-01
7.034740000000000437e-01 -2.054360000000000075e-01
5.942509999999999737e-01 -8.184800000000000408e-02
5.762040000000000495e-01 3.476020000000000221e-01
4.910780000000000145e-01 -2.324350000000000027e-01
6.778849999999999598e-01 4.096569999999999934e-01
4.405370000000000119e-01 9.275400000000000311e-02
-6.219569999999999821e-01 -5.311300000000000049e-02
4.746040000000000258e-01 -2.856440000000000090e-01
-5.106319999999999748e-01 -1.479010000000000047e-01
6.346060000000000034e-01 -3.649879999999999791e-01
6.076679999999999859e-01 7.843200000000000172e-02
6.212630000000000097e-01 -2.648570000000000091e-01
7.514999999999999458e-01 1.786200000000000010e-01
6.718070000000000430e-01 -5.302799999999999875e-02
-4.766219999999999901e-01 1.674019999999999953e-01
-5.711789999999999923e-01 2.378109999999999946e-01
-7.463119999999999754e-01 1.817699999999999871e-01
-6.355250000000000066e-01 2.014399999999999871e-02
4.822460000000000080e-01 -2.933509999999999729e-01
7.010440000000000005e-01 1.607810000000000072e-01
6.544929999999999914e-01 5.344579999999999886e-01
4.080690000000000150e-01 2.106040000000000134e-01
4.727060000000000151e-01 1.934639999999999971e-01
6.719669999999999810e-01 3.342800000000000216e-01
7.121279999999999832e-01 4.401169999999999805e-01
5.418020000000000058e-01 2.511090000000000266e-01
7.258799999999999697e-01 -9.449999999999999850e-04
-4.760530000000000039e-01 -2.242349999999999899e-01
-5.163010000000000099e-01 5.773999999999999966e-02
-5.999569999999999625e-01 -8.345400000000000040e-02
8.438029999999999697e-01 1.526649999999999952e-01
7.028010000000000090e-01 1.346100000000000074e-01
4.358989999999999809e-01 8.545840000000000103e-01
7.047750000000000403e-01 -1.592790000000000039e-01
7.568120000000000402e-01 7.519800000000000095e-02
7.417049999999999477e-01 2.040589999999999904e-01
6.854710000000000525e-01 -1.423870000000000136e-01
-5.038190000000000168e-01 -1.862979999999999914e-01
-7.467489999999999961e-01 2.629619999999999735e-01
-7.595129999999999937e-01 2.013770000000000004e-01
-7.113909999999999956e-01 8.642800000000000482e-02
-4.820889999999999898e-01 7.948169999999999957e-01
-5.114910000000000290e-01 -1.413530000000000064e-01
-4.289609999999999812e-01 1.600199999999999956e-01
-3.389449999999999963e-01 1.591460000000000097e-01
-4.167589999999999906e-01 -3.793210000000000193e-01
-2.083609999999999907e-01 2.190449999999999897e-01
-5.298829999999999929e-01 2.090569999999999928e-01
-4.079420000000000268e-01 1.475619999999999987e-01
5.046699999999999520e-01 1.441669999999999896e-01
6.859480000000000022e-01 -1.977420000000000011e-01
4.293919999999999959e-01 -3.158540000000000236e-01
4.375660000000000105e-01 -3.170229999999999992e-01
6.604200000000000070e-01 -2.380670000000000008e-01
5.771709999999999896e-01 -7.804400000000000226e-02
-3.882470000000000088e-01 5.391059999999999741e-01
-6.553390000000000049e-01 -5.065299999999999664e-02
1.656880000000000019e-01 6.883730000000000127e-01
6.427559999999999940e-01 -1.208250000000000018e-01
6.956449999999999578e-01 3.095680000000000098e-01
2.500589999999999757e-01 -4.760289999999999799e-01
-7.632130000000000303e-01 4.556499999999999995e-01
-4.292830000000000257e-01 3.169089999999999963e-01
3.754600000000000160e-01 -6.286200000000000121e-02
3.141510000000000136e-01 -3.189319999999999933e-01
5.289260000000000073e-01 -2.095519999999999883e-01
-5.359279999999999600e-01 1.221499999999999947e-01
-4.638180000000000081e-01 1.220949999999999952e-01
6.259810000000000096e-01 2.360299999999999898e-01
6.760169999999999790e-01 -2.885000000000000064e-02
5.173619999999999886e-01 3.465300000000000047e-01
8.748259999999999925e-01 1.311120000000000063e-01
8.088969999999999771e-01 4.073620000000000019e-01
-4.207179999999999809e-01 9.175700000000000522e-02
-7.333349999999999591e-01 1.860749999999999904e-01
-6.252999999999999670e-01 5.912420000000000453e-01
-3.050039999999999973e-01 6.527230000000000532e-01
-4.526310000000000056e-01 4.214930000000000065e-01
6.066329999999999778e-01 -4.080999999999999905e-02
6.109959999999999836e-01 2.056830000000000047e-01
5.982610000000000428e-01 5.199899999999999523e-01
6.997579999999999911e-01 -2.240520000000000012e-01
-4.465310000000000112e-01 -1.220630000000000048e-01
-5.705599999999999561e-01 6.544999999999999429e-02
-5.507600000000000273e-01 4.925610000000000266e-01
-5.592859999999999498e-01 4.639050000000000118e-01
7.314939999999999776e-01 1.111270000000000036e-01
-7.237000000000000377e-02 -1.347829999999999862e-01
4.656919999999999948e-01 -1.018720000000000042e-01
-4.382929999999999882e-01 -2.849470000000000058e-01
8.739999999999999991e-01 -2.392599999999999935e-02
7.177379999999999871e-01 1.878090000000000037e-01
-7.012380000000000280e-01 3.359299999999999786e-02
-7.012340000000000240e-01 8.692300000000000026e-02
-6.922340000000000160e-01 1.067290000000000044e-01
7.393830000000000124e-01 -1.799600000000000158e-02
-3.974650000000000127e-01 -1.611950000000000049e-01
-5.748870000000000369e-01 4.062950000000000172e-01
-3.959480000000000222e-01 -1.684879999999999989e-01
-2.760150000000000103e-01 -1.328570000000000029e-01
-7.694379999999999553e-01 2.203330000000000011e-01
-6.877400000000000180e-01 1.084230000000000055e-01
-6.548159999999999537e-01 -3.864599999999999980e-02
-5.278000000000000469e-01 -7.308699999999999919e-02
-6.479650000000000132e-01 -1.775399999999999895e-02
3.931319999999999815e-01 -4.572699999999999682e-02
2.665540000000000131e-01 2.641629999999999812e-01
6.867600000000000371e-01 2.790239999999999942e-01
6.336979999999999835e-01 2.006560000000000010e-01
7.026820000000000288e-01 8.561299999999999466e-02
5.054440000000000044e-01 -1.891430000000000056e-01
5.807740000000000125e-01 4.247690000000000077e-01
5.740929999999999644e-01 4.678479999999999861e-01
8.756869999999999932e-01 1.754120000000000124e-01
5.767769999999999841e-01 1.700190000000000035e-01
3.968700000000000006e-01 6.494959999999999622e-01
3.778440000000000132e-01 5.129280000000000506e-01
-3.793790000000000218e-01 4.692799999999999749e-02
6.641029999999999989e-01 -2.149600000000000122e-01
-2.741190000000000015e-01 -3.295739999999999781e-01
-5.837029999999999719e-01 3.570000000000000040e-04
2.667450000000000099e-01 -3.292080000000000006e-01
6.149109999999999854e-01 2.708349999999999924e-01
5.950900000000000079e-01 2.166220000000000090e-01
4.992070000000000118e-01 -1.610570000000000057e-01
3.669549999999999756e-01 3.508839999999999737e-01
3.969469999999999943e-01 -1.514250000000000040e-01
4.509179999999999855e-01 -1.178150000000000031e-01
2.810610000000000053e-01 -3.867369999999999974e-01
7.975189999999999779e-01 2.237290000000000112e-01
2.013719999999999954e-01 3.065129999999999799e-01
4.896730000000000249e-01 -8.344100000000000128e-02
-3.367859999999999743e-01 -4.606699999999999684e-02
6.507910000000000084e-01 8.708499999999999575e-02
6.212020000000000319e-01 1.656799999999999939e-02
4.972539999999999738e-01 5.146760000000000224e-01
7.143979999999999775e-01 -3.112699999999999911e-01
4.257839999999999958e-01 6.248800000000000188e-02
4.204729999999999857e-01 -2.324299999999999977e-02
7.513389999999999791e-01 -6.696299999999999475e-02
-5.253100000000000547e-01 -1.477400000000000067e-02
6.236400000000000277e-02 -3.051389999999999936e-01
6.152149999999999563e-01 1.707390000000000019e-01
6.387899999999999689e-01 -6.113899999999999890e-02
-8.546199999999999630e-02 4.990599999999999897e-02
-7.712689999999999824e-01 5.042550000000000088e-01
-4.445939999999999892e-01 5.695369999999999600e-01
6.954310000000000214e-01 2.706189999999999984e-01
3.947919999999999763e-01 4.206790000000000251e-01
-5.544170000000000487e-01 3.992450000000000165e-01
2.724700000000000039e-02 6.547110000000000429e-01
-3.877940000000000276e-01 5.322890000000000121e-01
-1.036620000000000041e-01 7.733440000000000314e-01
-3.449139999999999984e-01 3.261459999999999915e-01
3.819930000000000270e-01 -2.350569999999999882e-01
-4.113559999999999994e-01 -1.142829999999999957e-01
3.080919999999999770e-01 -1.099159999999999998e-01
5.327629999999999866e-01 8.673599999999999366e-02
2.810500000000000220e-01 -4.880400000000000016e-02
-5.569500000000000145e-02 6.265920000000000378e-01
-4.852870000000000239e-01 5.602009999999999490e-01
5.340970000000000439e-01 1.943249999999999977e-01
3.516529999999999934e-01 -2.762629999999999808e-01
4.356579999999999897e-01 3.903769999999999740e-01
4.134300000000000197e-01 6.021200000000000163e-02
5.120470000000000299e-01 5.225459999999999550e-01
4.808040000000000092e-01 -1.523300000000000001e-02
5.320660000000000389e-01 4.578380000000000227e-01
5.071689999999999809e-01 -1.093200000000000005e-01
5.313620000000000010e-01 1.476560000000000095e-01
5.487239999999999895e-01 -8.804299999999999626e-02
5.809100000000000374e-01 2.411190000000000000e-01
6.409439999999999582e-01 2.337099999999999941e-02
6.688929999999999598e-01 -1.767289999999999972e-01
4.376410000000000022e-01 -3.280480000000000063e-01
4.639260000000000050e-01 -7.001000000000000278e-03
6.529650000000000176e-01 3.265259999999999829e-01
6.455640000000000267e-01 -3.082500000000000170e-02
5.561530000000000085e-01 -1.536579999999999890e-01
7.601999999999999869e-01 5.914599999999999719e-02
6.266810000000000436e-01 4.789200000000000124e-01
2.947899999999999965e-01 2.739579999999999793e-01
-7.635899999999999910e-01 2.606350000000000056e-01
-4.434429999999999761e-01 6.832999999999999664e-03
-4.069599999999999884e-01 -6.606900000000000273e-02
6.411390000000000144e-01 -2.830579999999999763e-01
6.559009999999999563e-01 2.234559999999999880e-01
4.703080000000000038e-01 -3.312700000000000089e-01
-4.869459999999999900e-01 5.551580000000000403e-01
6.756689999999999641e-01 1.214159999999999962e-01
6.229130000000000500e-01 5.585900000000000309e-01
5.490030000000000188e-01 1.118289999999999978e-01
3.794540000000000135e-01 -1.915729999999999933e-01
-8.888500000000000567e-02 4.862609999999999988e-01
-5.018179999999999863e-01 5.065730000000000510e-01
2.629699999999999815e-01 6.069949999999999513e-01
3.446690000000000031e-01 2.710210000000000119e-01
6.372379999999999711e-01 4.556629999999999847e-01
3.913220000000000032e-01 2.191210000000000102e-01
6.109989999999999588e-01 4.888460000000000027e-01
4.080019999999999758e-01 6.426579999999999515e-01
3.482799999999999785e-01 -5.088100000000000261e-02
4.182739999999999791e-01 -2.655739999999999768e-01
-2.666379999999999861e-01 -1.881089999999999984e-01
5.308349999999999458e-01 3.540200000000000291e-02
7.085339999999999971e-01 -3.398189999999999822e-01
6.793339999999999934e-01 -1.192700000000000010e-02
5.596830000000000416e-01 4.400099999999999845e-02
1.218849999999999933e-01 -2.796640000000000237e-01
7.052079999999999460e-01 1.753840000000000121e-01
5.390350000000000419e-01 1.463480000000000059e-01
6.036359999999999504e-01 -5.846900000000000014e-02
7.977700000000000069e-02 -2.459369999999999890e-01
3.492379999999999929e-01 1.329339999999999966e-01
6.215150000000000396e-01 -6.948200000000000209e-02
5.467429999999999790e-01 -2.981999999999999842e-03
3.791220000000000145e-01 -2.878749999999999920e-01
6.633919999999999817e-01 2.833450000000000135e-01
4.602100000000000080e-01 5.414879999999999693e-01
3.320969999999999756e-01 -1.337599999999999900e-01
-5.942250000000000032e-01 2.817950000000000177e-01
6.659059999999999979e-01 2.258769999999999945e-01
5.884369999999999878e-01 1.394469999999999876e-01
-5.771519999999999984e-01 3.507109999999999950e-01
6.338009999999999478e-01 3.194690000000000030e-01
5.963580000000000547e-01 2.449300000000000088e-01
5.121839999999999726e-01 3.507779999999999787e-01
2.976059999999999817e-01 -3.227559999999999873e-01
7.061960000000000459e-01 7.718600000000000461e-02
6.322609999999999619e-01 3.581300000000000039e-01
6.787109999999999532e-01 1.989710000000000090e-01
6.708370000000000166e-01 -3.801199999999999718e-02
4.164880000000000249e-01 2.086550000000000071e-01
3.061860000000000137e-01 -2.163660000000000028e-01
5.136610000000000342e-01 -4.644480000000000275e-01
4.497709999999999764e-01 -5.609000000000000097e-02
6.605450000000000488e-01 1.588900000000000035e-02
5.946510000000000407e-01 -4.377099999999999741e-02
5.992140000000000244e-01 -3.975700000000000067e-02
3.900640000000000218e-01 -1.472310000000000008e-01
6.132779999999999898e-01 -3.324869999999999770e-01
4.724439999999999751e-01 -8.555999999999999370e-03
6.915289999999999493e-01 1.507850000000000024e-01
6.762860000000000538e-01 3.180339999999999834e-01
6.828379999999999450e-01 1.248999999999999971e-01
5.024420000000000552e-01 -1.325999999999999922e-03
6.397650000000000281e-01 1.619869999999999921e-01
3.872110000000000274e-01 9.443899999999999517e-02
6.598490000000000189e-01 2.718149999999999733e-01
4.564449999999999896e-01 2.924329999999999985e-01
6.760530000000000150e-01 -2.725759999999999850e-01
2.790300000000000002e-01 -2.119700000000000056e-02
3.756749999999999812e-01 3.558020000000000072e-01
6.309059999999999668e-01 2.694639999999999813e-01
5.938670000000000337e-01 -5.027000000000000218e-03
5.663319999999999466e-01 2.267419999999999991e-01
6.163920000000000510e-01 2.824019999999999864e-01
-4.407349999999999879e-01 -8.974100000000000132e-02
-7.351210000000000244e-01 5.674219999999999819e-01
6.121290000000000342e-01 4.196159999999999890e-01
5.779959999999999543e-01 4.336010000000000142e-01
5.234180000000000499e-01 2.441560000000000119e-01
6.177650000000000086e-01 2.661029999999999784e-01
-5.336340000000000527e-01 5.774909999999999766e-01
-6.201989999999999448e-01 4.948529999999999873e-01
-3.888630000000000142e-01 5.287399999999999878e-01
4.717759999999999732e-01 3.278929999999999900e-01
5.151080000000000103e-01 4.378870000000000262e-01
3.409079999999999888e-01 5.771519999999999984e-01
-7.253650000000000375e-01 -4.564770000000000216e-01
-3.368129999999999735e-01 4.400680000000000147e-01
-4.168410000000000171e-01 5.523780000000000356e-01
5.628459999999999575e-01 -1.659599999999999964e-02
6.649880000000000235e-01 3.313900000000000179e-02
4.419130000000000003e-01 2.666089999999999849e-01
5.153790000000000315e-01 -1.928020000000000012e-01
6.972829999999999862e-01 1.565199999999999925e-02
4.107370000000000188e-01 5.002700000000000202e-02
4.005730000000000124e-01 -3.538799999999999724e-01
3.280859999999999888e-01 -3.259290000000000243e-01
6.404600000000000293e-01 1.367240000000000122e-01
6.751219999999999999e-01 2.521199999999999830e-02
4.932030000000000025e-01 -2.178070000000000006e-01
-3.008919999999999928e-01 3.487489999999999757e-01
6.238559999999999661e-01 -2.323189999999999977e-01
5.664799999999999697e-02 -4.689369999999999927e-01
5.999320000000000208e-01 -1.605759999999999965e-01
5.505910000000000526e-01 -9.112699999999999967e-02
5.312970000000000192e-01 1.625089999999999868e-01
5.850469999999999837e-01 -2.263719999999999899e-01
5.013640000000000319e-01 -1.847959999999999881e-01
2.490380000000000094e-01 3.379630000000000134e-01
5.326969999999999761e-01 -1.489399999999999891e-01
1.967859999999999887e-01 1.083770000000000011e-01
4.505060000000000175e-01 -9.317699999999999594e-02
4.504750000000000143e-01 2.482759999999999967e-01
3.464470000000000049e-01 1.177699999999999927e-02
4.771839999999999971e-01 5.419979999999999798e-01
4.344669999999999921e-01 -3.493269999999999986e-01
2.915300000000000114e-01 3.744939999999999936e-01
5.882990000000000164e-01 2.445529999999999926e-01
4.531549999999999745e-01 6.569999999999999452e-02
5.103330000000000366e-01 -1.075000000000000001e-03
4.846039999999999792e-01 -1.247759999999999980e-01
5.082529999999999548e-01 2.580899999999999861e-02
4.503800000000000026e-01 2.147640000000000104e-01
6.603849999999999998e-01 3.889110000000000067e-01
5.714270000000000183e-01 9.330299999999999705e-02
8.312310000000000532e-01 -1.039719999999999950e-01
6.133309999999999595e-01 1.946900000000000019e-02
6.223210000000000131e-01 -9.775100000000000455e-02
3.505400000000000182e-01 2.796999999999999834e-02
4.343699999999999783e-01 2.960320000000000173e-01
4.544409999999999838e-01 2.439860000000000084e-01
4.694409999999999972e-01 1.706890000000000074e-01
4.984230000000000049e-01 3.445100000000000245e-02
3.026030000000000109e-01 -2.278060000000000085e-01
4.871929999999999872e-01 -1.953989999999999894e-01
6.354250000000000176e-01 -1.434590000000000032e-01
4.507939999999999725e-01 -8.167599999999999860e-02
4.096629999999999994e-01 1.244309999999999999e-01
4.819010000000000238e-01 2.478160000000000085e-01
3.057110000000000105e-01 2.978850000000000109e-01
5.606119999999999992e-01 3.714419999999999944e-01
5.310209999999999653e-01 -2.806560000000000166e-01
6.257489999999999997e-01 7.597299999999999887e-02
5.445440000000000280e-01 -1.009739999999999943e-01
5.831680000000000197e-01 4.277139999999999831e-01
5.264130000000000198e-01 2.368599999999999872e-02
5.005579999999999474e-01 -1.875539999999999985e-01
5.664690000000000003e-01 -2.046389999999999876e-01
4.336709999999999732e-01 1.720800000000000107e-01
3.881490000000000218e-01 -2.333510000000000029e-01
5.449479999999999880e-01 4.686710000000000043e-01
7.635440000000000005e-01 3.473649999999999793e-01
7.172589999999999799e-01 2.555959999999999899e-01
7.296040000000000303e-01 2.242800000000000002e-02
6.230660000000000087e-01 3.197019999999999862e-01
7.182849999999999513e-01 -1.945979999999999932e-01
5.849539999999999740e-01 5.745200000000000307e-01
6.482630000000000337e-01 3.559069999999999734e-01
4.831079999999999819e-01 5.310430000000000428e-01
5.791720000000000201e-01 5.104950000000000321e-01
5.756759999999999655e-01 6.014369999999999994e-01
6.926700000000000079e-01 3.501500000000000168e-01
6.380919999999999925e-01 7.078969999999999985e-01
5.075079999999999592e-01 5.839119999999999866e-01
4.439509999999999845e-01 5.622589999999999533e-01
6.439099999999999824e-01 3.153279999999999972e-01
8.287609999999999699e-01 -3.927300000000000235e-02
5.716339999999999755e-01 4.179840000000000222e-01
6.104190000000000449e-01 3.760769999999999946e-01
5.181540000000000035e-01 4.620989999999999820e-01
5.923500000000000432e-01 1.704970000000000097e-01
7.118189999999999795e-01 2.974129999999999829e-01
5.671859999999999680e-01 1.914099999999999968e-01
5.775360000000000493e-01 3.673339999999999939e-01
4.985530000000000239e-01 4.904720000000000191e-01
4.603010000000000157e-01 5.668000000000000121e-02
6.203809999999999603e-01 2.025389999999999968e-01
5.286939999999999973e-01 2.670870000000000188e-01
5.071520000000000472e-01 2.702479999999999882e-01
5.025269999999999460e-01 1.022099999999999918e-02
5.259779999999999456e-01 2.123039999999999927e-01
6.099090000000000344e-01 1.188089999999999979e-01
4.431599999999999984e-01 2.637590000000000212e-01
5.965669999999999584e-01 -7.175900000000000334e-02
4.781679999999999819e-01 4.697930000000000161e-01
6.107679999999999776e-01 2.467479999999999951e-01
5.036819999999999631e-01 1.297969999999999957e-01
6.648070000000000368e-01 4.323380000000000001e-01
6.602179999999999715e-01 2.555450000000000221e-01
5.221919999999999895e-01 -1.031249999999999944e-01
5.827719999999999567e-01 -1.355600000000000034e-02
6.995470000000000299e-01 2.935519999999999796e-01
6.648969999999999603e-01 3.892320000000000224e-01
5.252620000000000067e-01 3.799020000000000175e-01
4.615270000000000206e-01 1.860140000000000127e-01
4.718769999999999909e-01 6.301010000000000222e-01
6.285779999999999701e-01 1.718159999999999965e-01
4.300439999999999818e-01 1.143910000000000066e-01
6.133680000000000243e-01 4.717890000000000139e-01
5.498899999999999899e-01 4.210090000000000221e-01
4.684189999999999743e-01 1.979410000000000058e-01
4.353319999999999967e-01 4.559759999999999924e-01
5.204389999999999850e-01 3.530699999999999811e-02
6.247610000000000108e-01 1.763139999999999985e-01
5.382379999999999942e-01 2.488759999999999861e-01
5.245549999999999935e-01 -1.036600000000000021e-02
5.635580000000000034e-01 4.018149999999999777e-01
5.241559999999999553e-01 2.573159999999999892e-01
4.718319999999999736e-01 4.481140000000000123e-01
6.635670000000000179e-01 7.257000000000000429e-03
3.397109999999999852e-01 5.147570000000000201e-01
7.129299999999999526e-01 1.874000000000000110e-01
6.185079999999999467e-01 1.563749999999999862e-01
5.114619999999999722e-01 3.032400000000000026e-02
5.325450000000000461e-01 4.673619999999999997e-01
5.826959999999999917e-01 1.964920000000000000e-01
6.756699999999999928e-01 2.465350000000000041e-01
5.695569999999999800e-01 -1.035999999999999942e-02
5.732890000000000486e-01 3.552199999999999802e-01
6.795729999999999826e-01 5.902519999999999989e-01
6.106599999999999806e-01 6.695680000000000520e-01
6.309390000000000276e-01 3.292169999999999819e-01
6.596990000000000354e-01 4.310840000000000227e-01
8.296689999999999898e-01 -3.322200000000000153e-01
6.188209999999999544e-01 -2.160829999999999973e-01
6.913270000000000248e-01 1.145729999999999943e-01
5.137549999999999617e-01 2.430500000000000022e-02
6.974390000000000311e-01 3.322499999999999898e-01
6.461540000000000061e-01 1.416459999999999941e-01
5.466539999999999733e-01 5.832150000000000389e-01
5.082670000000000243e-01 3.592009999999999925e-01
5.710399999999999920e-01 6.474189999999999667e-01
7.449090000000000433e-01 3.694080000000000141e-01
6.085850000000000426e-01 4.677669999999999884e-01
5.253809999999999869e-01 2.954490000000000172e-01
8.028809999999999558e-01 -1.069129999999999941e-01
7.436989999999999990e-01 3.851049999999999751e-01
4.241019999999999790e-01 -2.570339999999999847e-01
6.121429999999999927e-01 1.993179999999999952e-01
5.762070000000000247e-01 -2.356090000000000129e-01
6.665820000000000078e-01 -1.310489999999999988e-01
7.175249999999999684e-01 1.138959999999999972e-01
7.651879999999999793e-01 8.795500000000000540e-02
5.279749999999999721e-01 3.555710000000000259e-01
4.883190000000000031e-01 1.794769999999999976e-01
6.417589999999999684e-01 1.712170000000000081e-01
5.209570000000000034e-01 3.334790000000000254e-01
5.466229999999999700e-01 3.438820000000000210e-01
5.271059999999999635e-01 3.891660000000000119e-01
4.924609999999999821e-01 3.464380000000000237e-01
1.802000000000000129e-02 2.770619999999999750e-01
5.426990000000000425e-01 2.740940000000000043e-01
2.656020000000000048e-01 1.394160000000000121e-01
3.975339999999999985e-01 1.980639999999999901e-01
4.565890000000000226e-01 2.972960000000000047e-01
5.758240000000000025e-01 4.302940000000000098e-01
5.859980000000000189e-01 4.607439999999999869e-01
5.435560000000000391e-01 8.227800000000000391e-02
5.334079999999999933e-01 2.743320000000000203e-01
5.141890000000000072e-01 3.105899999999999980e-02
5.859609999999999541e-01 3.683210000000000095e-01
6.317399999999999682e-01 4.043140000000000067e-01
4.987090000000000134e-01 2.152840000000000031e-01
4.379069999999999907e-01 5.965899999999999537e-01
4.417769999999999753e-01 3.182349999999999901e-01
3.477589999999999848e-01 6.740850000000000453e-01
5.074710000000000054e-01 8.329499999999999404e-02
6.289339999999999931e-01 2.222929999999999906e-01
3.831709999999999838e-01 2.790119999999999822e-01
5.780469999999999775e-01 2.841580000000000217e-01
4.420319999999999805e-01 5.045290000000000052e-01
5.308540000000000481e-01 4.699940000000000229e-01
5.500220000000000109e-01 1.707440000000000069e-01
4.782980000000000009e-01 3.090200000000000169e-01
4.362289999999999779e-01 3.916330000000000089e-01
6.634499999999999842e-01 4.378679999999999795e-01
5.647290000000000365e-01 2.198529999999999929e-01
-4.657009999999999761e-01 7.340449999999999475e-01
5.099029999999999951e-01 4.573849999999999860e-01
2.245659999999999878e-01 -1.518980000000000052e-01
-6.036289999999999711e-01 2.895739999999999981e-01
-7.455509999999999637e-01 2.219700000000000006e-01
-6.347739999999999494e-01 6.189010000000000344e-01
-5.750990000000000268e-01 4.876440000000000219e-01
-6.453449999999999465e-01 2.634920000000000040e-01
-7.821090000000000542e-01 3.446049999999999947e-01
-5.679450000000000331e-01 5.033779999999999921e-01
-6.416690000000000449e-01 1.200060000000000016e-01
4.466080000000000050e-01 2.260220000000000007e-01
6.271820000000000173e-01 1.166630000000000028e-01
7.825090000000000101e-01 7.749599999999999544e-02
5.522369999999999779e-01 -2.642880000000000229e-01
4.534540000000000237e-01 7.485600000000000587e-02
4.642350000000000088e-01 -1.816119999999999957e-01
4.709300000000000153e-01 2.334930000000000061e-01
4.651480000000000059e-01 1.359219999999999873e-01
5.558980000000000032e-01 5.884000000000000341e-03
6.745210000000000372e-01 -2.890460000000000251e-01
4.643229999999999857e-01 -1.228589999999999960e-01
3.451609999999999956e-01 4.216000000000000303e-02
5.937820000000000320e-01 -1.141000000000000087e-03
4.298930000000000251e-01 -2.453980000000000050e-01
3.887439999999999785e-01 2.206800000000000081e-02
4.670369999999999799e-01 -7.860999999999999932e-03
4.483440000000000203e-01 -8.000899999999999679e-02
5.506849999999999801e-01 -1.167999999999999941e-02
4.161170000000000146e-01 1.131510000000000016e-01
5.865000000000000213e-01 -1.536899999999999933e-01
3.244989999999999819e-01 1.529179999999999984e-01
4.709019999999999873e-01 -2.437249999999999972e-01
4.613550000000000151e-01 -4.518000000000000314e-03
4.023930000000000007e-01 1.977309999999999901e-01
5.844899999999999540e-01 -2.245089999999999864e-01
4.996090000000000253e-01 1.486810000000000076e-01
4.746400000000000063e-01 -8.243699999999999639e-02
6.191170000000000284e-01 -2.768519999999999870e-01
6.441200000000000259e-01 -2.340730000000000033e-01
3.798489999999999922e-01 -1.814560000000000062e-01
5.008219999999999894e-01 -4.926699999999999829e-02
5.627140000000000475e-01 -1.741669999999999885e-01
4.217110000000000025e-01 -9.234900000000000053e-02
3.315040000000000209e-01 3.454519999999999813e-01
-1.234859999999999985e-01 -3.390110000000000068e-01
4.794120000000000048e-01 -5.213999999999999885e-03
6.572869999999999546e-01 -5.383600000000000191e-02
6.848610000000000531e-01 1.737000000000000002e-02
2.114689999999999903e-01 1.648119999999999863e-01
6.073739999999999695e-01 -1.128490000000000049e-01
5.711589999999999723e-01 -9.154500000000000137e-02
5.271989999999999732e-01 -3.021670000000000189e-01
5.267669999999999852e-01 -3.323599999999999888e-01
5.894369999999999887e-01 -2.212089999999999890e-01
7.581050000000000288e-01 3.913400000000000212e-02
7.234040000000000470e-01 3.890999999999999927e-03
6.164570000000000327e-01 -1.438959999999999961e-01
5.052780000000000049e-01 -1.691219999999999946e-01
5.684270000000000156e-01 1.426620000000000110e-01
5.746839999999999726e-01 -3.359500000000000264e-01
7.515800000000000258e-01 7.738299999999999346e-02
6.086949999999999861e-01 1.031699999999999978e-01
5.233280000000000154e-01 -1.808760000000000090e-01
5.892990000000000173e-01 -8.911600000000000077e-02
4.568030000000000146e-01 9.732699999999999685e-02
6.113899999999999890e-01 1.325999999999999922e-03
4.072799999999999754e-01 -3.231979999999999853e-01
-1.499800000000000022e-01 5.905599999999999739e-01
3.985859999999999959e-01 2.993239999999999790e-01
4.773149999999999893e-01 4.817549999999999888e-01
-1.358709999999999918e-01 5.928909999999999458e-01
5.886740000000000306e-01 4.563079999999999914e-01
4.530500000000000083e-01 3.694029999999999814e-01
4.783540000000000014e-01 4.626620000000000177e-01
5.187270000000000492e-01 1.861269999999999869e-01
5.657489999999999464e-01 1.621539999999999926e-01
6.022880000000000456e-01 2.444830000000000059e-01
5.951229999999999576e-01 -3.019899999999999807e-01
6.996759999999999646e-01 1.448480000000000045e-01
4.079880000000000173e-01 8.440300000000000580e-02
5.105370000000000186e-01 -4.107290000000000108e-01
4.901849999999999818e-01 3.481239999999999890e-01
5.135450000000000292e-01 4.197919999999999985e-01
6.973329999999999806e-01 2.256189999999999862e-01
6.500979999999999537e-01 2.863800000000000026e-02
7.676340000000000385e-01 -4.583700000000000274e-02
6.263279999999999959e-01 1.125290000000000040e-01
5.767949999999999466e-01 -1.845549999999999968e-01
5.293940000000000312e-01 -1.803460000000000063e-01
-5.204000000000000292e-02 6.137550000000000505e-01
-1.137099999999999916e-02 5.421820000000000528e-01
4.947079999999999811e-01 2.892830000000000124e-01
4.977730000000000210e-01 4.309819999999999762e-01
3.595400000000000262e-01 3.163509999999999933e-01
2.551289999999999947e-01 3.955659999999999732e-01
1.593509999999999927e-01 4.872049999999999992e-01
4.815960000000000241e-01 4.063109999999999777e-01
6.545149999999999579e-01 -2.111099999999999921e-01
3.332060000000000022e-01 6.816619999999999902e-01
4.284589999999999788e-01 -1.283749999999999891e-01
3.841379999999999795e-01 -1.844499999999999959e-02
4.613820000000000143e-01 -2.371799999999999950e-02
-7.878859999999999753e-01 -5.699400000000000299e-02
5.837539999999999951e-01 8.654000000000000234e-03
-1.826760000000000050e-01 7.399459999999999926e-01
-6.192839999999999456e-01 5.649079999999999657e-01
-4.369270000000000098e-01 -1.491850000000000120e-01
7.653899999999999593e-02 7.176930000000000254e-01
-2.193130000000000079e-01 5.959640000000000493e-01
-4.072649999999999881e-01 4.490190000000000015e-01
6.943380000000000107e-01 -5.157760000000000122e-01
-6.622689999999999966e-01 7.253220000000000223e-01
-1.454699999999999882e-01 4.265149999999999775e-01
-3.851180000000000159e-01 6.612109999999999932e-01
-3.917370000000000019e-01 -9.166299999999999448e-02
1.423180000000000001e-01 5.737229999999999830e-01
6.785870000000000513e-01 -1.049000000000000019e-03
7.598799999999999999e-01 1.166299999999999976e-02
6.193699999999999761e-01 1.221769999999999939e-01
6.417699999999999516e-01 3.373470000000000080e-01
4.501839999999999731e-01 -6.738800000000000345e-02
4.824280000000000235e-01 3.460650000000000115e-01
5.758029999999999538e-01 3.840999999999999970e-02
4.811639999999999806e-01 3.492739999999999734e-01
5.299789999999999779e-01 4.451309999999999989e-01
5.045359999999999845e-01 3.488499999999999934e-01
6.393450000000000522e-01 4.425479999999999969e-01
5.842340000000000311e-01 2.128819999999999879e-01
5.175060000000000215e-01 2.118180000000000063e-01
4.116420000000000079e-01 4.326809999999999823e-01
5.111790000000000500e-01 6.702890000000000237e-01
5.253970000000000029e-01 3.302470000000000128e-01
4.035230000000000206e-01 6.025559999999999805e-01
4.925289999999999946e-01 2.447870000000000046e-01
6.853139999999999787e-01 2.131929999999999936e-01
5.279139999999999944e-01 3.663750000000000062e-01
3.371799999999999797e-01 2.282190000000000052e-01
5.502359999999999474e-01 2.508090000000000042e-01
4.596270000000000078e-01 1.733979999999999966e-01
6.286899999999999711e-01 2.898000000000000020e-01
6.499000000000000332e-01 1.886170000000000069e-01
6.356600000000000028e-01 1.499860000000000082e-01
5.120940000000000492e-01 2.797660000000000147e-01
6.518180000000000085e-01 6.103969999999999674e-01
3.913760000000000017e-01 4.124999999999999778e-01
5.760760000000000325e-01 2.792399999999999882e-01
4.667120000000000157e-01 3.852929999999999966e-01
6.487650000000000361e-01 3.359480000000000244e-01
6.353480000000000238e-01 1.160739999999999966e-01
7.281009999999999982e-01 1.522600000000000064e-01
6.325490000000000279e-01 3.958300000000000152e-01
6.458300000000000152e-01 2.558770000000000211e-01
6.211670000000000247e-01 3.814859999999999918e-01
4.491249999999999964e-01 2.719349999999999823e-01
4.202339999999999964e-01 3.207269999999999843e-01
6.278930000000000344e-01 3.521719999999999851e-01
5.116749999999999909e-01 3.132079999999999864e-01
4.919999999999999929e-01 2.361119999999999886e-01
5.620290000000000008e-01 1.427829999999999933e-01
5.228509999999999547e-01 2.794920000000000182e-01
4.642850000000000033e-01 1.368949999999999889e-01
6.590479999999999672e-01 1.641039999999999999e-01
5.731650000000000356e-01 1.856160000000000032e-01
5.342059999999999587e-01 4.513400000000000190e-01
5.597860000000000058e-01 1.194599999999999967e-01
5.295459999999999612e-01 4.533019999999999827e-01
5.331080000000000263e-01 4.874640000000000084e-01
7.091939999999999911e-01 3.713350000000000262e-01
6.423889999999999878e-01 3.053420000000000023e-01
6.580500000000000238e-01 2.744320000000000093e-01
-4.753089999999999815e-01 -5.815999999999999989e-03
1.781899999999999873e-01 -4.132219999999999782e-01
7.145059999999999745e-01 2.592690000000000272e-01
6.473109999999999697e-01 2.997520000000000184e-01
4.797409999999999730e-01 3.660539999999999905e-01
5.694080000000000252e-01 -3.699209999999999998e-01
6.282769999999999744e-01 -5.638999999999999915e-03
4.741799999999999904e-01 1.023460000000000064e-01
4.209700000000000109e-01 -2.181549999999999878e-01
6.354130000000000056e-01 1.322639999999999927e-01
3.381279999999999841e-01 7.332109999999999461e-01
-2.114260000000000028e-01 7.253279999999999728e-01
-4.611290000000000111e-01 7.144239999999999480e-01
-4.790860000000000118e-01 5.006699999999999484e-01
5.679100000000000259e-01 -1.249539999999999956e-01
6.858440000000000092e-01 4.638459999999999805e-01
4.918600000000000194e-01 6.462130000000000374e-01
4.436499999999999888e-01 5.410719999999999974e-01
-3.699910000000000143e-01 6.444140000000000423e-01
5.781960000000000433e-01 1.164359999999999978e-01
5.129230000000000178e-01 -5.060300000000000215e-02
4.341019999999999879e-01 -1.914829999999999866e-01
5.172769999999999868e-01 -1.912050000000000138e-01
2.784229999999999761e-01 2.506630000000000247e-01
8.226339999999999764e-01 9.938500000000000112e-02
6.513630000000000253e-01 1.780299999999999938e-02
1.597419999999999951e-01 -5.373599999999999904e-02
5.671589999999999687e-01 -8.053100000000000536e-02
5.594160000000000244e-01 1.890259999999999996e-01
-7.075559999999999627e-01 4.649119999999999919e-01
2.796449999999999769e-01 -1.084269999999999956e-01
-3.202980000000000271e-01 8.685399999999999787e-01
-1.587000000000000077e-01 5.280869999999999731e-01
4.982480000000000242e-01 1.246639999999999970e-01
6.135620000000000518e-01 4.095100000000000129e-02
2.016159999999999897e-01 -3.489099999999999840e-02
3.885120000000000240e-01 3.062799999999999898e-02
-3.664490000000000247e-01 -4.119849999999999901e-01
5.476360000000000117e-01 2.067259999999999931e-01
6.561639999999999695e-01 -1.848589999999999955e-01
4.055860000000000021e-01 5.834500000000000103e-02
5.713460000000000205e-01 8.716400000000000536e-02
5.105300000000000393e-01 -1.810930000000000040e-01
8.355770000000000142e-01 1.780879999999999963e-01
6.761490000000000000e-01 2.965369999999999950e-01
5.602880000000000082e-01 2.606539999999999968e-01
-8.280200000000000060e-02 9.323599999999999943e-02
6.106599999999999806e-01 4.386999999999999927e-02
-6.499059999999999837e-01 -2.428599999999999856e-02
-6.701200000000000212e-02 -1.741409999999999902e-01
-1.641060000000000019e-01 1.582490000000000008e-01
-5.117019999999999902e-01 7.152669999999999861e-01
-2.764590000000000103e-01 5.152689999999999770e-01
-7.452330000000000343e-01 3.840000000000000097e-04
4.568400000000000238e-01 4.764959999999999751e-01
6.868560000000000221e-01 4.539179999999999882e-01
5.733899999999999553e-01 1.597349999999999881e-01
6.289670000000000538e-01 4.726500000000000146e-01
5.079139999999999766e-01 7.097440000000000415e-01
-4.728840000000000265e-01 4.003090000000000259e-01
-2.809539999999999815e-01 6.107650000000000023e-01
4.098939999999999806e-01 5.136119999999999575e-01
3.473789999999999933e-01 4.682499999999999996e-01
6.121520000000000294e-01 7.766099999999999393e-02
2.245910000000000128e-01 -1.257409999999999917e-01
6.409599999999999742e-01 1.863249999999999906e-01
-1.148929999999999951e-01 6.503649999999999709e-01
6.727469999999999839e-01 1.289740000000000053e-01
3.834960000000000035e-01 1.984779999999999878e-01
5.751610000000000333e-01 -2.023109999999999908e-01
6.875289999999999457e-01 1.428570000000000118e-01
-3.388499999999999845e-01 4.109530000000000127e-01
-5.579159999999999675e-01 -8.586199999999999388e-02
-3.585260000000000113e-01 4.704809999999999826e-01
3.744910000000000183e-01 3.164029999999999898e-01
7.923890000000000100e-01 -5.393699999999999883e-02
5.094629999999999992e-01 7.699599999999999500e-02
4.357440000000000202e-01 3.223670000000000146e-01
5.074309999999999654e-01 1.958679999999999866e-01
-1.929430000000000034e-01 6.663459999999999939e-01
-1.074549999999999950e-01 3.817420000000000258e-01
-2.977440000000000087e-01 6.558110000000000328e-01
6.242480000000000251e-01 -5.208999999999999742e-02
2.656830000000000025e-01 -2.185610000000000053e-01
-3.278429999999999955e-01 7.920850000000000390e-01
-2.924550000000000205e-01 5.511599999999999833e-01
-4.195789999999999798e-01 5.347800000000000331e-01
4.233959999999999946e-01 -3.266839999999999744e-01
5.827769999999999895e-01 4.657290000000000041e-01
6.628410000000000135e-01 1.418840000000000101e-01
-4.653320000000000234e-01 4.237500000000000294e-02
6.029499999999999860e-01 -6.897999999999999618e-03
5.742920000000000247e-01 6.721399999999999597e-02
-1.672289999999999888e-01 5.861009999999999831e-01
5.294969999999999954e-01 -1.066830000000000001e-01
7.276390000000000358e-01 -8.960400000000000309e-02
-1.444809999999999983e-01 -2.802740000000000231e-01
2.967080000000000273e-01 -2.386890000000000123e-01
5.204849999999999755e-01 2.102199999999999902e-01
3.749100000000000210e-01 -1.593120000000000092e-01
7.534450000000000314e-01 3.941040000000000099e-01
6.820249999999999924e-01 3.163480000000000181e-01
3.050019999999999953e-01 -5.266499999999999654e-02
5.497750000000000137e-01 -1.550630000000000064e-01
6.221160000000000023e-01 2.751250000000000084e-01
1.811919999999999920e-01 -1.012559999999999988e-01
2.648700000000000013e-02 2.752620000000000067e-01
-3.797110000000000207e-01 4.716900000000000259e-02
4.641500000000000070e-01 -2.901039999999999730e-01
4.972010000000000041e-01 9.126599999999999990e-02
5.084670000000000023e-01 -1.260969999999999869e-01
5.585029999999999717e-01 -6.591600000000000237e-02
4.833100000000000174e-01 6.312349999999999905e-01
3.887550000000000172e-01 1.107100000000000029e-01
5.666299999999999809e-02 2.920719999999999983e-01
4.296969999999999956e-01 -1.222369999999999984e-01
7.556559999999999944e-01 7.635599999999999332e-02
5.054210000000000091e-01 3.583419999999999939e-01
6.950910000000000144e-01 -1.206910000000000066e-01
6.210350000000000037e-01 5.362100000000000199e-02
6.359650000000000025e-01 -7.983500000000000318e-02
