5.618610000000000548e-01 3.855529999999999791e-01
6.951100000000000056e-01 1.966310000000000002e-01
5.108289999999999775e-01 -3.985830000000000206e-01
6.437079999999999469e-01 -1.366320000000000034e-01
6.541630000000000500e-01 1.837999999999999912e-01
7.698749999999999760e-01 2.970999999999999752e-01
6.534299999999999553e-01 4.418099999999999805e-02
7.054979999999999585e-01 2.976329999999999809e-01
7.874100000000000543e-01 1.930099999999999871e-02
6.724120000000000097e-01 5.337399999999999783e-02
6.899440000000000017e-01 2.951340000000000074e-01
6.255840000000000289e-01 -2.466899999999999996e-02
6.115869999999999918e-01 7.013099999999999890e-02
5.649290000000000145e-01 3.727849999999999775e-01
5.207469999999999599e-01 3.857800000000000118e-01
-8.203719999999999901e-01 -1.558750000000000135e-01
-3.462169999999999970e-01 4.935869999999999980e-01
-5.283229999999999871e-01 1.061480000000000062e-01
-4.622589999999999755e-01 1.438800000000000079e-01
6.998609999999999554e-01 1.519959999999999922e-01
8.326630000000000420e-01 1.763309999999999877e-01
6.603879999999999750e-01 3.402499999999999969e-02
3.726800000000000113e-01 5.125030000000000419e-01
6.797149999999999581e-01 3.215390000000000192e-01
6.968010000000000037e-01 1.005090000000000011e-01
5.109190000000000120e-01 1.465599999999999958e-01
8.035970000000000057e-01 2.107999999999999874e-01
8.079739999999999700e-01 -6.003300000000000303e-02
7.628000000000000336e-01 1.133480000000000043e-01
7.150539999999999674e-01 1.942889999999999895e-01
6.525309999999999722e-01 3.800020000000000064e-01
8.319950000000000401e-01 1.737990000000000090e-01
5.583019999999999650e-01 -2.141799999999999954e-02
9.089450000000000029e-01 4.979100000000000192e-02
8.495270000000000321e-01 2.665690000000000004e-01
6.658089999999999842e-01 1.783000000000000080e-03
4.551609999999999823e-01 2.875269999999999770e-01
7.235869999999999802e-01 -2.176059999999999939e-01
7.018680000000000474e-01 2.212679999999999925e-01
6.832479999999999665e-01 1.065400000000000028e-02
6.099269999999999969e-01 -2.697700000000000098e-02
7.508150000000000102e-01 5.905799999999999939e-02
6.515969999999999818e-01 1.082579999999999931e-01
7.568810000000000260e-01 3.570399999999999963e-02
7.505060000000000064e-01 2.677309999999999968e-01
6.263819999999999943e-01 2.213350000000000040e-01
5.448300000000000365e-01 1.982379999999999975e-01
7.240999999999999659e-01 4.137699999999999712e-02
5.079550000000000454e-01 1.766520000000000035e-01
7.886349999999999749e-01 1.165260000000000046e-01
7.124319999999999542e-01 3.854099999999999887e-02
4.608940000000000259e-01 2.285699999999999954e-01
7.878699999999999593e-01 1.278410000000000102e-01
8.452690000000000481e-01 1.655750000000000000e-01
8.843339999999999534e-01 1.107899999999999996e-01
6.883580000000000254e-01 3.684089999999999865e-01
6.618300000000000294e-01 3.308360000000000190e-01
5.305140000000000411e-01 4.151440000000000130e-01
5.354560000000000430e-01 3.580249999999999821e-01
7.155070000000000041e-01 1.643749999999999933e-01
7.436270000000000380e-01 1.272860000000000102e-01
7.584419999999999495e-01 3.642159999999999842e-01
7.420149999999999801e-01 -3.463200000000000306e-02
8.491809999999999636e-01 -4.011499999999999788e-02
6.166080000000000449e-01 2.768249999999999877e-01
6.594719999999999471e-01 1.690089999999999926e-01
7.646870000000000056e-01 2.813729999999999842e-01
7.231309999999999683e-01 -3.308400000000000230e-02
5.298389999999999489e-01 -2.307710000000000039e-01
5.729070000000000551e-01 2.180640000000000078e-01
7.261900000000000022e-01 5.553999999999999909e-02
6.899189999999999490e-01 1.241990000000000038e-01
6.204119999999999635e-01 4.369999999999999970e-04
7.183640000000000025e-01 2.007999999999999802e-03
6.579639999999999933e-01 1.183229999999999976e-01
7.096230000000000038e-01 2.685629999999999962e-01
8.535749999999999726e-01 1.678290000000000060e-01
5.752779999999999561e-01 3.264980000000000104e-01
7.145019999999999705e-01 -1.883219999999999894e-01
6.563790000000000457e-01 -6.695600000000000163e-02
8.325759999999999827e-01 4.919300000000000062e-02
6.737760000000000415e-01 2.055220000000000102e-01
6.280900000000000372e-01 -3.003799999999999873e-02
7.098889999999999922e-01 2.733599999999999919e-02
8.292079999999999451e-01 -2.710900000000000115e-02
6.274079999999999657e-01 -3.977699999999999986e-02
5.566759999999999486e-01 -1.309019999999999906e-01
6.998079999999999856e-01 2.585199999999999998e-02
6.681479999999999642e-01 9.166499999999999648e-02
4.548139999999999961e-01 5.880099999999999910e-02
6.484290000000000331e-01 1.150370000000000004e-01
5.462660000000000293e-01 4.632609999999999784e-01
6.922199999999999465e-01 1.386489999999999945e-01
5.953389999999999516e-01 2.513610000000000011e-01
6.135530000000000150e-01 1.594599999999999837e-02
7.940549999999999553e-01 1.112879999999999980e-01
8.013879999999999892e-01 1.138170000000000015e-01
8.232570000000000165e-01 5.442400000000000015e-02
5.906040000000000179e-01 -6.322500000000000342e-02
7.857420000000000515e-01 1.723320000000000130e-01
4.758379999999999832e-01 7.498599999999999710e-02
6.866780000000000106e-01 2.551799999999999902e-02
8.096870000000000456e-01 2.464040000000000119e-01
7.584020000000000206e-01 2.223970000000000113e-01
7.322210000000000107e-01 2.714719999999999911e-01
6.985090000000000465e-01 3.818019999999999747e-01
7.264549999999999619e-01 -6.161599999999999716e-02
-5.564059999999999562e-01 -2.164999999999999911e-02
7.198459999999999859e-01 3.135270000000000001e-01
7.843930000000000069e-01 2.752900000000000139e-02
6.857159999999999922e-01 1.806310000000000138e-01
6.521989999999999732e-01 -4.514900000000000163e-02
8.954689999999999594e-01 1.455140000000000045e-01
7.802289999999999504e-01 5.707899999999999779e-02
6.455769999999999564e-01 9.542200000000000681e-02
6.761169999999999680e-01 -8.422499999999999432e-02
7.646570000000000311e-01 1.600090000000000123e-01
7.673529999999999518e-01 3.643210000000000059e-01
5.961330000000000240e-01 1.565640000000000087e-01
7.002410000000000023e-01 1.775720000000000076e-01
7.671430000000000193e-01 -3.592700000000000060e-02
7.883050000000000335e-01 4.531099999999999711e-02
7.457639999999999825e-01 7.802800000000000014e-02
6.179350000000000120e-01 1.263300000000000013e-02
7.829209999999999781e-01 1.164450000000000068e-01
5.468199999999999728e-01 1.112469999999999987e-01
7.876560000000000228e-01 5.002700000000000202e-02
6.531940000000000524e-01 2.290000000000000022e-02
6.698950000000000182e-01 1.927300000000000124e-01
5.359019999999999895e-01 1.385760000000000047e-01
7.057160000000000100e-01 1.636499999999999899e-01
7.162880000000000358e-01 1.612550000000000094e-01
7.377399999999999514e-01 1.299160000000000037e-01
8.368109999999999715e-01 8.804499999999999826e-02
8.256820000000000270e-01 7.172000000000000597e-02
5.438579999999999526e-01 -4.079699999999999993e-02
7.480499999999999927e-01 2.715960000000000041e-01
7.763900000000000245e-01 9.048000000000000487e-02
6.409939999999999527e-01 1.963930000000000120e-01
8.361239999999999783e-01 1.286750000000000116e-01
7.783229999999999871e-01 3.180330000000000101e-01
8.020329999999999959e-01 9.669899999999999329e-02
5.630100000000000104e-01 2.083530000000000104e-01
4.697189999999999976e-01 2.736500000000000044e-01
7.690050000000000496e-01 1.836119999999999974e-01
7.656950000000000145e-01 1.596539999999999904e-01
8.076780000000000070e-01 2.257010000000000127e-01
7.872010000000000396e-01 1.303469999999999906e-01
8.180349999999999566e-01 9.108099999999999530e-02
6.947320000000000162e-01 3.157530000000000059e-01
7.793909999999999449e-01 1.299939999999999984e-01
7.448169999999999513e-01 3.441330000000000222e-01
7.853989999999999583e-01 8.537899999999999656e-02
8.206179999999999586e-01 8.023500000000000076e-02
6.936560000000000503e-01 -2.521999999999999936e-03
7.791540000000000132e-01 2.202659999999999896e-01
7.144220000000000015e-01 5.580999999999999850e-02
8.447980000000000489e-01 5.148900000000000005e-02
6.042499999999999538e-01 1.443869999999999876e-01
5.281379999999999963e-01 3.003080000000000194e-01
4.771790000000000198e-01 2.854869999999999908e-01
5.858130000000000281e-01 3.198340000000000072e-01
6.481620000000000159e-01 2.528909999999999769e-01
6.893099999999999783e-01 1.860650000000000082e-01
7.555380000000000429e-01 3.799540000000000139e-01
7.091650000000000453e-01 1.838750000000000107e-01
6.471430000000000238e-01 -1.266699999999999944e-02
6.203520000000000145e-01 1.569409999999999972e-01
7.376430000000000486e-01 -2.011800000000000047e-02
7.304140000000000077e-01 1.695389999999999953e-01
8.481919999999999460e-01 -1.598499999999999921e-02
6.794459999999999944e-01 6.920800000000000562e-02
6.804519999999999458e-01 7.461500000000000077e-02
6.457610000000000294e-01 2.546999999999999820e-01
7.273530000000000273e-01 2.600399999999999934e-02
7.066219999999999724e-01 2.058949999999999947e-01
6.655569999999999542e-01 2.659860000000000002e-01
6.814200000000000257e-01 2.341030000000000055e-01
9.072940000000000449e-01 8.151600000000000512e-02
7.774980000000000224e-01 3.473249999999999948e-01
6.648659999999999570e-01 6.012499999999999789e-02
6.843939999999999468e-01 3.324280000000000013e-01
7.952339999999999964e-01 1.444509999999999961e-01
7.079389999999999850e-01 3.084759999999999724e-01
8.023569999999999869e-01 1.764729999999999910e-01
6.422510000000000163e-01 2.974600000000000161e-02
5.640500000000000513e-01 2.629290000000000238e-01
6.739619999999999500e-01 2.079850000000000032e-01
7.347259999999999902e-01 -2.440370000000000039e-01
6.978109999999999591e-01 1.755859999999999921e-01
6.916849999999999943e-01 -4.762000000000000260e-02
6.080330000000000457e-01 3.623599999999999738e-02
7.275369999999999893e-01 1.184200000000000010e-02
8.192249999999999810e-01 -1.491400000000000017e-02
7.744130000000000180e-01 6.694700000000000650e-02
5.692430000000000545e-01 3.147300000000000098e-02
5.797210000000000418e-01 4.292779999999999929e-01
6.393539999999999779e-01 1.191730000000000012e-01
6.852489999999999970e-01 1.534210000000000018e-01
8.223909999999999831e-01 1.347679999999999989e-01
5.175239999999999840e-01 2.067340000000000011e-01
7.236989999999999812e-01 1.956720000000000126e-01
6.018799999999999706e-01 -2.269000000000000183e-03
8.601560000000000317e-01 2.049030000000000018e-01
8.337510000000000199e-01 9.678900000000000003e-02
9.202759999999999829e-01 -2.606100000000000083e-02
5.990250000000000297e-01 5.250799999999999912e-02
8.324770000000000225e-01 1.624939999999999996e-01
7.765840000000000520e-01 1.751949999999999896e-01
6.067590000000000483e-01 -1.684029999999999971e-01
8.458369999999999500e-01 4.260699999999999904e-02
-5.686529999999999641e-01 4.786440000000000139e-01
6.221060000000000478e-01 5.969079999999999941e-01
6.244950000000000223e-01 5.989499999999999685e-02
6.434910000000000352e-01 2.553889999999999771e-01
6.276310000000000500e-01 -3.942799999999999777e-02
6.225850000000000550e-01 3.061309999999999865e-01
7.504619999999999624e-01 -1.368860000000000077e-01
-6.068839999999999790e-01 -1.383479999999999988e-01
8.149319999999999897e-01 1.183690000000000020e-01
8.334519999999999706e-01 -4.106200000000000128e-02
6.933160000000000434e-01 8.510399999999999909e-02
8.424439999999999706e-01 1.433210000000000039e-01
4.822110000000000007e-01 1.611859999999999959e-01
5.461709999999999621e-01 5.721899999999999903e-02
8.820230000000000015e-01 8.373700000000000587e-02
5.735980000000000523e-01 4.528409999999999935e-01
7.544009999999999883e-01 1.622460000000000013e-01
7.040269999999999584e-01 1.941680000000000073e-01
6.521299999999999875e-01 5.421600000000000030e-02
7.220969999999999889e-01 2.071209999999999996e-01
5.689030000000000475e-01 5.780799999999999828e-02
7.293490000000000251e-01 1.352919999999999956e-01
7.316989999999999883e-01 2.840300000000000047e-01
2.453670000000000018e-01 5.940849999999999742e-01
8.139009999999999856e-01 8.701499999999999513e-02
7.333239999999999759e-01 8.631199999999999983e-02
7.780479999999999619e-01 -4.034999999999999698e-02
7.858950000000000102e-01 1.320659999999999890e-01
8.345890000000000253e-01 5.303800000000000181e-02
8.310990000000000322e-01 1.205849999999999977e-01
7.960859999999999603e-01 -8.873000000000000678e-03
5.684219999999999828e-01 7.862399999999999944e-02
7.512769999999999726e-01 1.095539999999999986e-01
8.392290000000000028e-01 1.580080000000000096e-01
8.598679999999999657e-01 1.229259999999999936e-01
6.547169999999999934e-01 1.637659999999999949e-01
7.816859999999999919e-01 2.203420000000000101e-01
8.698099999999999721e-01 1.176620000000000027e-01
6.778469999999999773e-01 9.977099999999999858e-02
6.847990000000000466e-01 3.034499999999999975e-01
7.269619999999999971e-01 8.976800000000000057e-02
7.606579999999999453e-01 1.055650000000000061e-01
7.925109999999999655e-01 9.146600000000000563e-02
6.994070000000000009e-01 -3.862800000000000261e-02
3.505309999999999815e-01 5.545539999999999914e-01
3.693549999999999889e-01 1.107419999999999932e-01
7.206879999999999953e-01 1.980609999999999871e-01
4.925720000000000098e-01 1.208290000000000058e-01
6.319369999999999710e-01 3.342510000000000203e-01
6.817159999999999886e-01 3.321479999999999988e-01
5.985920000000000130e-01 -8.332599999999999729e-02
7.090210000000000123e-01 2.640899999999999914e-01
4.712410000000000210e-01 -2.078000000000000125e-01
6.038550000000000306e-01 -2.432519999999999960e-01
7.097080000000000055e-01 -6.205999999999999711e-03
7.025620000000000198e-01 3.037460000000000160e-01
6.034990000000000077e-01 1.339100000000000013e-01
6.004559999999999897e-01 2.207260000000000055e-01
8.460060000000000358e-01 -1.290669999999999873e-01
6.538329999999999975e-01 1.113549999999999957e-01
5.780419999999999447e-01 -3.014870000000000050e-01
6.860289999999999999e-01 2.547180000000000000e-01
7.986929999999999863e-01 1.271680000000000033e-01
7.772120000000000140e-01 2.178789999999999893e-01
2.028000000000000080e-01 6.903719999999999857e-01
6.986099999999999532e-01 -2.029299999999999854e-02
2.743670000000000275e-01 2.494159999999999988e-01
7.473370000000000291e-01 1.764709999999999890e-01
7.034589999999999455e-01 -1.641189999999999871e-01
7.048400000000000221e-01 2.254099999999999854e-02
7.385009999999999630e-01 -2.036930000000000129e-01
5.809010000000000007e-01 1.847270000000000023e-01
6.667539999999999578e-01 -1.067219999999999974e-01
3.240580000000000127e-01 -2.283860000000000057e-01
3.818810000000000260e-01 6.225100000000000078e-02
6.537969999999999615e-01 3.296390000000000153e-01
5.312500000000000000e-01 -4.832919999999999994e-01
6.356669999999999821e-01 1.738989999999999980e-01
6.139919999999999822e-01 2.266209999999999891e-01
5.956580000000000208e-01 1.264530000000000098e-01
6.153189999999999493e-01 2.490370000000000084e-01
5.482369999999999743e-01 -7.596500000000000474e-02
6.492869999999999475e-01 -4.939299999999999941e-02
5.787099999999999467e-01 3.524619999999999975e-01
8.225059999999999594e-01 1.876899999999999957e-01
6.867790000000000283e-01 1.263819999999999943e-01
5.882699999999999596e-01 -4.311500000000000055e-02
6.580209999999999670e-01 -1.024159999999999932e-01
6.453379999999999672e-01 1.592719999999999969e-01
6.507119999999999571e-01 2.703840000000000132e-01
5.880729999999999569e-01 -1.975790000000000046e-01
6.871319999999999650e-01 2.974289999999999989e-01
6.310259999999999758e-01 -7.150099999999999512e-02
6.945569999999999800e-01 2.830190000000000206e-01
-6.579289999999999861e-01 2.640219999999999789e-01
-5.264550000000000063e-01 -2.853359999999999785e-01
-7.499040000000000150e-01 2.683699999999999974e-02
-6.897159999999999958e-01 2.113349999999999951e-01
-6.029830000000000467e-01 -7.146999999999999707e-03
-6.638840000000000297e-01 1.064350000000000018e-01
-6.529960000000000209e-01 3.414949999999999930e-01
-7.157010000000000316e-01 3.457600000000000257e-02
-7.715640000000000276e-01 2.287669999999999981e-01
-7.782940000000000413e-01 -4.584200000000000080e-02
4.287989999999999857e-01 6.517760000000000220e-01
-6.334649999999999448e-01 2.426999999999999991e-02
-7.746349999999999625e-01 2.811009999999999898e-01
-7.845299999999999496e-01 -1.565390000000000115e-01
-7.275949999999999918e-01 3.181200000000000139e-01
-7.211579999999999657e-01 3.206669999999999798e-01
-6.982310000000000461e-01 3.259599999999999997e-02
-6.720620000000000482e-01 3.021090000000000164e-01
-7.230320000000000080e-01 9.308800000000000407e-02
-5.398129999999999873e-01 1.190530000000000060e-01
-6.755109999999999726e-01 5.119800000000000045e-02
-7.032180000000000097e-01 3.944650000000000101e-01
3.572890000000000232e-01 7.242229999999999501e-01
5.442479999999999540e-01 -9.434399999999999731e-02
4.740030000000000077e-01 -8.948100000000000498e-02
6.410670000000000535e-01 9.853399999999999659e-02
5.471230000000000260e-01 1.394819999999999949e-01
5.515970000000000040e-01 1.666719999999999868e-01
6.589709999999999734e-01 9.322800000000000531e-02
9.351070000000000215e-01 2.365180000000000060e-01
8.088889999999999691e-01 1.594990000000000019e-01
7.763780000000000125e-01 3.119900000000000104e-02
7.450649999999999773e-01 -1.024430000000000063e-01
7.382469999999999866e-01 2.203739999999999866e-01
4.792379999999999973e-01 4.933300000000000185e-02
8.063289999999999624e-01 8.021000000000000352e-03
6.137730000000000130e-01 1.920149999999999912e-01
6.629239999999999577e-01 1.439380000000000104e-01
7.741090000000000471e-01 1.878479999999999872e-01
8.171169999999999822e-01 1.570380000000000109e-01
6.438909999999999911e-01 8.052700000000000136e-02
5.537900000000000045e-01 -3.626650000000000151e-01
6.139149999999999885e-01 2.711459999999999981e-01
5.835620000000000251e-01 1.462930000000000064e-01
6.163600000000000190e-01 -1.471439999999999970e-01
6.738809999999999523e-01 1.421920000000000128e-01
8.811240000000000183e-01 1.588370000000000060e-01
6.772089999999999499e-01 1.230350000000000055e-01
6.934909999999999686e-01 3.715000000000000246e-02
7.057360000000000300e-01 -1.535300000000000033e-02
7.306610000000000049e-01 -6.170000000000000354e-04
7.339390000000000081e-01 -1.177490000000000064e-01
5.076659999999999506e-01 1.432889999999999997e-01
8.054230000000000000e-01 1.775829999999999909e-01
4.429359999999999964e-01 4.325209999999999888e-01
6.318240000000000522e-01 1.719219999999999915e-01
8.583899999999999864e-01 2.564640000000000253e-01
5.438910000000000133e-01 1.514079999999999870e-01
6.577129999999999921e-01 3.767600000000000116e-02
7.078759999999999497e-01 2.340399999999999980e-01
8.732929999999999859e-01 -2.426530000000000076e-01
5.732059999999999933e-01 -3.254070000000000018e-01
6.950669999999999904e-01 4.125139999999999918e-01
6.061299999999999466e-01 8.334700000000000442e-02
6.758359999999999923e-01 -1.098299999999999971e-02
5.047199999999999465e-01 1.483859999999999901e-01
6.279460000000000042e-01 1.591249999999999887e-01
7.022429999999999506e-01 3.628919999999999924e-01
8.894189999999999596e-01 3.416910000000000225e-01
5.210709999999999509e-01 5.090770000000000017e-01
7.792740000000000222e-01 2.220550000000000024e-01
7.495929999999999538e-01 4.806400000000000255e-02
6.401329999999999520e-01 -7.254900000000000237e-02
4.821730000000000183e-01 6.516340000000000465e-01
6.296420000000000350e-01 5.154199999999999754e-02
7.656060000000000088e-01 2.155940000000000079e-01
7.105979999999999519e-01 2.442489999999999939e-01
4.844999999999999862e-01 5.477410000000000334e-01
5.879410000000000469e-01 2.910050000000000137e-01
5.789119999999999822e-01 3.554999999999999827e-02
8.039690000000000447e-01 1.549750000000000016e-01
7.520499999999999963e-01 -2.308689999999999909e-01
7.449099999999999611e-01 3.007839999999999958e-01
7.588789999999999702e-01 -1.012959999999999972e-01
7.169790000000000330e-01 1.147309999999999997e-01
6.620679999999999898e-01 -1.415460000000000051e-01
5.571279999999999566e-01 2.131089999999999929e-01
6.618730000000000446e-01 -4.310599999999999848e-02
5.236399999999999944e-01 -1.016399999999999942e-02
6.100879999999999637e-01 5.129700000000000232e-02
7.720510000000000428e-01 2.560890000000000111e-01
5.661059999999999981e-01 2.731899999999999953e-02
6.940749999999999975e-01 2.448120000000000018e-01
7.289160000000000084e-01 5.114599999999999702e-02
7.796790000000000109e-01 -3.692499999999999949e-02
6.697619999999999685e-01 1.991739999999999899e-01
8.375930000000000319e-01 2.306469999999999909e-01
7.689289999999999736e-01 2.268149999999999888e-01
6.166430000000000522e-01 2.526010000000000200e-01
6.964010000000000478e-01 2.502489999999999992e-01
6.972350000000000492e-01 -6.433800000000000630e-02
5.502390000000000336e-01 4.462990000000000013e-01
6.670490000000000030e-01 -2.394199999999999939e-01
6.686480000000000201e-01 2.998190000000000022e-01
8.363369999999999971e-01 1.749769999999999937e-01
6.508080000000000531e-01 4.940609999999999724e-01
5.803369999999999918e-01 4.481999999999999873e-02
5.152299999999999658e-01 2.101909999999999890e-01
4.686250000000000138e-01 -3.404479999999999729e-01
6.524419999999999664e-01 -2.841389999999999749e-01
5.455079999999999929e-01 1.869200000000000028e-02
5.644489999999999785e-01 2.679830000000000267e-01
5.739170000000000105e-01 3.551940000000000097e-01
7.360940000000000261e-01 2.332629999999999981e-01
5.773439999999999683e-01 -1.425170000000000048e-01
7.638859999999999539e-01 3.227419999999999733e-01
7.697199999999999598e-01 5.217900000000000316e-02
8.030950000000000033e-01 1.703449999999999964e-01
7.165770000000000195e-01 1.412490000000000134e-01
6.929100000000000259e-01 -3.052500000000000005e-02
6.987879999999999647e-01 7.826500000000000123e-02
7.401280000000000081e-01 3.578180000000000249e-01
8.705239999999999645e-01 1.827139999999999875e-01
7.805549999999999988e-01 1.014420000000000044e-01
7.551060000000000549e-01 2.269359999999999988e-01
6.038000000000000034e-01 -3.699999999999999811e-05
6.407209999999999850e-01 3.566199999999999926e-02
7.316070000000000073e-01 -1.033609999999999945e-01
4.753439999999999888e-01 5.098709999999999631e-01
5.620129999999999848e-01 2.249319999999999931e-01
5.308969999999999523e-01 -9.525899999999999646e-02
7.498519999999999630e-01 1.517439999999999900e-01
8.627040000000000264e-01 -1.513199999999999962e-02
5.555210000000000425e-01 2.311709999999999876e-01
5.986080000000000290e-01 -2.037299999999999875e-02
6.775120000000000031e-01 3.615729999999999777e-01
4.227639999999999731e-01 3.948200000000000320e-02
6.905909999999999549e-01 7.006300000000000028e-02
5.870229999999999615e-01 -1.700470000000000037e-01
5.828299999999999592e-01 -4.545199999999999935e-02
5.734029999999999960e-01 8.992799999999999405e-02
6.396359999999999824e-01 2.827029999999999821e-01
6.989199999999999857e-01 2.883700000000000152e-01
6.993620000000000392e-01 1.633989999999999887e-01
5.164720000000000422e-01 4.309370000000000145e-01
6.782580000000000275e-01 2.289650000000000019e-01
7.116369999999999640e-01 -2.657419999999999782e-01
6.958609999999999518e-01 1.855259999999999965e-01
8.192049999999999610e-01 9.615200000000000136e-02
7.559270000000000156e-01 1.575419999999999876e-01
8.305649999999999977e-01 -1.030220000000000025e-01
5.824319999999999498e-01 -7.323799999999999755e-02
5.282940000000000413e-01 4.619219999999999993e-01
7.806600000000000206e-01 -5.288299999999999945e-02
7.330910000000000482e-01 8.178199999999999359e-02
5.552139999999999853e-01 3.667019999999999724e-01
7.494640000000000191e-01 3.909389999999999810e-01
7.349189999999999889e-01 -1.220269999999999966e-01
7.518489999999999895e-01 3.737809999999999744e-01
5.713780000000000525e-01 6.194999999999999812e-02
6.960429999999999673e-01 2.125259999999999927e-01
6.684330000000000549e-01 2.469389999999999918e-01
6.755989999999999496e-01 -3.785000000000000170e-03
7.308580000000000076e-01 2.805719999999999881e-01
7.280159999999999965e-01 5.197899999999999743e-02
2.475700000000000123e-01 6.377159999999999496e-01
7.865640000000000409e-01 2.614199999999999857e-02
6.585189999999999655e-01 2.349120000000000097e-01
6.699359999999999760e-01 1.867489999999999983e-01
3.501279999999999948e-01 -3.392200000000000215e-01
6.330660000000000176e-01 1.278110000000000079e-01
2.915209999999999746e-01 -1.896199999999999969e-02
4.042520000000000002e-01 3.960730000000000084e-01
7.683710000000000262e-01 -2.765700000000000103e-02
5.666449999999999543e-01 2.516709999999999781e-01
-6.250539999999999985e-01 2.336239999999999983e-01
4.113450000000000162e-01 4.811039999999999761e-01
6.805560000000000498e-01 1.409370000000000067e-01
4.840289999999999870e-01 -1.092499999999999999e-01
6.393769999999999731e-01 1.405629999999999935e-01
7.614959999999999507e-01 1.509749999999999981e-01
8.156309999999999949e-01 2.071469999999999978e-01
4.243629999999999902e-01 1.758319999999999883e-01
6.696499999999999675e-01 1.041379999999999945e-01
6.893770000000000175e-01 2.940380000000000216e-01
7.731949999999999656e-01 6.917000000000000405e-03
6.990150000000000530e-01 1.014960000000000029e-01
5.278439999999999799e-01 2.778900000000000120e-02
6.813249999999999584e-01 -2.681799999999999740e-01
6.248679999999999790e-01 -2.129759999999999986e-01
5.588109999999999467e-01 2.062950000000000061e-01
7.002559999999999896e-01 1.049839999999999940e-01
6.248700000000000365e-01 -5.996100000000000041e-02
5.857029999999999736e-01 4.274959999999999871e-01
5.724129999999999496e-01 1.451000000000000068e-01
7.007830000000000448e-01 1.875819999999999987e-01
6.913930000000000353e-01 7.383399999999999685e-02
5.847660000000000080e-01 -2.695119999999999738e-01
7.446890000000000454e-01 -1.424020000000000008e-01
7.971869999999999790e-01 1.278610000000000024e-01
7.080549999999999899e-01 5.364700000000000024e-02
6.276490000000000125e-01 1.538970000000000060e-01
7.305139999999999967e-01 5.117200000000000221e-02
4.980910000000000060e-01 -1.302520000000000067e-01
7.074989999999999890e-01 1.010250000000000037e-01
3.629539999999999988e-01 5.394539999999999891e-01
7.033169999999999700e-01 1.285860000000000058e-01
6.854430000000000245e-01 8.865800000000000070e-02
6.544480000000000297e-01 4.030679999999999819e-01
6.861089999999999689e-01 1.834959999999999924e-01
9.349269999999999525e-01 4.869699999999999723e-02
6.525879999999999459e-01 -2.998999999999999930e-03
7.581689999999999818e-01 1.765780000000000127e-01
6.314229999999999565e-01 2.064330000000000054e-01
4.121520000000000183e-01 2.359809999999999963e-01
8.837730000000000308e-01 9.036000000000000629e-03
3.933909999999999907e-01 5.498650000000000482e-01
-5.694310000000000205e-01 6.577000000000000381e-03
-5.901579999999999604e-01 -1.358060000000000100e-01
5.777039999999999953e-01 1.870769999999999933e-01
5.950370000000000381e-01 4.860619999999999941e-01
6.205159999999999565e-01 5.434630000000000294e-01
7.865210000000000257e-01 3.041999999999999912e-02
5.152660000000000018e-01 1.537400000000000051e-02
-6.593470000000000164e-01 4.343980000000000063e-01
-1.481719999999999982e-01 5.550680000000000058e-01
6.975919999999999899e-01 1.179459999999999953e-01
7.219619999999999926e-01 2.713700000000000140e-02
7.825900000000000079e-01 1.972619999999999929e-01
5.881440000000000001e-01 3.513060000000000072e-01
3.030530000000000168e-01 -3.521190000000000153e-01
4.881920000000000148e-01 3.441299999999999915e-02
6.921150000000000357e-01 -1.606199999999999989e-02
6.513069999999999693e-01 -7.518999999999999642e-03
7.028710000000000235e-01 3.222160000000000024e-01
5.530869999999999953e-01 -2.489899999999999891e-01
7.598530000000000006e-01 1.145140000000000047e-01
6.477439999999999864e-01 2.148170000000000079e-01
7.574560000000000182e-01 1.309130000000000016e-01
7.168029999999999680e-01 3.915710000000000024e-01
6.931580000000000519e-01 9.116000000000000839e-03
7.803250000000000464e-01 5.945600000000000190e-02
7.510059999999999514e-01 1.218069999999999986e-01
7.186259999999999870e-01 1.597200000000000009e-01
7.229219999999999535e-01 -5.115999999999999714e-02
7.512050000000000116e-01 1.546909999999999952e-01
6.379730000000000123e-01 -1.059400000000000064e-01
3.110930000000000084e-01 4.911860000000000115e-01
7.424169999999999936e-01 2.605990000000000251e-01
5.284630000000000161e-01 1.847979999999999901e-01
4.320959999999999801e-01 1.167409999999999975e-01
6.585910000000000375e-01 1.862119999999999886e-01
5.746599999999999486e-01 -3.892299999999999927e-02
7.068200000000000038e-01 1.605870000000000075e-01
6.154070000000000373e-01 1.055399999999999915e-02
7.470940000000000358e-01 1.544959999999999944e-01
6.198439999999999506e-01 2.004890000000000005e-01
5.115210000000000035e-01 6.616299999999999959e-02
5.647360000000000158e-01 -3.254399999999999654e-02
7.405049999999999688e-01 2.217610000000000137e-01
4.985109999999999819e-01 1.284800000000000005e-02
5.967689999999999939e-01 4.273600000000000176e-01
6.953120000000000411e-01 1.783849999999999880e-01
5.573139999999999761e-01 4.181650000000000089e-01
6.690599999999999881e-01 1.348779999999999979e-01
6.917990000000000528e-01 5.090200000000000280e-02
7.542119999999999935e-01 3.385020000000000251e-01
6.674160000000000093e-01 5.145799999999999680e-02
6.761810000000000320e-01 -9.414100000000000246e-02
6.723710000000000520e-01 5.597300000000000192e-02
7.253209999999999935e-01 1.090079999999999938e-01
7.687629999999999741e-01 -1.745000000000000023e-02
6.533579999999999943e-01 -4.451680000000000081e-01
6.314579999999999638e-01 1.073110000000000036e-01
6.297669999999999657e-01 2.822300000000000156e-02
6.010029999999999539e-01 -3.009699999999999875e-02
6.791369999999999907e-01 2.048959999999999948e-01
6.079499999999999904e-01 1.425349999999999950e-01
6.781270000000000353e-01 1.843670000000000031e-01
7.546009999999999662e-01 1.214930000000000038e-01
7.647650000000000281e-01 3.031289999999999818e-01
8.934499999999999664e-01 1.059189999999999993e-01
8.612130000000000063e-01 3.094959999999999933e-01
6.978269999999999751e-01 8.483999999999999875e-02
7.283889999999999532e-01 -2.421389999999999931e-01
8.405369999999999786e-01 2.422209999999999919e-01
6.663540000000000019e-01 4.317800000000000110e-02
7.917819999999999858e-01 -1.230400000000000070e-02
7.343269999999999520e-01 1.298850000000000005e-01
7.639970000000000372e-01 1.895040000000000058e-01
7.328270000000000062e-01 1.870630000000000071e-01
5.036549999999999638e-01 2.216200000000000114e-01
4.630850000000000244e-01 4.341909999999999936e-01
7.863299999999999734e-01 1.857040000000000080e-01
4.551740000000000230e-01 -3.606530000000000014e-01
5.737999999999999767e-01 -1.998179999999999956e-01
8.235010000000000385e-01 3.800100000000000006e-02
8.090429999999999566e-01 5.387000000000000295e-03
7.228229999999999933e-01 1.752980000000000094e-01
4.443489999999999940e-01 -1.826990000000000003e-01
5.443710000000000493e-01 9.877199999999999869e-02
7.323039999999999550e-01 2.625620000000000176e-01
5.107530000000000125e-01 2.613050000000000095e-01
2.069410000000000138e-01 3.602899999999999991e-01
7.325180000000000025e-01 2.225640000000000118e-01
5.516349999999999865e-01 3.921060000000000101e-01
5.724190000000000111e-01 1.443230000000000068e-01
7.053319999999999590e-01 1.550279999999999991e-01
6.756459999999999688e-01 1.253420000000000090e-01
8.196870000000000545e-01 -6.241900000000000226e-02
9.073109999999999786e-01 1.958799999999999986e-01
6.620800000000000018e-01 4.811150000000000149e-01
4.435499999999999998e-01 3.533789999999999987e-01
6.192839999999999456e-01 3.677549999999999986e-01
8.090589999999999726e-01 1.590199999999999947e-01
6.813430000000000319e-01 8.436699999999999755e-02
7.784750000000000281e-01 3.388249999999999873e-01
6.004329999999999945e-01 1.369789999999999897e-01
5.349239999999999551e-01 2.056360000000000132e-01
8.014259999999999717e-01 8.529999999999999388e-03
7.398059999999999636e-01 -2.713200000000000056e-01
8.037119999999999820e-01 4.931200000000000166e-02
7.331330000000000346e-01 -1.604029999999999900e-01
6.399280000000000523e-01 -1.315320000000000100e-01
6.794670000000000432e-01 -3.216499999999999915e-02
6.703310000000000102e-01 1.005339999999999984e-01
6.518659999999999455e-01 4.215920000000000223e-01
7.393049999999999899e-01 1.393530000000000046e-01
8.107839999999999492e-01 2.835860000000000047e-01
7.237660000000000204e-01 2.275929999999999898e-01
7.993430000000000257e-01 3.695309999999999984e-01
8.194500000000000117e-01 8.388600000000000223e-02
6.545579999999999732e-01 3.577810000000000157e-01
6.461559999999999526e-01 6.859800000000000619e-02
8.488609999999999767e-01 1.861369999999999969e-01
7.603640000000000398e-01 -2.503710000000000102e-01
7.057080000000000020e-01 1.679130000000000067e-01
7.885299999999999532e-01 2.061149999999999927e-01
5.891640000000000210e-01 -1.811510000000000065e-01
6.919520000000000115e-01 3.384679999999999911e-01
6.441000000000000059e-01 3.804300000000000043e-02
7.996090000000000142e-01 2.387200000000000086e-02
8.209239999999999871e-01 2.804130000000000233e-01
6.936839999999999673e-01 2.285500000000000032e-01
7.610200000000000298e-01 -1.111720000000000069e-01
6.624780000000000113e-01 1.813099999999999989e-01
6.870730000000000448e-01 2.500789999999999957e-01
8.211760000000000170e-01 2.868200000000000194e-01
6.583160000000000123e-01 1.919730000000000047e-01
7.153100000000000014e-01 8.874200000000000144e-02
7.243309999999999471e-01 4.590199999999999836e-02
8.536580000000000279e-01 3.206359999999999766e-01
7.144089999999999607e-01 1.619800000000000129e-01
6.404170000000000140e-01 1.624309999999999921e-01
8.327099999999999502e-01 -9.268099999999999949e-02
7.101570000000000382e-01 -8.156999999999999321e-03
8.391549999999999843e-01 1.891400000000000026e-02
7.966999999999999638e-01 2.193940000000000057e-01
5.818360000000000198e-01 1.181640000000000051e-01
-6.760709999999999775e-01 5.849000000000000032e-02
5.355410000000000448e-01 6.009830000000000449e-01
7.906950000000000367e-01 2.115059999999999996e-01
6.417509999999999604e-01 -1.856140000000000012e-01
6.755700000000000038e-01 7.929400000000000337e-02
6.767769999999999619e-01 2.008060000000000123e-01
2.962750000000000106e-01 6.795860000000000234e-01
6.368209999999999704e-01 8.128699999999999815e-02
7.721479999999999455e-01 4.513079999999999870e-01
7.761310000000000153e-01 1.034739999999999965e-01
7.146069999999999922e-01 3.857700000000000018e-02
8.388020000000000476e-01 1.143669999999999964e-01
6.140679999999999472e-01 3.034680000000000155e-01
8.586399999999999588e-01 1.149130000000000013e-01
7.218869999999999454e-01 1.794080000000000119e-01
8.085160000000000124e-01 1.003970000000000001e-01
7.226850000000000218e-01 1.686779999999999946e-01
4.741259999999999919e-01 2.669830000000000259e-01
5.938330000000000553e-01 3.588600000000000123e-02
6.386619999999999520e-01 1.610810000000000020e-01
7.198849999999999971e-01 7.831499999999999573e-02
7.486540000000000417e-01 3.300960000000000005e-01
8.044839999999999769e-01 -8.066900000000000459e-02
7.166409999999999725e-01 1.593789999999999929e-01
6.318599999999999772e-01 1.936500000000000027e-02
7.813020000000000520e-01 8.162899999999999323e-02
5.918999999999999817e-01 -2.875210000000000266e-01
5.582799999999999985e-01 2.969019999999999992e-01
7.338679999999999648e-01 8.348400000000000265e-02
5.772739999999999538e-01 1.541059999999999930e-01
8.462699999999999667e-01 1.430089999999999972e-01
6.842610000000000081e-01 1.509320000000000106e-01
7.824900000000000189e-01 8.202700000000000269e-02
7.294380000000000308e-01 9.895099999999999729e-02
6.465490000000000403e-01 2.560490000000000266e-01
5.767660000000000009e-01 2.781830000000000136e-01
7.381959999999999633e-01 1.164680000000000021e-01
8.194569999999999910e-01 1.303499999999999936e-01
8.089659999999999629e-01 1.801590000000000136e-01
7.447500000000000231e-01 9.209399999999999531e-02
7.852829999999999533e-01 1.958820000000000006e-01
4.215169999999999750e-01 4.235459999999999781e-01
4.543059999999999876e-01 2.004799999999999985e-02
7.079769999999999675e-01 9.009300000000000641e-02
7.180220000000000491e-01 2.105319999999999969e-01
6.046960000000000113e-01 3.001820000000000044e-01
8.073660000000000281e-01 2.329450000000000132e-01
8.094670000000000476e-01 -2.576049999999999729e-01
6.702989999999999782e-01 -2.049799999999999886e-02
4.964649999999999896e-01 6.626300000000000245e-02
8.986889999999999601e-01 -3.370299999999999685e-02
6.411940000000000417e-01 1.830110000000000070e-01
7.972780000000000422e-01 3.136399999999999744e-01
7.739749999999999686e-01 2.866079999999999739e-01
7.196420000000000039e-01 2.558159999999999878e-01
6.230010000000000270e-01 -1.122370000000000034e-01
8.022409999999999819e-01 1.583199999999999885e-02
8.678780000000000383e-01 1.872820000000000040e-01
7.393370000000000219e-01 -1.605799999999999936e-02
6.142060000000000297e-01 3.543250000000000011e-01
6.310350000000000126e-01 1.651769999999999905e-01
6.314509999999999845e-01 2.144770000000000010e-01
6.659659999999999469e-01 4.107390000000000208e-01
6.882479999999999709e-01 1.431109999999999882e-01
6.451270000000000060e-01 2.134669999999999901e-01
7.424840000000000328e-01 1.303739999999999899e-01
6.168890000000000207e-01 2.491629999999999956e-01
7.057980000000000365e-01 7.880299999999999805e-02
8.142890000000000406e-01 2.550589999999999802e-01
8.375369999999999759e-01 -3.310599999999999654e-02
8.231800000000000228e-01 7.050900000000000223e-02
4.767540000000000111e-01 1.953479999999999939e-01
6.512250000000000538e-01 2.096810000000000063e-01
4.701380000000000003e-01 1.638799999999999979e-01
5.029379999999999962e-01 2.455930000000000057e-01
8.070749999999999869e-01 3.053239999999999843e-01
7.059739999999999904e-01 1.352710000000000024e-01
6.373790000000000289e-01 1.237500000000000058e-02
4.808509999999999729e-01 4.874829999999999997e-01
6.104889999999999484e-01 1.200070000000000026e-01
5.144130000000000091e-01 4.338600000000000095e-02
6.768330000000000179e-01 1.105580000000000035e-01
6.721430000000000460e-01 -3.673799999999999982e-02
6.192020000000000302e-01 1.195269999999999944e-01
7.303290000000000060e-01 1.291999999999999919e-02
6.861289999999999889e-01 2.357779999999999876e-01
5.467689999999999495e-01 1.515769999999999895e-01
7.071169999999999956e-01 9.871399999999999619e-02
5.453449999999999687e-01 1.781379999999999908e-01
6.478249999999999842e-01 2.228559999999999985e-01
7.086909999999999599e-01 1.913219999999999921e-01
5.975810000000000288e-01 7.799599999999999589e-02
6.225659999999999528e-01 2.558690000000000131e-01
5.594770000000000021e-01 -1.205999999999999989e-01
7.423060000000000214e-01 6.598900000000000599e-02
7.686129999999999907e-01 -2.812100000000000016e-02
6.052239999999999842e-01 8.242700000000000027e-02
7.916440000000000143e-01 -1.192050000000000054e-01
7.371199999999999974e-01 3.000530000000000141e-01
7.061279999999999779e-01 1.183489999999999959e-01
5.404930000000000012e-01 1.686999999999999958e-02
7.175789999999999669e-01 4.074650000000000216e-01
7.611250000000000515e-01 -1.984920000000000018e-01
6.739530000000000243e-01 1.381100000000000036e-02
5.158650000000000180e-01 1.695180000000000020e-01
5.359380000000000255e-01 2.916839999999999988e-01
5.754629999999999468e-01 -2.710999999999999868e-03
6.909539999999999571e-01 1.652939999999999965e-01
6.983399999999999608e-01 -4.484099999999999892e-02
6.270820000000000283e-01 2.409350000000000103e-01
6.689859999999999696e-01 3.688999999999999918e-02
6.562130000000000463e-01 2.542679999999999940e-01
5.227000000000000535e-01 3.902079999999999993e-01
6.635429999999999939e-01 1.687400000000000011e-01
6.512609999999999788e-01 7.456400000000000527e-02
7.043469999999999454e-01 1.800440000000000096e-01
6.229839999999999822e-01 -1.745000000000000023e-03
7.871029999999999971e-01 -3.587800000000000017e-02
6.791989999999999972e-01 2.874050000000000216e-01
7.581649999999999778e-01 1.635439999999999949e-01
5.832690000000000374e-01 2.585790000000000033e-01
7.970120000000000537e-01 1.754299999999999957e-02
6.532120000000000148e-01 3.143699999999999967e-02
6.852559999999999762e-01 1.982879999999999920e-01
7.910800000000000054e-01 -3.469400000000000261e-02
7.318360000000000420e-01 1.324299999999999956e-02
6.900640000000000107e-01 -1.261519999999999864e-01
5.783150000000000235e-01 1.472100000000000075e-01
6.051680000000000392e-01 4.995879999999999765e-01
8.012380000000000058e-01 6.049999999999999606e-04
6.981770000000000476e-01 -8.381900000000000461e-02
5.135950000000000237e-01 4.555850000000000177e-01
7.694929999999999826e-01 3.259000000000000091e-02
5.767790000000000417e-01 -1.165099999999999990e-02
7.655830000000000135e-01 -1.012440000000000007e-01
6.320510000000000295e-01 1.504810000000000036e-01
6.645210000000000283e-01 2.336020000000000041e-01
5.525630000000000264e-01 2.310419999999999974e-01
6.751169999999999671e-01 -2.508900000000000019e-02
7.299280000000000213e-01 6.587400000000000200e-02
6.536199999999999788e-01 -4.415199999999999680e-02
7.945109999999999673e-01 4.121190000000000131e-01
8.108830000000000204e-01 -9.033499999999999863e-02
6.995460000000000012e-01 1.074350000000000027e-01
7.262920000000000487e-01 -9.359999999999999831e-04
8.264930000000000332e-01 8.951000000000000623e-03
8.448809999999999931e-01 3.101579999999999893e-01
7.977910000000000279e-01 2.325079999999999925e-01
7.103030000000000177e-01 9.198499999999999732e-02
5.667090000000000183e-01 8.101600000000000468e-02
4.025699999999999834e-01 1.109570000000000001e-01
7.431830000000000380e-01 5.027600000000000124e-02
8.222739999999999494e-01 2.642590000000000217e-01
6.720019999999999882e-01 2.152640000000000109e-01
5.946850000000000191e-01 3.021059999999999857e-01
5.952159999999999673e-01 3.690979999999999817e-01
7.829049999999999621e-01 -5.504400000000000265e-02
6.204140000000000210e-01 3.285009999999999875e-01
6.634649999999999714e-01 -1.068709999999999938e-01
8.853280000000000038e-01 1.395300000000000012e-02
6.803909999999999680e-01 2.861730000000000107e-01
7.534469999999999779e-01 1.076369999999999966e-01
6.622400000000000508e-01 2.145749999999999880e-01
7.669270000000000254e-01 2.454929999999999890e-01
8.238440000000000207e-01 1.416010000000000046e-01
5.593200000000000394e-01 1.739860000000000018e-01
7.771980000000000555e-01 1.434350000000000069e-01
8.767709999999999670e-01 2.814699999999999841e-02
8.002970000000000361e-01 1.508440000000000059e-01
6.432539999999999925e-01 3.573979999999999935e-01
6.732510000000000439e-01 2.437779999999999947e-01
7.793029999999999680e-01 -1.349080000000000001e-01
5.341120000000000312e-01 -1.089740000000000014e-01
6.886910000000000531e-01 1.735319999999999918e-01
7.156130000000000546e-01 3.722299999999999914e-02
5.864249999999999741e-01 3.349900000000000100e-02
5.878700000000000037e-01 3.040930000000000022e-01
6.506279999999999841e-01 -2.475970000000000115e-01
3.861740000000000173e-01 3.157579999999999831e-01
7.486479999999999801e-01 -3.198999999999999760e-02
6.148249999999999549e-01 9.300799999999999346e-02
6.813409999999999744e-01 1.351890000000000036e-01
7.692949999999999511e-01 1.175270000000000065e-01
7.781879999999999908e-01 -2.904869999999999952e-01
5.003840000000000510e-01 -3.686229999999999785e-01
5.119669999999999499e-01 1.916619999999999990e-01
7.060110000000000552e-01 1.282330000000000136e-01
4.274769999999999959e-01 -1.987329999999999930e-01
6.243170000000000108e-01 5.622699999999999920e-02
7.843320000000000292e-01 2.162999999999999992e-02
5.940720000000000445e-01 -4.968700000000000200e-02
7.556800000000000184e-01 1.317899999999999905e-01
4.039860000000000118e-01 4.650599999999999873e-02
7.591099999999999515e-01 3.330929999999999724e-01
7.602489999999999526e-01 2.534939999999999971e-01
6.023199999999999665e-01 -8.891499999999999404e-02
7.741759999999999753e-01 -4.898299999999999876e-02
7.311400000000000121e-01 1.956170000000000131e-01
6.253030000000000532e-01 2.751800000000000079e-02
7.906539999999999679e-01 4.036900000000000210e-02
6.335250000000000048e-01 2.761350000000000193e-01
8.165440000000000476e-01 1.476119999999999932e-01
6.308430000000000426e-01 1.560870000000000035e-01
5.652920000000000167e-01 -2.760900000000000160e-02
6.559019999999999850e-01 1.311180000000000123e-01
6.854440000000000532e-01 1.002760000000000040e-01
7.278559999999999475e-01 1.615729999999999944e-01
5.503869999999999596e-01 1.316120000000000068e-01
5.982370000000000188e-01 1.291059999999999985e-01
7.547650000000000192e-01 1.863889999999999991e-01
5.830379999999999452e-01 6.272999999999999930e-03
7.899509999999999588e-01 -1.396199999999999941e-01
8.814279999999999893e-01 -4.584699999999999886e-02
6.262370000000000436e-01 8.517199999999999771e-02
7.579599999999999671e-01 2.112549999999999983e-01
