5.966380000000000017e-01 3.926700000000000329e-02
5.810570000000000457e-01 1.544800000000000062e-01
3.850160000000000249e-01 4.320039999999999991e-01
-4.270109999999999739e-01 -2.075460000000000083e-01
-5.470650000000000235e-01 4.883759999999999768e-01
6.672970000000000290e-01 2.080110000000000015e-01
3.772780000000000022e-01 1.376600000000000046e-02
4.531140000000000168e-01 -3.281529999999999725e-01
7.655659999999999688e-01 5.788599999999999995e-02
7.621040000000000036e-01 -1.376000000000000053e-03
7.512739999999999974e-01 7.973800000000000332e-02
6.678309999999999524e-01 2.505600000000000049e-01
7.021659999999999568e-01 -1.087639999999999996e-01
6.492740000000000178e-01 3.010240000000000138e-01
5.352569999999999828e-01 -1.664420000000000066e-01
-4.599610000000000087e-01 4.371729999999999783e-01
-1.532389999999999863e-01 6.700439999999999729e-01
-1.881499999999999839e-02 -5.336220000000000407e-01
4.985180000000000167e-01 -1.946299999999999975e-01
7.856670000000000043e-01 -2.438500000000000043e-02
-2.276050000000000018e-01 5.360780000000000545e-01
-5.649880000000000457e-01 4.102029999999999843e-01
7.395249999999999879e-01 2.925050000000000150e-01
-1.397909999999999986e-01 6.800680000000000058e-01
-5.220960000000000045e-01 5.879100000000000437e-01
-5.093579999999999774e-01 4.721049999999999969e-01
7.753250000000000419e-01 4.160400000000000209e-01
-4.497820000000000151e-01 8.568399999999999628e-02
4.814769999999999883e-01 1.425430000000000030e-01
-6.552869999999999528e-01 3.177760000000000029e-01
5.645250000000000545e-01 -7.029999999999999791e-03
6.343210000000000237e-01 2.764469999999999983e-01
5.878229999999999844e-01 -1.156340000000000007e-01
6.366739999999999622e-01 8.689500000000000002e-02
3.277349999999999985e-01 -4.137199999999999905e-02
6.980100000000000193e-01 1.346799999999999942e-01
4.609360000000000124e-01 1.162829999999999975e-01
6.326439999999999841e-01 2.162800000000000000e-01
3.145140000000000158e-01 -1.444300000000000028e-01
3.273809999999999776e-01 1.612299999999999844e-02
4.251030000000000086e-01 7.445000000000000229e-02
7.026339999999999808e-01 3.403959999999999764e-01
6.100630000000000219e-01 2.502070000000000127e-01
7.257099999999999662e-02 2.282919999999999949e-01
3.263139999999999930e-01 -2.232100000000000056e-02
3.463430000000000120e-01 1.436900000000000122e-01
2.061040000000000094e-01 -3.453809999999999936e-01
-1.499379999999999880e-01 4.450219999999999732e-01
8.551509999999999945e-01 -1.527219999999999966e-01
3.366469999999999740e-01 -2.252149999999999985e-01
6.885520000000000529e-01 3.379849999999999799e-01
6.278719999999999857e-01 8.197000000000000119e-02
8.103270000000000195e-01 -2.437759999999999927e-01
7.933810000000000029e-01 7.125099999999999489e-02
7.806539999999999591e-01 1.440829999999999889e-01
7.499980000000000535e-01 2.726210000000000022e-01
6.663999999999999924e-01 -4.147599999999999898e-02
6.379879999999999995e-01 -4.372600000000000098e-02
6.560960000000000125e-01 -3.808899999999999786e-02
6.461230000000000029e-01 2.185590000000000033e-01
6.386870000000000047e-01 2.635699999999999849e-02
6.648079999999999545e-01 1.844050000000000133e-01
7.261469999999999869e-01 2.267460000000000031e-01
7.982989999999999808e-01 -1.769580000000000042e-01
7.819530000000000092e-01 3.757300000000000223e-02
6.938900000000000068e-01 4.680250000000000243e-01
5.746099999999999541e-01 4.134760000000000102e-01
4.941380000000000217e-01 2.004640000000000033e-01
4.162290000000000156e-01 4.204470000000000152e-01
5.313360000000000305e-01 2.219810000000000116e-01
3.945839999999999903e-01 3.482879999999999865e-01
6.125009999999999621e-01 1.674789999999999890e-01
5.792399999999999771e-01 3.539820000000000189e-01
-5.627299999999999525e-01 3.160749999999999948e-01
4.085639999999999827e-01 1.562119999999999898e-01
-3.420679999999999832e-01 -1.731209999999999971e-01
6.832200000000000495e-01 1.234890000000000015e-01
-5.827149999999999830e-01 4.451820000000000221e-01
4.988440000000000096e-01 -5.020399999999999863e-02
7.132330000000000059e-01 1.906799999999999884e-01
6.794719999999999649e-01 -7.527499999999999469e-02
-4.049499999999999766e-01 7.436490000000000045e-01
6.030739999999999990e-01 4.180999999999999821e-03
5.168460000000000276e-01 -2.499180000000000013e-01
5.845000000000000195e-01 7.189900000000000457e-02
5.807830000000000492e-01 6.909999999999999910e-04
3.879989999999999828e-01 -2.851580000000000226e-01
4.288919999999999955e-01 -4.520710000000000006e-01
5.003670000000000062e-01 -5.040100000000000136e-02
5.573110000000000008e-01 -4.685000000000000275e-01
-5.629539999999999544e-01 -1.759999999999999954e-04
6.412470000000000114e-01 3.767179999999999973e-01
6.968010000000000037e-01 -7.830700000000000160e-02
3.981129999999999947e-01 9.821699999999999875e-02
4.591120000000000201e-01 2.477290000000000048e-01
4.618769999999999820e-01 2.918499999999999914e-02
4.022700000000000164e-01 -3.301199999999999968e-02
5.411200000000000454e-01 9.269399999999999862e-02
1.876750000000000085e-01 6.941049999999999720e-01
6.004589999999999650e-01 6.967399999999999982e-02
3.579950000000000077e-01 7.176230000000000109e-01
4.133830000000000005e-01 1.305000000000000049e-01
3.379119999999999902e-01 -5.035250000000000004e-01
5.342510000000000314e-01 5.538380000000000525e-01
-1.237739999999999951e-01 -1.798369999999999969e-01
5.708010000000000028e-01 -9.271600000000000674e-02
5.467710000000000070e-01 3.262849999999999917e-01
6.563099999999999490e-01 3.229659999999999753e-01
6.192220000000000502e-01 3.585479999999999778e-01
5.906190000000000051e-01 4.715739999999999932e-01
6.848640000000000283e-01 1.502570000000000017e-01
5.401540000000000230e-01 6.845189999999999886e-01
4.729920000000000235e-01 2.237899999999999889e-01
5.603019999999999667e-01 1.994259999999999922e-01
4.983739999999999837e-01 9.013200000000000378e-02
6.219649999999999901e-01 3.294099999999999806e-02
6.284600000000000186e-01 2.267530000000000101e-01
6.089579999999999993e-01 3.348709999999999742e-01
5.555459999999999843e-01 2.936549999999999994e-01
6.007529999999999815e-01 1.134730000000000044e-01
6.693750000000000533e-01 4.168910000000000116e-01
4.964819999999999789e-01 4.302489999999999926e-01
4.901349999999999874e-01 4.939689999999999914e-01
6.848469999999999835e-01 1.003970000000000001e-01
4.645830000000000237e-01 1.540449999999999875e-01
5.469000000000000528e-01 2.802370000000000139e-01
7.079860000000000042e-01 2.118700000000000097e-02
5.259660000000000446e-01 5.148730000000000251e-01
4.699650000000000216e-01 1.963320000000000065e-01
7.710310000000000219e-01 4.555219999999999825e-01
4.819789999999999908e-01 4.233020000000000116e-01
6.394929999999999781e-01 3.217979999999999730e-01
5.532310000000000283e-01 4.858970000000000233e-01
5.943150000000000377e-01 2.846870000000000234e-01
4.313089999999999979e-01 4.918139999999999734e-01
6.752519999999999634e-01 1.614430000000000032e-01
-2.944539999999999935e-01 7.870000000000000606e-02
5.243510000000000115e-01 2.878709999999999880e-01
6.670639999999999903e-01 1.338910000000000100e-01
6.777360000000000051e-01 4.564909999999999801e-01
4.410049999999999804e-01 2.978489999999999749e-01
6.776689999999999658e-01 2.196249999999999869e-01
3.534550000000000192e-01 6.032159999999999744e-01
4.137620000000000187e-01 2.159780000000000033e-01
4.095630000000000104e-01 3.801109999999999767e-01
6.504259999999999486e-01 4.234499999999999931e-01
6.090889999999999915e-01 2.154790000000000039e-01
5.332160000000000233e-01 3.573109999999999897e-01
5.742040000000000477e-01 1.787539999999999962e-01
5.572479999999999656e-01 3.616500000000000270e-01
5.309469999999999468e-01 3.183679999999999843e-01
5.912279999999999758e-01 3.116740000000000066e-01
5.816909999999999581e-01 6.730700000000000571e-02
5.798339999999999606e-01 2.385549999999999893e-01
6.788560000000000150e-01 3.092820000000000014e-01
-6.058170000000000499e-01 -2.180600000000000038e-01
2.933709999999999929e-01 3.185700000000000198e-01
5.726970000000000116e-01 6.163899999999999935e-02
-2.106449999999999989e-01 6.312740000000000018e-01
4.752060000000000173e-01 3.569530000000000203e-01
7.682719999999999549e-01 1.716380000000000128e-01
5.326910000000000256e-01 -1.158929999999999960e-01
4.220840000000000147e-01 -1.791030000000000122e-01
7.097000000000000010e-03 5.954409999999999981e-01
5.032229999999999759e-01 -1.730430000000000024e-01
2.717499999999999916e-01 -3.712949999999999862e-01
6.341700000000000115e-01 1.726800000000000002e-01
6.703090000000000437e-01 3.020800000000000152e-01
6.072940000000000005e-01 2.136899999999999911e-01
-4.746130000000000071e-01 -2.680339999999999945e-01
1.341080000000000050e-01 5.316900000000000098e-02
-5.479009999999999714e-01 -2.551249999999999907e-01
3.932519999999999905e-01 -2.172709999999999919e-01
-3.268190000000000262e-01 4.999620000000000175e-01
-4.481350000000000056e-01 5.198199999999999488e-01
-3.148989999999999845e-01 3.350600000000000245e-01
-3.578779999999999739e-01 7.365450000000000053e-01
-1.731509999999999994e-01 7.003359999999999586e-01
-4.497320000000000206e-01 6.454429999999999890e-01
-5.941790000000000127e-01 4.958819999999999895e-01
-6.931230000000000446e-01 1.948999999999999899e-01
-6.534809999999999786e-01 4.017720000000000180e-01
-6.750570000000000181e-01 2.904800000000000090e-02
-4.404129999999999989e-01 6.493189999999999795e-01
-2.467159999999999909e-01 -3.009439999999999893e-01
8.591300000000000325e-02 -1.583239999999999925e-01
4.545890000000000208e-01 -2.633940000000000170e-01
-5.304959999999999676e-01 3.815060000000000118e-01
4.812520000000000131e-01 -1.153249999999999970e-01
-6.541489999999999805e-01 3.961850000000000094e-01
4.179169999999999829e-01 -2.608190000000000230e-01
2.999229999999999952e-01 1.630790000000000017e-01
4.381180000000000074e-01 -3.099810000000000065e-01
5.483270000000000088e-01 1.892979999999999940e-01
4.789950000000000041e-01 4.783699999999999758e-02
6.781160000000000521e-01 1.962830000000000130e-01
-4.785079999999999889e-01 -2.544719999999999760e-01
3.202340000000000186e-01 4.399859999999999882e-01
6.973089999999999566e-01 2.513679999999999803e-01
-6.354119999999999768e-01 -8.419899999999999607e-02
5.728640000000000398e-01 2.999700000000000144e-01
5.303149999999999809e-01 -2.381540000000000046e-01
6.117380000000000040e-01 2.146560000000000135e-01
6.125739999999999519e-01 2.955439999999999734e-01
7.716319999999999846e-01 5.086000000000000243e-02
5.655780000000000252e-01 -6.303400000000000669e-02
6.728269999999999529e-01 9.139600000000000501e-02
9.031930000000000236e-01 1.774640000000000106e-01
6.286869999999999958e-01 3.316250000000000031e-01
5.126889999999999503e-01 7.322599999999999942e-02
7.067820000000000213e-01 3.709000000000000057e-03
6.158930000000000238e-01 1.206509999999999944e-01
5.144809999999999661e-01 8.611499999999999710e-02
7.191650000000000542e-01 1.014179999999999943e-01
6.225730000000000430e-01 3.192849999999999855e-01
7.056890000000000107e-01 1.422110000000000041e-01
5.669189999999999507e-01 2.097449999999999870e-01
6.307930000000000481e-01 3.736780000000000102e-01
6.152649999999999508e-01 1.535100000000000006e-02
5.247209999999999930e-01 -1.515640000000000043e-01
6.316760000000000153e-01 2.847870000000000124e-01
7.608260000000000023e-01 2.426860000000000128e-01
4.892190000000000150e-01 1.338949999999999863e-01
-1.174400000000000027e-01 2.815239999999999965e-01
6.832040000000000335e-01 5.334300000000000153e-02
-5.435670000000000224e-01 3.508209999999999940e-01
5.076749999999999874e-01 -3.145999999999999925e-03
-4.692839999999999789e-01 5.568729999999999514e-01
-6.649639999999999995e-01 2.783709999999999796e-01
-7.003740000000000521e-01 3.984730000000000216e-01
-1.448689999999999978e-01 5.662479999999999736e-01
-1.218120000000000036e-01 4.972750000000000226e-01
5.732610000000000205e-01 1.036159999999999998e-01
-1.297740000000000005e-01 7.434779999999999722e-01
6.389230000000000187e-01 6.765500000000000680e-02
-5.261989999999999723e-01 1.147839999999999971e-01
5.649309999999999610e-01 7.603899999999999548e-02
6.588730000000000420e-01 2.046620000000000106e-01
3.670220000000000149e-01 -2.601840000000000264e-01
-9.745900000000000396e-02 7.593980000000000175e-01
-2.222020000000000106e-01 6.032110000000000527e-01
-7.931350000000000344e-01 3.237789999999999835e-01
3.172440000000000260e-01 4.449159999999999782e-01
-1.636019999999999974e-01 6.488549999999999596e-01
-3.771920000000000273e-01 8.467390000000000194e-01
5.505399999999999877e-02 -8.701000000000000401e-03
-6.689960000000000351e-01 1.037580000000000030e-01
6.863839999999999941e-01 -2.116669999999999940e-01
5.981260000000000465e-01 3.750410000000000132e-01
5.568570000000000464e-01 2.605239999999999778e-01
6.788319999999999910e-01 1.101140000000000035e-01
7.009999999999999565e-01 1.573199999999999876e-01
5.073199999999999932e-01 1.993360000000000132e-01
3.302809999999999913e-01 -2.861500000000000155e-01
3.323769999999999780e-01 -6.262050000000000116e-01
6.475340000000000540e-01 4.655070000000000041e-01
6.518659999999999455e-01 -2.522739999999999982e-01
6.479930000000000412e-01 -2.071340000000000126e-01
-3.769419999999999993e-01 1.335699999999999943e-01
-3.307189999999999852e-01 -1.506099999999999939e-01
7.213209999999999900e-01 -1.099740000000000023e-01
3.893630000000000146e-01 -2.550790000000000002e-01
6.282200000000000284e-02 -2.687910000000000021e-01
3.406300000000000300e-02 3.178440000000000154e-01
-7.222739999999999716e-01 2.141760000000000053e-01
5.760049999999999892e-01 -4.561370000000000147e-01
-6.354440000000000088e-01 1.216480000000000061e-01
-4.820969999999999978e-01 6.513229999999999853e-01
-5.237570000000000281e-01 4.481240000000000223e-01
-4.513280000000000070e-01 7.059729999999999617e-01
-5.442679999999999740e-01 6.283539999999999681e-01
-3.221559999999999979e-01 3.048910000000000231e-01
-3.915129999999999999e-01 6.158919999999999950e-01
-6.338409999999999878e-01 6.046859999999999458e-01
-1.154170000000000057e-01 5.650209999999999955e-01
-3.119540000000000091e-01 2.455970000000000097e-01
-6.413349999999999884e-01 4.984799999999999787e-01
5.271559999999999580e-01 3.354759999999999964e-01
6.495549999999999935e-01 1.411799999999999999e-01
7.500229999999999952e-01 2.264369999999999994e-01
5.711559999999999970e-01 4.222259999999999902e-01
7.246770000000000156e-01 2.018280000000000074e-01
7.399430000000000174e-01 3.011420000000000208e-01
5.129139999999999810e-01 4.926760000000000028e-01
7.815379999999999550e-01 1.429850000000000010e-01
7.400980000000000336e-01 4.534139999999999837e-01
6.968659999999999854e-01 3.319400000000000128e-02
7.591059999999999475e-01 2.941670000000000118e-01
6.514199999999999990e-01 2.392980000000000107e-01
7.148980000000000334e-01 5.248000000000000442e-01
6.745729999999999782e-01 2.906380000000000075e-01
6.584410000000000540e-01 3.663549999999999862e-01
7.640310000000000157e-01 1.320099999999999885e-01
7.934339999999999726e-01 2.093140000000000001e-01
7.657450000000000090e-01 6.082900000000000112e-02
8.185930000000000151e-01 1.902999999999999969e-01
-3.349429999999999907e-01 5.456060000000000354e-01
-6.678070000000000395e-01 2.207409999999999928e-01
-4.463570000000000038e-01 2.834229999999999805e-01
-5.868799999999999573e-01 3.869850000000000234e-01
2.725949999999999762e-01 -3.965710000000000068e-01
-4.545680000000000276e-01 -1.349789999999999879e-01
6.754010000000000291e-01 4.828600000000000253e-02
-5.935369999999999813e-01 -1.836899999999999991e-02
6.775980000000000336e-01 -3.909619999999999762e-01
-4.576390000000000180e-01 2.245949999999999891e-01
6.761220000000000008e-01 9.603899999999999937e-02
6.389489999999999892e-01 -1.029069999999999985e-01
4.496060000000000056e-01 4.455569999999999808e-01
5.928830000000000489e-01 4.771839999999999971e-01
8.123890000000000278e-01 3.943579999999999863e-01
6.258200000000000429e-01 3.877149999999999763e-01
7.186489999999999823e-01 3.201709999999999834e-01
5.422869999999999635e-01 -3.027520000000000211e-01
5.875380000000000047e-01 1.078520000000000034e-01
5.077310000000000434e-01 2.967910000000000270e-01
6.217749999999999666e-01 -3.804000000000000090e-03
7.067590000000000261e-01 2.735179999999999834e-01
6.007339999999999902e-01 2.901300000000000059e-02
6.767090000000000050e-01 1.160240000000000021e-01
7.104070000000000107e-01 1.626879999999999993e-01
5.935190000000000188e-01 3.110439999999999872e-01
6.051180000000000447e-01 1.151800000000000046e-01
5.627790000000000292e-01 3.718600000000000239e-01
3.993470000000000075e-01 5.117690000000000294e-01
5.873450000000000060e-01 3.307660000000000045e-01
4.759249999999999869e-01 4.416729999999999823e-01
6.114260000000000250e-01 3.460260000000000002e-01
5.694960000000000022e-01 2.628059999999999841e-01
6.631340000000000012e-01 4.464699999999999780e-01
4.997210000000000263e-01 2.518650000000000055e-01
5.678339999999999499e-01 3.205970000000000208e-01
6.995919999999999916e-01 -1.087019999999999931e-01
5.916130000000000555e-01 -1.206320000000000031e-01
6.788149999999999462e-01 8.648200000000000331e-02
5.211710000000000509e-01 -1.917550000000000088e-01
6.352609999999999646e-01 4.431610000000000271e-01
7.147740000000000204e-01 4.379100000000000215e-01
7.231090000000000018e-01 -6.606099999999999473e-02
5.205210000000000115e-01 5.719330000000000247e-01
6.098620000000000152e-01 4.564860000000000029e-01
6.153119999999999701e-01 2.377890000000000004e-01
-4.795240000000000058e-01 4.093789999999999929e-01
6.640920000000000156e-01 2.619870000000000254e-01
8.506019999999999692e-01 -5.751200000000000062e-02
6.359019999999999673e-01 -3.955899999999999694e-02
6.720819999999999572e-01 7.948500000000000010e-02
5.413879999999999804e-01 3.679339999999999833e-01
6.541820000000000412e-01 1.505589999999999984e-01
5.479969999999999564e-01 -3.872000000000000008e-03
-3.251720000000000166e-01 4.589230000000000254e-01
6.275399999999999867e-01 9.013799999999999590e-02
4.145710000000000228e-01 6.401400000000000423e-01
5.572899999999999521e-01 4.761639999999999762e-01
5.868790000000000395e-01 5.350289999999999768e-01
5.040850000000000053e-01 1.957579999999999876e-01
-1.030700000000000019e-02 2.548710000000000142e-01
6.395509999999999806e-01 1.101580000000000059e-01
6.029320000000000235e-01 4.047520000000000007e-01
6.421869999999999523e-01 4.690280000000000005e-01
5.228650000000000242e-01 6.321900000000000297e-01
5.132050000000000223e-01 3.691300000000000137e-02
5.144349999999999756e-01 4.605659999999999754e-01
4.399250000000000105e-01 1.949819999999999887e-01
7.099410000000000442e-01 2.071359999999999868e-01
4.818810000000000038e-01 4.411300000000000221e-01
5.469669999999999810e-01 2.929789999999999894e-01
7.425589999999999691e-01 4.550139999999999740e-01
-4.442450000000000010e-01 5.233529999999999571e-01
-1.575199999999999934e-01 8.457200000000000273e-01
-4.003249999999999864e-01 6.146329999999999849e-01
5.250240000000000462e-01 -6.605999999999999893e-03
8.631870000000000376e-01 1.322409999999999974e-01
5.183799999999999519e-01 3.160569999999999768e-01
3.145540000000000003e-01 -2.377019999999999966e-01
4.112370000000000192e-01 -3.701189999999999758e-01
2.701370000000000160e-01 1.281019999999999937e-01
-4.428230000000000222e-01 1.265670000000000128e-01
4.304080000000000128e-01 -8.223600000000000354e-02
4.501729999999999898e-01 2.662590000000000234e-01
2.838450000000000140e-01 -4.223799999999999777e-02
4.331880000000000175e-01 5.608640000000000292e-01
-5.574130000000000473e-01 4.606210000000000027e-01
-5.132379999999999720e-01 -1.554260000000000086e-01
3.723440000000000083e-01 3.154640000000000222e-01
-5.766869999999999497e-01 4.782230000000000092e-01
5.813249999999999806e-01 8.231999999999999734e-03
1.170520000000000033e-01 1.825519999999999921e-01
5.772429999999999506e-01 3.143219999999999903e-01
5.644580000000000153e-01 -2.596789999999999932e-01
4.750090000000000146e-01 -6.931999999999999794e-03
5.858130000000000281e-01 2.296860000000000013e-01
4.404669999999999974e-01 -2.010879999999999890e-01
5.094009999999999927e-01 -3.009580000000000033e-01
1.678399999999999892e-01 5.218000000000000416e-03
9.782899999999999929e-02 4.124650000000000261e-01
5.869889999999999830e-01 -2.600700000000000234e-01
-5.545799999999999619e-01 2.454099999999999893e-01
-2.053400000000000017e-02 4.303299999999999903e-01
5.340669999999999584e-01 1.060730000000000006e-01
5.289449999999999985e-01 -1.137419999999999959e-01
1.580239999999999978e-01 2.452670000000000128e-01
4.606720000000000259e-01 3.392629999999999812e-01
5.997040000000000148e-01 3.140069999999999806e-01
-5.324750000000000316e-01 -1.134750000000000064e-01
-5.772110000000000296e-01 1.078599999999999975e-01
-5.650570000000000315e-01 -1.902999999999999969e-01
5.638079999999999758e-01 2.736540000000000084e-01
7.302300000000000457e-02 -9.908599999999999353e-02
2.426760000000000028e-01 -6.365279999999999827e-01
3.509109999999999729e-01 2.764469999999999983e-01
3.539510000000000156e-01 9.850100000000000522e-02
6.167289999999999717e-01 3.671740000000000004e-01
-5.055150000000000476e-01 4.862130000000000063e-01
-3.446230000000000127e-01 6.696100000000000385e-01
-1.624750000000000083e-01 6.160560000000000480e-01
5.339139999999999997e-01 1.697099999999999997e-02
6.108280000000000376e-01 -3.366999999999999854e-02
2.368429999999999980e-01 -1.797239999999999949e-01
7.501529999999999587e-01 2.578449999999999909e-01
4.724479999999999791e-01 5.124859999999999971e-01
5.537509999999999932e-01 5.280479999999999619e-01
5.960170000000000190e-01 2.402890000000000026e-01
4.681379999999999986e-01 2.497459999999999958e-01
3.906060000000000088e-01 3.866260000000000252e-01
5.350909999999999833e-01 3.427470000000000239e-01
6.668819999999999748e-01 5.209600000000000342e-02
6.222769999999999690e-01 4.146380000000000066e-01
6.256350000000000522e-01 3.606900000000000106e-01
8.118520000000000181e-01 -3.268739999999999979e-01
7.039370000000000349e-01 6.115899999999999809e-02
-6.955259999999999776e-01 -8.201899999999999469e-02
-3.481870000000000243e-01 4.730550000000000033e-01
6.609490000000000087e-01 -3.061900000000000038e-02
5.327490000000000281e-01 -2.143049999999999955e-01
5.323660000000000059e-01 1.011419999999999958e-01
3.365569999999999951e-01 3.899999999999999821e-03
5.244060000000000388e-01 8.817700000000000538e-02
5.683460000000000178e-01 -1.797519999999999951e-01
5.715839999999999810e-01 -1.414910000000000057e-01
5.445360000000000200e-01 2.776500000000000148e-02
-5.380380000000000162e-01 -2.675200000000000147e-02
3.804270000000000151e-01 -7.327899999999999692e-02
5.537189999999999612e-01 3.002469999999999861e-01
6.188209999999999544e-01 4.797690000000000010e-01
6.999849999999999683e-01 1.046160000000000007e-01
4.581580000000000097e-01 4.754789999999999850e-01
-2.206589999999999940e-01 -3.340940000000000021e-01
5.096770000000000467e-01 6.169639999999999569e-01
4.555509999999999837e-01 -4.910199999999999981e-02
-1.342990000000000017e-01 -6.893999999999999954e-03
5.341580000000000217e-01 -4.462539999999999840e-01
6.058810000000000029e-01 1.916380000000000028e-01
4.509779999999999900e-01 4.581600000000000256e-02
6.246350000000000513e-01 -1.312369999999999925e-01
-4.490529999999999800e-01 -3.161169999999999813e-01
5.444280000000000230e-01 1.667929999999999968e-01
-5.234090000000000131e-01 3.162820000000000076e-01
7.774750000000000272e-01 2.459749999999999992e-01
5.603169999999999540e-01 2.125700000000000159e-02
5.115340000000000442e-01 3.705289999999999973e-01
5.295530000000000515e-01 1.005680000000000046e-01
-4.959430000000000227e-01 -1.781540000000000068e-01
4.144430000000000058e-01 -1.965099999999999902e-01
3.925440000000000040e-01 -6.535299999999999443e-02
7.152089999999999836e-01 4.963299999999999657e-02
-4.697290000000000076e-01 -8.565599999999999603e-02
-5.716040000000000010e-01 3.919219999999999926e-01
-1.447700000000000098e-01 5.809440000000000159e-01
-4.189140000000000086e-01 3.412620000000000098e-01
-5.615059999999999496e-01 4.539790000000000214e-01
-5.641019999999999923e-01 3.030100000000000154e-02
6.385009999999999852e-01 -1.150359999999999994e-01
4.520870000000000166e-01 -2.164099999999999913e-01
-4.570839999999999903e-01 -2.181750000000000078e-01
3.754870000000000152e-01 2.453500000000000125e-02
5.299540000000000362e-01 3.844500000000000139e-01
5.466400000000000148e-01 1.758720000000000006e-01
6.824599999999999556e-01 4.638209999999999833e-01
4.634989999999999943e-01 5.198260000000000103e-01
7.192180000000000240e-01 2.969999999999999862e-01
5.481740000000000501e-01 3.438499999999999890e-01
5.261829999999999563e-01 1.721759999999999957e-01
6.255540000000000544e-01 5.864310000000000356e-01
4.729860000000000175e-01 2.346040000000000070e-01
7.215319999999999512e-01 -3.983889999999999931e-01
-3.797280000000000100e-01 7.197050000000000392e-01
-1.283769999999999911e-01 6.033429999999999627e-01
-4.856550000000000034e-01 2.945139999999999980e-01
-4.931019999999999848e-01 6.200590000000000268e-01
6.535009999999999986e-01 2.398210000000000064e-01
2.784460000000000268e-01 -5.962910000000000155e-01
6.792259999999999964e-01 2.592530000000000112e-01
7.365680000000000005e-01 1.697099999999999997e-02
7.088529999999999553e-01 1.017860000000000015e-01
5.705170000000000519e-01 6.239510000000000334e-01
5.674649999999999972e-01 5.239810000000000301e-01
5.002199999999999980e-01 4.748589999999999756e-01
4.628129999999999744e-01 9.044399999999999662e-02
5.468239999999999768e-01 1.526099999999999957e-01
7.531130000000000324e-01 3.136709999999999776e-01
-2.501570000000000182e-01 7.162809999999999455e-01
-3.081920000000000215e-01 7.755100000000000326e-01
-6.586370000000000280e-01 4.422519999999999785e-01
-3.022099999999999786e-01 5.648640000000000327e-01
-4.785780000000000034e-01 3.962200000000000166e-01
-6.731549999999999478e-01 2.063609999999999889e-01
1.877200000000000049e-02 -3.403789999999999871e-01
6.323400000000000132e-01 -1.194349999999999995e-01
4.038539999999999908e-01 -1.243889999999999996e-01
2.734320000000000084e-01 -1.145710000000000062e-01
-3.354480000000000239e-01 6.412210000000000409e-01
-5.129639999999999755e-01 5.606299999999999617e-01
-4.400330000000000075e-01 2.635509999999999797e-01
4.784059999999999979e-01 4.836599999999999788e-01
-5.208070000000000199e-01 -3.939600000000000046e-02
4.477010000000000156e-01 -1.216980000000000006e-01
4.511109999999999842e-01 -4.417100000000000193e-02
6.202229999999999688e-01 3.220970000000000222e-01
5.071059999999999457e-01 4.978029999999999955e-01
6.112279999999999935e-01 5.429079999999999462e-01
6.021429999999999838e-01 3.618230000000000057e-01
4.772980000000000000e-01 1.643149999999999888e-01
4.082680000000000198e-01 4.359310000000000129e-01
6.061790000000000234e-01 2.823510000000000186e-01
6.312740000000000018e-01 -1.227379999999999999e-01
5.926160000000000316e-01 1.288930000000000076e-01
5.623209999999999598e-01 2.760230000000000183e-01
6.465090000000000003e-01 3.713549999999999907e-01
6.376290000000000013e-01 4.630670000000000064e-01
7.379310000000000036e-01 3.132480000000000264e-01
4.268029999999999879e-01 1.874129999999999963e-01
4.080019999999999758e-01 4.273640000000000216e-01
4.563719999999999999e-01 2.648119999999999918e-01
6.056780000000000497e-01 3.657520000000000215e-01
4.256590000000000096e-01 4.606649999999999912e-01
6.342480000000000340e-01 3.927300000000000235e-01
5.697339999999999627e-01 3.322189999999999865e-01
6.264229999999999521e-01 2.175630000000000064e-01
5.379460000000000353e-01 6.459089999999999554e-01
5.980069999999999553e-01 -2.040300000000000100e-02
4.286889999999999867e-01 5.422299999999999898e-01
5.939689999999999692e-01 3.961919999999999886e-01
6.370179999999999731e-01 4.209930000000000061e-01
4.708120000000000083e-01 2.263550000000000006e-01
4.295470000000000121e-01 9.017100000000000115e-02
7.570149999999999935e-01 2.750330000000000275e-01
4.358830000000000204e-01 2.558599999999999763e-01
5.343480000000000452e-01 5.034030000000000449e-01
3.454639999999999933e-01 2.049420000000000130e-01
6.179519999999999458e-01 3.165089999999999848e-01
2.794619999999999882e-01 6.378059999999999841e-01
5.674169999999999492e-01 3.162889999999999868e-01
6.667880000000000473e-01 4.312300000000000022e-01
6.531700000000000284e-01 8.443299999999999417e-02
5.507900000000000018e-01 3.796030000000000237e-01
5.530819999999999625e-01 3.867289999999999894e-01
6.432740000000000125e-01 3.849639999999999729e-01
1.633699999999999875e-01 -3.202189999999999759e-01
4.509059999999999735e-01 4.281389999999999918e-01
3.994199999999999973e-01 2.153970000000000051e-01
6.258169999999999566e-01 1.016090000000000049e-01
7.811050000000000493e-01 1.616190000000000127e-01
5.325389999999999846e-01 5.815580000000000194e-01
4.964040000000000119e-01 4.622060000000000057e-01
6.893350000000000311e-01 2.418379999999999974e-01
4.973179999999999823e-01 4.071170000000000067e-01
5.064130000000000020e-01 2.451889999999999903e-01
6.833979999999999499e-01 3.371160000000000267e-01
5.146570000000000311e-01 2.224639999999999951e-01
5.988989999999999592e-01 8.635500000000000120e-02
6.031429999999999847e-01 3.810660000000000158e-01
5.296359999999999957e-01 3.839560000000000195e-01
6.123100000000000209e-01 1.455430000000000057e-01
5.946219999999999839e-01 1.105809999999999987e-01
5.992769999999999486e-01 1.216959999999999986e-01
4.662799999999999723e-01 2.279180000000000095e-01
5.599530000000000340e-01 3.575699999999999712e-02
6.207880000000000065e-01 1.266539999999999888e-01
5.279070000000000151e-01 2.301269999999999982e-01
5.024300000000000432e-01 3.682460000000000178e-01
6.511149999999999993e-01 4.865639999999999965e-01
5.542030000000000012e-01 5.824829999999999730e-01
6.589869999999999894e-01 2.920650000000000190e-01
5.233520000000000394e-01 5.063000000000000139e-02
4.935519999999999907e-01 3.305100000000000260e-01
4.490540000000000087e-01 3.896129999999999871e-01
6.339780000000000415e-01 1.296660000000000035e-01
6.076019999999999754e-01 1.135250000000000009e-01
4.150360000000000160e-01 6.909000000000000211e-03
7.071870000000000100e-01 1.894760000000000055e-01
4.948040000000000216e-01 3.898679999999999923e-01
5.322280000000000344e-01 3.171820000000000195e-01
4.526270000000000016e-01 3.425000000000000266e-01
3.833150000000000168e-01 3.464059999999999917e-01
2.284210000000000129e-01 2.365130000000000010e-01
6.372120000000000006e-01 2.554230000000000111e-01
5.978980000000000405e-01 3.191490000000000160e-01
5.804439999999999600e-01 1.308199999999999918e-01
4.503719999999999946e-01 6.207819999999999450e-01
5.952640000000000153e-01 3.527830000000000132e-01
5.419840000000000213e-01 2.601089999999999791e-01
6.196840000000000126e-01 2.052579999999999960e-01
4.285519999999999885e-01 4.115300000000000069e-01
5.183590000000000142e-01 3.347100000000000075e-01
4.715079999999999827e-01 2.471619999999999928e-01
5.448220000000000285e-01 1.382500000000000118e-01
5.949060000000000459e-01 4.017850000000000033e-01
6.116209999999999702e-01 4.027800000000000130e-02
5.201679999999999637e-01 3.725390000000000090e-01
6.799269999999999481e-01 4.249430000000000152e-01
5.294379999999999642e-01 4.226309999999999789e-01
5.590910000000000046e-01 3.756950000000000012e-01
5.775660000000000238e-01 7.181800000000000683e-02
5.804899999999999505e-01 4.193899999999999850e-01
6.025740000000000540e-01 9.141799999999999926e-02
4.602629999999999777e-01 -1.898700000000000040e-02
5.049639999999999684e-01 3.767059999999999853e-01
4.513829999999999787e-01 3.225459999999999994e-01
3.225250000000000061e-01 4.636100000000000221e-01
6.011140000000000372e-01 5.590000000000000351e-04
5.505670000000000286e-01 1.425339999999999940e-01
6.264300000000000423e-01 4.384210000000000051e-01
5.742310000000000469e-01 1.747900000000000009e-01
5.694569999999999910e-01 2.709690000000000154e-01
6.041910000000000336e-01 2.075589999999999935e-01
4.135489999999999999e-01 5.450909999999999922e-01
7.040689999999999449e-01 1.287959999999999938e-01
5.720089999999999897e-01 3.593779999999999752e-01
2.596339999999999759e-01 6.015679999999999916e-01
4.025340000000000029e-01 7.164899999999999602e-01
-5.551549999999999541e-01 6.266800000000000148e-01
-9.471000000000000252e-02 3.393289999999999917e-01
-2.276590000000000003e-01 6.887269999999999781e-01
4.201559999999999739e-01 2.782519999999999993e-01
4.511549999999999727e-01 -9.547500000000000431e-02
4.180440000000000267e-01 -2.725500000000000145e-02
5.894599999999999840e-01 4.832609999999999961e-01
8.526499999999999357e-02 6.690829999999999833e-01
-3.437200000000000255e-01 -4.345760000000000178e-01
6.349310000000000231e-01 1.069559999999999955e-01
-2.794730000000000270e-01 3.907769999999999855e-01
6.297559999999999825e-01 1.553759999999999863e-01
7.167759999999999687e-01 8.234299999999999953e-02
3.249710000000000099e-01 8.751000000000000098e-03
-1.895940000000000125e-01 6.767609999999999459e-01
4.750309999999999810e-01 2.249220000000000108e-01
-2.564150000000000040e-01 1.747579999999999967e-01
-6.171680000000000499e-01 -1.299420000000000019e-01
-3.860560000000000103e-01 -4.831810000000000271e-01
4.896659999999999902e-01 4.991199999999999803e-02
-5.324609999999999621e-01 -3.566570000000000018e-01
-1.156999999999999973e-01 -6.741530000000000022e-01
4.974419999999999953e-01 2.137660000000000116e-01
3.929070000000000062e-01 -2.515519999999999978e-01
9.163839999999999764e-01 1.152149999999999980e-01
3.703819999999999890e-01 3.873119999999999896e-01
-4.213649999999999896e-01 -3.057500000000000148e-02
-4.959310000000000107e-01 5.282930000000000126e-01
2.995880000000000210e-01 -3.814029999999999920e-01
6.480600000000000249e-02 3.273760000000000003e-01
-7.173089999999999744e-01 3.473209999999999908e-01
4.659869999999999846e-01 -3.864900000000000002e-01
5.630260000000000264e-01 1.727509999999999879e-01
6.702949999999999742e-01 2.215200000000000155e-02
5.095100000000000184e-01 3.461009999999999920e-01
6.441219999999999724e-01 -3.584500000000000186e-02
7.946769999999999667e-01 3.189500000000000113e-01
5.742749999999999799e-01 -7.657899999999999430e-02
-5.975009999999999488e-01 -5.865800000000000181e-02
5.434879999999999711e-01 -1.335030000000000105e-01
3.779850000000000154e-01 5.042269999999999808e-01
7.294920000000000293e-01 1.040499999999999932e-02
4.255999999999999783e-01 7.652699999999999780e-02
5.585430000000000117e-01 2.946590000000000042e-01
5.691330000000000000e-01 1.977939999999999976e-01
4.721520000000000161e-01 2.836569999999999925e-01
8.183420000000000138e-01 2.099699999999999830e-02
6.989619999999999722e-01 -2.460380000000000067e-01
2.962520000000000153e-01 -2.091870000000000118e-01
5.933209999999999873e-01 -1.820700000000000096e-02
5.147509999999999586e-01 -1.827360000000000095e-01
2.501700000000000035e-01 -1.927349999999999897e-01
6.725600000000000467e-01 3.164390000000000258e-01
7.307400000000000007e-02 -2.924880000000000257e-01
5.273780000000000134e-01 5.530299999999999799e-02
4.690610000000000057e-01 4.644610000000000127e-01
5.404689999999999772e-01 -7.376999999999999877e-03
7.413629999999999942e-01 1.935880000000000101e-01
6.075970000000000537e-01 2.614800000000000110e-02
2.509790000000000076e-01 -1.624700000000000102e-02
5.642380000000000173e-01 2.596200000000000174e-01
4.494029999999999969e-01 -4.194699999999999818e-02
6.653700000000000170e-01 -1.213179999999999953e-01
6.323579999999999757e-01 4.202049999999999952e-01
6.743099999999999650e-01 1.702879999999999949e-01
5.637539999999999774e-01 4.171730000000000160e-01
6.058470000000000244e-01 2.593499999999999972e-02
5.172109999999999763e-01 3.624299999999999744e-02
4.782469999999999777e-01 3.152599999999999847e-02
5.428009999999999780e-01 2.575399999999999912e-02
6.113089999999999913e-01 1.139170000000000044e-01
4.962650000000000117e-01 1.419499999999999929e-02
-5.009500000000000064e-01 4.836820000000000008e-01
4.618479999999999808e-01 -1.297000000000000063e-02
5.118800000000000017e-01 5.779399999999999815e-02
3.822380000000000222e-01 -4.201289999999999747e-01
5.760570000000000412e-01 8.878800000000000581e-02
4.791590000000000016e-01 -3.961900000000000144e-02
-6.310170000000000501e-01 2.657749999999999835e-01
3.372490000000000210e-01 1.616259999999999919e-01
-1.559129999999999960e-01 4.467659999999999965e-01
6.892869999999999830e-01 1.782469999999999888e-01
4.778910000000000102e-01 3.464799999999999824e-02
-4.972869999999999790e-01 1.265660000000000118e-01
6.751840000000000064e-01 1.042270000000000002e-01
6.159559999999999480e-01 2.928800000000000153e-02
6.289519999999999555e-01 2.785050000000000026e-01
5.754979999999999540e-01 7.902399999999999702e-02
4.785340000000000149e-01 6.211370000000000502e-01
5.470990000000000020e-01 -7.874699999999999755e-02
5.893369999999999997e-01 -2.508399999999999866e-02
4.781409999999999827e-01 1.810309999999999975e-01
5.534459999999999935e-01 -1.793420000000000014e-01
5.482660000000000311e-01 5.401709999999999567e-01
5.970910000000000384e-01 2.770349999999999757e-01
5.208260000000000112e-01 6.715680000000000538e-01
7.160100000000000353e-01 3.888670000000000182e-01
5.810819999999999874e-01 2.829229999999999801e-01
7.669430000000000414e-01 -1.160869999999999957e-01
-1.879720000000000002e-01 4.737020000000000119e-01
6.249160000000000270e-01 3.345150000000000068e-01
5.902150000000000452e-01 3.105430000000000135e-01
4.015380000000000060e-01 2.251900000000000082e-02
6.821340000000000181e-01 9.172299999999999898e-02
6.449080000000000368e-01 1.834679999999999922e-01
-6.867490000000000538e-01 7.624799999999999633e-02
5.780119999999999703e-01 -6.357000000000000151e-02
2.800839999999999996e-01 -3.014890000000000070e-01
-6.466300000000000381e-01 1.449899999999999974e-02
-5.969740000000000046e-01 -2.047910000000000008e-01
4.820030000000000148e-01 -9.344600000000000128e-02
3.663359999999999950e-01 9.108600000000000030e-02
6.003920000000000368e-01 4.659889999999999866e-01
6.986930000000000085e-01 2.996280000000000054e-01
5.929079999999999906e-01 3.290350000000000219e-01
-4.883390000000000231e-01 2.158619999999999983e-01
6.046270000000000255e-01 -5.870299999999999824e-02
4.239009999999999723e-01 -8.831400000000000361e-02
6.622270000000000101e-01 2.990699999999999956e-02
5.715459999999999985e-01 -3.251799999999999830e-02
5.777149999999999785e-01 2.021489999999999954e-01
5.146950000000000136e-01 2.280010000000000092e-01
4.114650000000000252e-01 2.192949999999999899e-01
5.739290000000000225e-01 -6.162499999999999922e-02
5.727820000000000134e-01 -3.110699999999999923e-02
5.513010000000000410e-01 -2.018379999999999896e-01
5.210869999999999669e-01 -9.532499999999999307e-02
3.447919999999999874e-01 -2.556089999999999751e-01
5.778010000000000090e-01 1.613870000000000027e-01
8.002979999999999539e-01 5.491900000000000254e-02
6.322799999999999532e-01 2.013220000000000010e-01
7.683950000000000502e-01 5.555000000000000042e-03
8.433399999999999785e-01 4.466699999999999837e-02
6.056669999999999554e-01 5.169780000000000486e-01
6.362579999999999902e-01 4.388899999999999746e-02
-5.550370000000000026e-01 -2.182600000000000165e-02
-6.811850000000000405e-01 3.205760000000000276e-01
-5.839020000000000321e-01 6.282349999999999879e-01
4.423130000000000117e-01 2.873209999999999931e-01
6.238080000000000291e-01 4.167900000000000077e-02
5.162160000000000082e-01 2.309130000000000071e-01
5.874000000000000332e-01 5.440699999999999703e-02
4.769439999999999791e-01 4.045900000000000191e-02
2.766830000000000123e-01 8.392399999999999860e-02
5.719370000000000287e-01 2.488559999999999939e-01
4.514150000000000107e-01 -2.313399999999999831e-02
7.654830000000000245e-01 6.662700000000000566e-02
5.932309999999999528e-01 3.476279999999999926e-01
5.187279999999999669e-01 2.115699999999999872e-02
6.566560000000000175e-01 -2.567840000000000122e-01
5.217000000000000526e-01 1.413540000000000074e-01
4.740690000000000182e-01 2.706990000000000229e-01
6.356009999999999716e-01 -9.013999999999999443e-03
4.462380000000000235e-01 1.094610000000000027e-01
6.288019999999999721e-01 3.236850000000000005e-01
2.794000000000000043e-03 5.305769999999999653e-01
6.562599999999999545e-01 -3.337699999999999695e-02
6.024119999999999475e-01 8.318399999999999406e-02
6.496849999999999570e-01 1.358659999999999868e-01
5.923260000000000192e-01 4.734430000000000027e-01
7.293969999999999620e-01 6.377700000000000036e-02
4.693769999999999887e-01 3.242800000000000127e-01
5.398810000000000553e-01 6.213610000000000522e-01
7.735750000000000126e-01 1.474509999999999987e-01
5.981739999999999835e-01 4.850999999999999757e-02
6.112819999999999920e-01 1.536480000000000068e-01
5.754299999999999971e-01 1.619100000000000053e-02
4.714130000000000265e-01 6.983449999999999935e-01
-4.823049999999999837e-01 4.868399999999999950e-01
5.156690000000000440e-01 2.468239999999999879e-01
-5.752329999999999943e-01 -3.142449999999999966e-01
7.358780000000000321e-01 2.043909999999999894e-01
-8.661900000000000155e-02 2.428389999999999993e-01
3.570949999999999958e-01 7.556899999999999729e-02
3.424090000000000189e-01 2.245979999999999921e-01
7.184770000000000323e-01 1.915000000000000036e-03
5.449880000000000280e-01 1.377269999999999883e-01
6.638180000000000192e-01 -1.319200000000000095e-01
3.666220000000000034e-01 1.169000000000000074e-02
8.738970000000000349e-01 -3.309499999999999942e-02
6.720260000000000122e-01 1.088749999999999996e-01
4.396479999999999833e-01 1.246290000000000037e-01
7.904430000000000067e-01 1.229800000000000060e-01
6.400460000000000038e-01 1.353100000000000136e-01
6.234990000000000254e-01 -3.027920000000000056e-01
6.303109999999999546e-01 -1.537489999999999968e-01
6.952650000000000219e-01 -9.808200000000000252e-02
7.198649999999999771e-01 2.272220000000000073e-01
7.705729999999999524e-01 7.383099999999999385e-02
6.581679999999999753e-01 1.050100000000000061e-01
7.440219999999999612e-01 6.544300000000000117e-02
7.506199999999999539e-01 -4.882700000000000234e-02
6.316829999999999945e-01 2.919640000000000013e-01
7.334460000000000424e-01 -9.825799999999999812e-02
6.927010000000000112e-01 2.064290000000000014e-01
5.069989999999999775e-01 -3.431000000000000022e-03
6.672580000000000178e-01 1.039209999999999995e-01
3.796499999999999875e-01 3.356680000000000219e-01
8.228389999999999871e-01 7.741499999999999770e-02
5.594489999999999741e-01 2.214059999999999917e-01
7.152880000000000349e-01 -1.556309999999999916e-01
3.714370000000000172e-01 -3.206229999999999913e-01
5.228490000000000082e-01 -2.530959999999999877e-01
6.808910000000000240e-01 -2.062160000000000104e-01
6.899629999999999930e-01 -1.881980000000000042e-01
4.582240000000000202e-01 -3.341709999999999958e-01
6.559909999999999908e-01 -2.712339999999999751e-01
6.107289999999999663e-01 -1.512529999999999986e-01
6.222410000000000441e-01 1.917929999999999913e-01
5.576020000000000421e-01 1.351549999999999974e-01
8.206949999999999523e-01 3.623400000000000232e-02
5.382259999999999822e-01 7.365000000000000019e-03
7.473340000000000538e-01 1.993199999999999833e-02
4.828790000000000027e-01 6.971499999999999919e-02
7.385720000000000063e-01 4.460100000000000176e-02
7.484009999999999829e-01 1.984400000000000053e-01
6.319709999999999495e-01 -6.196000000000000119e-03
6.957200000000000051e-01 3.182399999999999812e-02
6.103199999999999736e-01 6.391700000000000159e-02
6.626509999999999900e-01 4.590000000000000330e-03
6.073330000000000117e-01 -3.610000000000000014e-02
6.445920000000000538e-01 6.242199999999999832e-02
-4.612290000000000001e-01 -1.040499999999999932e-02
-6.600559999999999761e-01 2.723780000000000090e-01
-6.041210000000000191e-01 1.704350000000000032e-01
-6.520700000000000385e-01 9.495399999999999674e-02
7.882320000000000437e-01 -2.019920000000000049e-01
6.927520000000000344e-01 -3.175300000000000344e-02
8.027609999999999468e-01 -9.244099999999999540e-02
4.300089999999999746e-01 2.762089999999999823e-01
3.037420000000000120e-01 1.568410000000000082e-01
4.791949999999999821e-01 1.061430000000000012e-01
-3.811479999999999868e-01 6.957959999999999701e-01
-3.117039999999999811e-01 7.582929999999999948e-01
-3.257399999999999740e-01 4.566879999999999828e-01
6.819079999999999586e-01 3.236109999999999820e-01
3.794109999999999983e-01 4.407789999999999764e-01
4.483820000000000028e-01 3.096039999999999903e-01
4.813629999999999853e-01 3.515510000000000024e-01
5.189850000000000296e-01 7.071600000000000108e-02
5.740340000000000442e-01 5.225199999999999984e-02
6.143189999999999484e-01 1.433109999999999939e-01
4.460370000000000168e-01 5.253379999999999717e-01
-6.463619999999999921e-01 3.897200000000000109e-01
5.758959999999999635e-01 4.637359999999999816e-01
3.707650000000000112e-01 -3.753469999999999862e-01
6.851920000000000233e-01 2.352090000000000014e-01
6.257570000000000077e-01 1.827709999999999890e-01
7.238970000000000127e-01 1.558700000000000085e-01
5.918649999999999745e-01 -5.414499999999999869e-02
4.638849999999999918e-01 -2.336360000000000103e-01
7.111990000000000256e-01 -1.550799999999999922e-02
-4.678350000000000009e-01 -7.502799999999999747e-02
3.557390000000000274e-01 -1.960030000000000105e-01
3.938280000000000114e-01 -3.398240000000000149e-01
5.351329999999999698e-01 -1.077169999999999933e-01
4.519290000000000251e-01 2.529790000000000094e-01
6.434929999999999817e-01 1.687250000000000139e-01
4.098519999999999941e-01 1.619400000000000006e-02
5.506980000000000208e-01 1.196519999999999945e-01
-4.130710000000000215e-01 6.395840000000000414e-01
-4.362999999999999691e-03 3.812590000000000146e-01
-1.867300000000000071e-01 6.430900000000000505e-01
3.757519999999999749e-01 1.408699999999999952e-01
6.431679999999999620e-01 1.888060000000000016e-01
6.351799999999999669e-01 3.165100000000000136e-01
5.304079999999999906e-01 8.717999999999999361e-02
6.030940000000000190e-01 1.724330000000000029e-01
4.579599999999999782e-01 4.129329999999999945e-01
6.163910000000000222e-01 4.017390000000000128e-01
5.627919999999999590e-01 2.468579999999999941e-01
7.236939999999999484e-01 3.040120000000000045e-01
5.433599999999999541e-01 5.108719999999999928e-01
5.810650000000000537e-01 -7.498100000000000598e-02
-7.198379999999999779e-01 3.824609999999999954e-01
-6.764980000000000437e-01 1.014280000000000043e-01
-3.319509999999999961e-01 2.046320000000000083e-01
-7.877530000000000365e-01 2.667869999999999964e-01
-4.898129999999999984e-01 -2.438600000000000143e-02
2.447200000000000070e-02 -3.638989999999999725e-01
5.979309999999999903e-01 7.681499999999999440e-02
-4.756770000000000165e-01 -4.314999999999999947e-01
-5.338469999999999605e-01 4.234299999999999731e-01
-2.746899999999999897e-01 6.436220000000000274e-01
-4.233410000000000228e-01 6.508829999999999893e-01
-5.824160000000000448e-01 3.990909999999999735e-01
-4.169729999999999825e-01 5.859769999999999701e-01
-4.432479999999999754e-01 2.918379999999999863e-01
-3.245520000000000072e-01 5.129289999999999683e-01
-5.019740000000000313e-01 6.475239999999999885e-01
6.284070000000000489e-01 2.310200000000000031e-01
5.930140000000000411e-01 -3.841900000000000176e-02
4.474049999999999971e-01 -1.834899999999999864e-01
-5.352510000000000323e-01 4.692040000000000100e-01
-4.431740000000000124e-01 -2.120819999999999927e-01
7.432860000000000023e-01 4.312300000000000161e-02
6.472529999999999673e-01 4.305030000000000245e-01
5.898670000000000302e-01 8.307000000000000148e-03
6.185349999999999460e-01 3.111169999999999769e-01
6.334849999999999648e-01 1.491540000000000088e-01
5.118880000000000097e-01 1.990089999999999915e-01
2.304589999999999972e-01 1.025260000000000060e-01
5.885559999999999681e-01 -6.850699999999999845e-02
6.470580000000000220e-01 1.529770000000000019e-01
5.466250000000000275e-01 -2.895199999999999857e-02
-6.956449999999999578e-01 6.941610000000000280e-01
6.955480000000000551e-01 3.563729999999999953e-01
5.941159999999999775e-01 1.704680000000000084e-01
5.555930000000000035e-01 -5.771099999999999841e-02
5.203160000000000007e-01 -1.363900000000000008e-02
6.605360000000000120e-01 3.064069999999999849e-01
4.799399999999999777e-01 3.724819999999999798e-01
7.302999999999999492e-01 7.458900000000000252e-02
-2.829090000000000216e-01 1.994699999999999945e-02
4.560980000000000034e-01 4.911559999999999815e-01
5.816189999999999971e-01 2.643849999999999811e-01
-4.410800000000000276e-01 -7.365099999999999425e-02
-5.573820000000000441e-01 2.843720000000000137e-01
-5.568659999999999721e-01 -1.160599999999999965e-01
-3.182090000000000196e-01 3.358740000000000059e-01
-5.297239999999999727e-01 -8.975299999999999945e-02
3.003219999999999779e-01 1.187069999999999931e-01
6.267500000000000293e-01 2.732410000000000116e-01
6.115789999999999837e-01 2.892950000000000244e-01
4.217690000000000050e-01 -1.467340000000000033e-01
5.207180000000000142e-01 3.304219999999999935e-01
-5.501019999999999799e-01 -3.279850000000000265e-01
3.712989999999999902e-01 3.854199999999999987e-02
5.876350000000000184e-01 -4.765240000000000031e-01
-3.058460000000000067e-01 -2.887509999999999799e-01
-3.005380000000000273e-01 -3.207100000000000228e-02
4.985709999999999864e-01 7.109999999999999654e-02
4.867909999999999737e-01 -2.100090000000000012e-01
4.129039999999999933e-01 3.532139999999999724e-01
-3.630149999999999766e-01 1.419040000000000024e-01
4.549210000000000198e-01 -2.836460000000000092e-01
5.487809999999999633e-01 -3.286819999999999742e-01
5.817350000000000021e-01 1.667460000000000053e-01
5.809980000000000144e-01 -2.403699999999999934e-02
5.193799999999999528e-01 2.290059999999999873e-01
5.353430000000000133e-01 4.576330000000000120e-01
3.625410000000000021e-01 -1.685199999999999892e-02
-6.802099999999999813e-01 2.704460000000000197e-01
-8.137100000000000444e-01 4.600069999999999992e-01
-6.322539999999999827e-01 4.061690000000000023e-01
-6.280719999999999636e-01 5.179890000000000327e-01
-5.889039999999999830e-01 3.535340000000000149e-01
-6.540719999999999867e-01 3.263949999999999907e-01
-6.044150000000000356e-01 3.434510000000000063e-01
-6.314119999999999733e-01 3.842690000000000272e-01
-5.650629999999999820e-01 3.482899999999999885e-01
-5.404750000000000387e-01 4.697250000000000036e-01
-6.571489999999999831e-01 3.014669999999999850e-01
-7.574750000000000094e-01 2.333459999999999979e-01
-5.194170000000000176e-01 4.989359999999999906e-01
-6.902300000000000102e-01 4.819459999999999855e-01
-6.560270000000000268e-01 4.779849999999999932e-01
-6.603729999999999878e-01 3.204499999999999710e-02
-5.921199999999999797e-01 2.143839999999999912e-01
-8.095790000000000486e-01 2.110640000000000016e-01
-3.451020000000000199e-01 5.706539999999999946e-01
-8.586829999999999741e-01 2.345579999999999887e-01
-6.856470000000000065e-01 5.512590000000000545e-01
-4.141960000000000086e-01 3.755760000000000209e-01
-4.989009999999999834e-01 3.438289999999999957e-01
-6.134770000000000501e-01 3.802510000000000057e-01
-6.743949999999999667e-01 3.661249999999999782e-01
5.882910000000000084e-01 -2.889120000000000021e-01
5.435029999999999584e-01 -2.106159999999999977e-01
-4.351349999999999940e-01 1.122230000000000033e-01
-6.767419999999999547e-01 4.395850000000000035e-01
-4.501240000000000241e-01 5.514970000000000150e-01
-3.252140000000000031e-01 7.128130000000000299e-01
-4.454429999999999779e-01 1.286559999999999926e-01
5.527290000000000258e-01 -1.132790000000000047e-01
-9.702399999999999913e-02 -1.247359999999999997e-01
5.083100000000000396e-01 5.675499999999999989e-02
-7.345559999999999867e-01 1.321910000000000029e-01
5.261700000000000266e-01 -2.836359999999999992e-01
4.354000000000000092e-01 -1.673270000000000035e-01
2.330049999999999899e-01 -2.537860000000000116e-01
4.495830000000000104e-01 -3.242510000000000114e-01
7.464269999999999516e-01 1.083660000000000040e-01
7.220790000000000264e-01 1.752730000000000121e-01
5.003339999999999455e-01 3.706510000000000082e-01
6.149689999999999879e-01 4.059479999999999755e-01
5.240719999999999823e-01 -8.806700000000000639e-02
-3.945420000000000038e-01 -9.887300000000000255e-02
3.139600000000000168e-01 -2.755580000000000251e-01
-5.892150000000000443e-01 -2.136700000000000058e-02
7.200260000000000549e-01 2.330000000000000127e-02
-5.868799999999999573e-01 -2.680830000000000157e-01
-4.657760000000000233e-01 8.697599999999999776e-02
5.839919999999999556e-01 -1.066629999999999939e-01
-4.508780000000000010e-01 1.139740000000000059e-01
-6.077740000000000364e-01 -1.290340000000000098e-01
-7.723480000000000345e-01 1.872000000000000053e-02
-8.495369999999999866e-01 4.811420000000000141e-01
4.259370000000000100e-01 -2.223060000000000036e-01
-3.888429999999999942e-01 5.789990000000000414e-01
-3.401029999999999887e-01 5.695959999999999912e-01
2.494349999999999901e-01 -8.450000000000000479e-04
4.864820000000000255e-01 2.955699999999999994e-02
4.834019999999999984e-01 6.130809999999999871e-01
-5.272229999999999972e-01 -7.147699999999999887e-02
7.903810000000000002e-01 1.310689999999999911e-01
4.243460000000000010e-01 2.635359999999999925e-01
6.109170000000000433e-01 1.157340000000000035e-01
6.782489999999999908e-01 4.293379999999999974e-01
3.631770000000000276e-01 1.338100000000000123e-01
6.312569999999999570e-01 1.112029999999999963e-01
5.185600000000000209e-01 -1.562230000000000008e-01
6.096129999999999605e-01 -3.015280000000000182e-01
5.335459999999999647e-01 -2.250729999999999953e-01
-8.768010000000000526e-01 4.144010000000000193e-01
-4.043340000000000267e-01 2.887339999999999907e-01
4.237500000000000294e-02 4.583229999999999804e-01
-5.638009999999999966e-01 5.953760000000000163e-01
-4.614240000000000008e-01 6.747589999999999977e-01
-4.069150000000000267e-01 4.926570000000000116e-01
-5.406889999999999752e-01 2.272280000000000133e-01
-4.928009999999999891e-01 5.055229999999999446e-01
6.028170000000000472e-01 5.046030000000000237e-01
4.587849999999999984e-01 4.417039999999999855e-01
5.115079999999999627e-01 4.777270000000000127e-01
4.902659999999999796e-01 5.638619999999999743e-01
4.812770000000000103e-01 8.927300000000000513e-02
-7.185550000000000548e-01 6.037489999999999801e-01
-5.806480000000000530e-01 6.450139999999999763e-01
-6.020510000000000028e-01 3.256919999999999815e-01
-5.714320000000000510e-01 -3.156899999999999984e-02
-8.207499999999999518e-02 4.522329999999999961e-01
-2.108329999999999926e-01 5.750520000000000076e-01
3.396959999999999980e-01 -2.423540000000000139e-01
7.696089999999999876e-01 -8.099999999999999561e-04
7.004479999999999595e-01 -5.088000000000000161e-02
6.191309999999999869e-01 1.994650000000000034e-01
4.833430000000000226e-01 5.254659999999999886e-01
4.571080000000000143e-01 1.491780000000000050e-01
4.554810000000000247e-01 -3.109279999999999822e-01
-6.809089999999999865e-01 6.321799999999999642e-02
-4.914279999999999760e-01 1.042300000000000032e-01
5.701900000000000024e-02 3.957700000000000107e-02
3.473740000000000161e-01 -2.372730000000000117e-01
7.017759999999999554e-01 2.469700000000000020e-02
-5.051780000000000159e-01 4.437840000000000118e-01
-2.941819999999999991e-01 6.657359999999999944e-01
-6.377340000000000231e-01 2.464050000000000129e-01
3.297080000000000011e-01 -2.773329999999999962e-01
6.460209999999999564e-01 5.316830000000000167e-01
-7.796279999999999877e-01 -7.820799999999999974e-02
-4.593459999999999765e-01 7.007590000000000208e-01
-5.739560000000000217e-01 -2.170130000000000114e-01
-3.207409999999999983e-01 -8.031199999999999450e-02
5.059740000000000348e-01 -2.129959999999999909e-01
5.566699999999999982e-01 -2.111969999999999958e-01
4.873140000000000249e-01 1.469989999999999908e-01
-3.955219999999999847e-01 -3.739000000000000136e-03
-3.391540000000000110e-01 3.298610000000000153e-01
-5.656489999999999574e-01 5.919560000000000377e-01
-4.154399999999999760e-01 5.870560000000000223e-01
-6.038470000000000226e-01 5.059209999999999541e-01
-6.315260000000000318e-01 3.910339999999999927e-01
-5.341059999999999697e-01 2.943299999999999805e-01
-7.749150000000000205e-01 -8.734000000000000097e-02
6.159740000000000215e-01 -3.087639999999999829e-01
2.508770000000000167e-01 -3.150580000000000047e-01
6.859490000000000309e-01 1.658880000000000077e-01
-6.272720000000000518e-01 5.648440000000000127e-01
-6.421189999999999953e-01 2.933270000000000044e-01
-6.239580000000000126e-01 -1.331819999999999948e-01
-5.521179999999999977e-01 1.298410000000000120e-01
4.912190000000000167e-01 -1.270590000000000053e-01
4.547359999999999736e-01 1.332119999999999971e-01
7.781230000000000091e-01 -1.443440000000000001e-01
-1.057020000000000043e-01 -2.058879999999999877e-01
5.652220000000000022e-01 2.123069999999999957e-01
6.982279999999999598e-01 -4.608799999999999703e-02
-1.515219999999999900e-01 -1.443530000000000091e-01
2.657070000000000265e-01 -2.680790000000000117e-01
6.638439999999999896e-01 -1.366799999999999959e-02
4.383739999999999859e-01 -3.958200000000000052e-01
4.245780000000000109e-01 4.595000000000000126e-03
6.341609999999999747e-01 1.517100000000000046e-02
5.058629999999999516e-01 1.611599999999999838e-02
5.530460000000000376e-01 -2.549810000000000132e-01
4.040130000000000110e-01 -5.465600000000000319e-02
4.850450000000000039e-01 -2.871059999999999723e-01
2.379719999999999891e-01 1.609540000000000137e-01
7.503849999999999687e-01 2.471900000000000139e-02
5.695299999999999807e-01 -1.541889999999999927e-01
4.329999999999999960e-01 -2.218809999999999949e-01
4.578280000000000127e-01 -2.315339999999999898e-01
5.930800000000000516e-01 -2.463970000000000049e-01
4.148689999999999878e-01 -9.114700000000000579e-02
7.470660000000000078e-01 -1.073739999999999972e-01
5.550629999999999731e-01 1.861970000000000014e-01
6.428409999999999958e-01 1.107999999999999957e-01
7.068699999999999983e-01 1.951769999999999894e-01
1.335899999999999935e-02 6.968649999999999567e-01
5.210500000000000131e-01 2.209119999999999973e-01
-5.803500000000000325e-02 3.662170000000000147e-01
4.624369999999999870e-01 -1.363400000000000029e-02
5.629819999999999824e-01 -4.467900000000000343e-02
4.113640000000000074e-01 -2.046880000000000088e-01
5.798429999999999973e-01 -2.530470000000000219e-01
6.318960000000000132e-01 8.901599999999999790e-02
5.803880000000000150e-01 -7.943500000000000560e-02
5.589809999999999501e-01 3.230859999999999843e-01
4.189339999999999731e-01 -3.427080000000000126e-01
5.299819999999999531e-01 -2.812180000000000235e-01
2.993450000000000277e-01 -4.128199999999999925e-02
3.425460000000000171e-01 -1.952089999999999936e-01
5.299749999999999739e-01 5.765800000000000092e-02
6.234779999999999767e-01 3.921839999999999771e-01
4.664139999999999953e-01 3.814819999999999878e-01
6.472040000000000015e-01 1.392210000000000114e-01
5.921739999999999782e-01 8.442199999999999704e-02
5.878090000000000259e-01 -1.511999999999999976e-02
3.700829999999999953e-01 1.891859999999999931e-01
5.466360000000000108e-01 -1.281000000000000021e-03
-5.782880000000000242e-01 -1.139899999999999941e-02
5.236570000000000391e-01 -3.223170000000000202e-01
5.886120000000000241e-01 -4.937799999999999828e-02
6.162790000000000212e-01 -2.516200000000000103e-01
4.746349999999999736e-01 -6.103800000000000198e-02
4.108319999999999750e-01 -3.994299999999999934e-02
7.341520000000000268e-01 -2.572100000000000081e-02
6.749619999999999509e-01 -1.863350000000000006e-01
5.487180000000000391e-01 -2.658849999999999825e-01
6.353750000000000231e-01 -6.815499999999999337e-02
3.976580000000000115e-01 3.212299999999999878e-02
4.871179999999999954e-01 4.419210000000000083e-01
4.499810000000000199e-01 2.999859999999999749e-01
2.697459999999999858e-01 -1.569969999999999977e-01
6.704029999999999712e-01 2.020180000000000031e-01
2.584110000000000018e-01 1.127500000000000030e-02
8.378980000000000317e-01 -1.291049999999999975e-01
-5.709340000000000526e-01 -3.379499999999999865e-02
5.489340000000000330e-01 8.252199999999999813e-02
6.658490000000000242e-01 3.403849999999999931e-01
-4.513690000000000202e-01 5.673620000000000330e-01
5.510359999999999703e-01 -2.661040000000000072e-01
5.513430000000000275e-01 -1.354099999999999922e-02
4.737410000000000232e-01 -1.291120000000000045e-01
4.300919999999999743e-01 2.111119999999999941e-01
1.755690000000000028e-01 6.585820000000000007e-01
4.329560000000000075e-01 2.516120000000000023e-01
7.942000000000000448e-02 -3.604410000000000114e-01
7.200630000000000086e-01 -1.067680000000000018e-01
6.081170000000000186e-01 -1.654370000000000007e-01
3.904290000000000260e-01 -2.800389999999999824e-01
6.301989999999999537e-01 1.011199999999999946e-02
4.652180000000000204e-01 8.357299999999999451e-02
6.384419999999999540e-01 2.874000000000000166e-02
6.555109999999999548e-01 3.848190000000000222e-01
5.032830000000000359e-01 3.203409999999999869e-01
-5.639410000000000256e-01 1.958360000000000101e-01
4.985080000000000067e-01 1.830529999999999935e-01
3.753099999999999770e-01 9.602199999999999624e-02
4.359910000000000174e-01 4.169479999999999853e-01
5.830520000000000147e-01 2.920949999999999935e-01
6.217019999999999769e-01 5.235530000000000461e-01
4.359160000000000257e-01 1.470199999999999979e-02
4.371639999999999970e-01 3.928010000000000113e-01
4.931130000000000235e-01 6.835499999999999909e-02
6.001039999999999708e-01 1.878960000000000075e-01
5.908280000000000198e-01 4.083919999999999773e-01
5.825200000000000378e-01 4.836849999999999761e-01
5.415489999999999471e-01 2.881529999999999925e-01
6.722249999999999615e-01 3.870689999999999964e-01
5.410120000000000484e-01 3.173940000000000095e-01
5.372719999999999718e-01 -2.625800000000000009e-02
-5.837200000000000166e-01 -2.964600000000000013e-01
6.403849999999999820e-01 -1.612929999999999919e-01
3.217450000000000032e-01 3.299650000000000083e-01
6.699530000000000207e-01 2.630290000000000128e-01
1.483889999999999931e-01 -4.225960000000000272e-01
6.874890000000000168e-01 -1.530800000000000043e-02
6.530550000000000521e-01 4.359600000000000281e-02
5.433419999999999916e-01 1.565999999999999901e-03
5.684439999999999493e-01 3.189460000000000073e-01
6.713059999999999583e-01 3.926560000000000050e-01
4.661210000000000075e-01 2.071999999999999953e-01
5.406689999999999552e-01 2.468999999999999841e-03
2.864299999999999832e-02 7.051119999999999610e-01
6.726499999999999702e-01 2.378300000000000136e-01
4.586430000000000229e-01 -2.547999999999999918e-02
6.760099999999999998e-01 1.497489999999999932e-01
3.170560000000000045e-01 1.163369999999999960e-01
6.307089999999999641e-01 2.267470000000000041e-01
5.868200000000000083e-01 4.360640000000000072e-01
4.005549999999999944e-01 3.771050000000000235e-01
7.724440000000000195e-01 1.114929999999999949e-01
5.459650000000000336e-01 1.988080000000000125e-01
6.961530000000000218e-01 4.646930000000000227e-01
4.638909999999999978e-01 1.588130000000000097e-01
4.562240000000000184e-01 3.194529999999999870e-01
6.524410000000000487e-01 3.256200000000000205e-01
5.747550000000000159e-01 3.008620000000000183e-01
5.792089999999999739e-01 1.914710000000000023e-01
4.060179999999999900e-01 2.170179999999999887e-01
4.155340000000000145e-01 4.685259999999999980e-01
6.058440000000000492e-01 4.382260000000000044e-01
3.768500000000000322e-02 4.365370000000000084e-01
6.700080000000000480e-01 -1.565479999999999927e-01
6.027310000000000167e-01 -1.388900000000000030e-02
5.351249999999999618e-01 5.650530000000000275e-01
5.122330000000000494e-01 1.128350000000000047e-01
7.600130000000000496e-01 -2.001449999999999896e-01
8.053909999999999680e-01 4.913300000000000306e-02
5.222930000000000073e-01 1.326399999999999975e-02
6.258010000000000517e-01 -2.680529999999999857e-01
-5.901370000000000227e-01 2.238199999999999912e-02
3.275020000000000153e-01 4.938109999999999999e-01
5.012640000000000429e-01 3.989969999999999906e-01
-6.958189999999999653e-01 7.640000000000000306e-04
-2.205469999999999930e-01 5.345790000000000264e-01
6.658000000000000029e-02 -4.761739999999999862e-01
5.213109999999999689e-01 -2.115410000000000068e-01
5.947660000000000169e-01 9.205399999999999694e-02
5.446959999999999580e-01 6.995649999999999924e-01
-6.673689999999999900e-01 -4.921099999999999780e-02
-2.029430000000000123e-01 1.549500000000000009e-02
6.977149999999999741e-01 3.672399999999999970e-02
7.211269999999999625e-01 3.373500000000000110e-02
3.792159999999999975e-01 -2.030349999999999933e-01
5.544890000000000096e-01 4.859109999999999818e-01
6.445629999999999971e-01 2.702950000000000075e-01
6.243990000000000373e-01 -5.539800000000000280e-02
4.186819999999999986e-01 -4.539900000000000185e-02
4.938230000000000119e-01 -8.037099999999999800e-02
5.851399999999999935e-01 4.092319999999999847e-01
5.117000000000000437e-01 -2.652439999999999798e-01
6.014129999999999754e-01 2.433710000000000040e-01
3.685849999999999960e-01 5.995000000000000329e-02
5.826670000000000460e-01 9.907799999999999940e-02
5.298230000000000439e-01 1.894600000000000103e-02
2.160960000000000103e-01 -1.143170000000000019e-01
3.513040000000000052e-01 -3.169980000000000020e-01
4.246360000000000134e-01 -8.716500000000000636e-02
6.042199999999999793e-01 2.833510000000000195e-01
4.658599999999999963e-01 4.923609999999999931e-01
4.518619999999999859e-01 3.009549999999999725e-01
4.206300000000000039e-01 4.349549999999999805e-01
5.747060000000000501e-01 2.716399999999999926e-01
5.070069999999999855e-01 1.676429999999999865e-01
5.868210000000000370e-01 2.819180000000000019e-01
5.517889999999999739e-01 2.771250000000000102e-01
5.637550000000000061e-01 -1.444229999999999958e-01
3.925440000000000040e-01 4.398360000000000047e-01
5.987339999999999884e-01 3.500969999999999915e-01
4.903140000000000276e-01 2.526059999999999972e-01
4.654320000000000124e-01 5.372600000000000292e-02
5.658170000000000144e-01 2.110809999999999909e-01
3.553740000000000232e-01 5.861089999999999911e-01
4.133000000000000007e-01 -1.620649999999999868e-01
6.218510000000000426e-01 3.086349999999999927e-01
5.622089999999999588e-01 4.357469999999999954e-01
5.478589999999999849e-01 3.312060000000000004e-01
5.295760000000000467e-01 2.506499999999999839e-01
5.858780000000000099e-01 2.296120000000000105e-01
4.500140000000000251e-01 3.542020000000000168e-01
5.832340000000000302e-01 -3.756999999999999923e-03
6.472719999999999585e-01 2.804329999999999878e-01
5.938849999999999962e-01 2.360869999999999913e-01
7.579879999999999951e-01 1.049449999999999966e-01
5.227159999999999584e-01 3.342910000000000048e-01
2.395190000000000097e-01 6.237800000000000011e-01
5.897099999999999564e-01 3.548589999999999800e-01
5.979480000000000350e-01 4.665250000000000230e-01
6.676760000000000472e-01 4.735480000000000245e-01
5.515940000000000287e-01 4.256969999999999921e-01
6.086110000000000131e-01 2.936360000000000081e-01
6.565760000000000485e-01 3.750680000000000125e-01
5.675350000000000117e-01 2.814200000000000035e-02
4.665199999999999902e-01 3.604209999999999914e-01
6.952869999999999884e-01 3.138170000000000126e-01
4.694530000000000092e-01 2.457700000000000162e-02
4.775030000000000108e-01 2.812680000000000180e-01
5.530730000000000368e-01 2.638619999999999854e-01
5.515489999999999560e-01 3.788150000000000128e-01
6.762880000000000003e-01 2.943000000000000060e-01
5.017200000000000548e-01 1.302389999999999937e-01
3.366580000000000128e-01 1.614649999999999974e-01
5.505550000000000166e-01 4.773290000000000033e-01
5.362329999999999597e-01 1.352430000000000021e-01
5.621770000000000378e-01 -7.206300000000000205e-02
6.342729999999999757e-01 6.165620000000000545e-01
6.248439999999999550e-01 1.005619999999999986e-01
4.669749999999999734e-01 4.057169999999999943e-01
5.929140000000000521e-01 2.780279999999999974e-01
6.540120000000000378e-01 4.487789999999999835e-01
4.646689999999999987e-01 3.717820000000000014e-01
6.889349999999999641e-01 4.200980000000000270e-01
5.090390000000000192e-01 2.859050000000000202e-01
5.850250000000000172e-01 2.283189999999999942e-01
5.885860000000000536e-01 5.369739999999999513e-01
6.425370000000000248e-01 1.591950000000000032e-01
6.393510000000000026e-01 4.241449999999999942e-01
5.889309999999999823e-01 4.680190000000000183e-01
6.079149999999999832e-01 2.757649999999999824e-01
5.388169999999999904e-01 -2.633929999999999882e-01
-5.120310000000000139e-01 5.745980000000000532e-01
-1.362549999999999872e-01 3.570579999999999865e-01
-8.977200000000000457e-02 -4.949000000000000066e-01
6.867860000000000076e-01 3.772849999999999815e-01
6.225859999999999728e-01 3.328420000000000267e-01
5.089360000000000550e-01 5.962659999999999627e-01
4.662970000000000170e-01 3.057449999999999890e-01
4.971430000000000016e-01 1.496039999999999870e-01
7.156930000000000236e-01 7.432910000000000350e-01
5.166870000000000074e-01 -5.365799999999999736e-02
3.865700000000000247e-01 4.506899999999999795e-02
7.025130000000000541e-01 7.703200000000000325e-02
3.815529999999999755e-01 1.317059999999999897e-01
5.882490000000000219e-01 -3.142710000000000226e-01
-5.635620000000000074e-01 2.617949999999999999e-01
3.939289999999999736e-01 -5.342899999999999733e-02
1.591980000000000062e-01 2.267180000000000029e-01
5.588889999999999691e-01 1.262880000000000114e-01
-3.868409999999999904e-01 -4.020960000000000090e-01
6.751559999999999784e-01 5.197600000000000137e-02
-4.686170000000000058e-01 6.044929999999999470e-01
-3.677730000000000166e-01 5.612979999999999636e-01
-6.240199999999999914e-02 5.173550000000000093e-01
-3.369190000000000240e-01 4.479350000000000276e-01
7.257409999999999695e-01 3.831490000000000173e-01
4.660590000000000011e-01 2.452920000000000100e-01
5.308540000000000481e-01 -1.064000000000000059e-03
2.957859999999999934e-01 4.651999999999999885e-02
6.649199999999999555e-01 1.965169999999999972e-01
5.359209999999999807e-01 -1.706870000000000054e-01
-6.554520000000000346e-01 -5.302099999999999869e-02
-4.501970000000000138e-01 -2.707600000000000007e-01
7.607460000000000333e-01 1.197030000000000038e-01
5.213729999999999754e-01 3.149000000000000132e-01
6.454469999999999930e-01 1.515980000000000105e-01
4.708930000000000060e-01 1.058609999999999968e-01
-4.387730000000000241e-01 -6.102699999999999791e-02
4.948179999999999801e-01 -1.445000000000000104e-03
5.840260000000000451e-01 5.023699999999999832e-01
-5.883319999999999661e-01 -2.445110000000000061e-01
6.293210000000000193e-01 3.085399999999999948e-02
-7.489609999999999879e-01 1.917850000000000110e-01
4.810989999999999989e-01 6.537400000000000155e-02
4.802000000000000157e-01 -8.480799999999999450e-02
4.062620000000000120e-01 1.232010000000000050e-01
5.195779999999999843e-01 1.055289999999999978e-01
4.545279999999999876e-01 -7.859299999999999620e-02
6.405739999999999768e-01 -1.095499999999999946e-02
5.266480000000000050e-01 -6.732599999999999696e-02
4.968890000000000251e-01 1.323350000000000082e-01
2.811159999999999770e-01 1.660240000000000049e-01
7.019900000000000029e-01 1.379980000000000095e-01
5.534989999999999633e-01 1.202280000000000015e-01
5.920649999999999524e-01 1.053850000000000064e-01
6.755219999999999558e-01 3.492790000000000061e-01
2.852319999999999856e-01 -2.195130000000000137e-01
-4.364899999999999891e-01 -1.214459999999999984e-01
6.529400000000000481e-02 5.414700000000000069e-01
-1.198919999999999986e-01 6.687370000000000259e-01
-5.737250000000000405e-01 4.024719999999999964e-01
-4.673849999999999949e-01 1.721600000000000075e-01
5.860189999999999566e-01 3.668460000000000054e-01
5.687020000000000408e-01 -2.778519999999999879e-01
4.824879999999999725e-01 5.029390000000000249e-01
-3.633620000000000183e-01 2.791359999999999952e-01
5.204060000000000352e-01 -7.567200000000000315e-02
8.485650000000000137e-01 1.829850000000000088e-01
-1.618279999999999996e-01 6.915139999999999620e-01
6.546910000000000229e-01 4.210450000000000026e-01
4.514650000000000052e-01 2.765029999999999988e-01
7.712539999999999951e-01 3.783299999999999996e-01
5.483559999999999546e-01 1.114399999999999974e-01
6.232140000000000457e-01 3.752409999999999912e-01
5.827139999999999542e-01 9.216299999999999493e-02
4.632350000000000079e-01 4.015429999999999833e-01
5.645820000000000283e-01 1.325790000000000024e-01
5.629420000000000535e-01 2.206120000000000025e-01
4.702330000000000121e-01 4.984180000000000277e-01
5.450930000000000497e-01 7.148139999999999494e-01
6.448779999999999513e-01 2.869869999999999921e-01
4.538380000000000192e-01 7.104900000000000104e-02
6.218399999999999483e-01 2.092930000000000068e-01
5.340880000000000072e-01 8.284099999999999797e-02
5.005519999999999969e-01 -7.940300000000000136e-02
-1.992039999999999922e-01 4.109949999999999992e-01
-3.421100000000000252e-01 6.276370000000000005e-01
8.139939999999999953e-01 6.231099999999999833e-02
6.481719999999999704e-01 4.310700000000000087e-01
4.682600000000000096e-01 5.533320000000000460e-01
3.159250000000000114e-01 2.120779999999999887e-01
6.759230000000000516e-01 4.904569999999999763e-01
4.718740000000000157e-01 4.329620000000000135e-01
4.360029999999999739e-01 4.294510000000000272e-01
5.483350000000000168e-01 3.887169999999999792e-01
4.520299999999999874e-01 5.750089999999999923e-01
5.673280000000000545e-01 3.428829999999999933e-01
-6.098280000000000367e-01 3.852419999999999733e-01
4.791429999999999856e-01 5.712319999999999620e-01
6.252419999999999645e-01 -5.920899999999999774e-02
6.367739999999999512e-01 4.293560000000000154e-01
4.189470000000000138e-01 6.033739999999999659e-01
4.714610000000000190e-01 1.939430000000000043e-01
2.707339999999999747e-01 8.308799999999999519e-01
5.472299999999999942e-01 3.571699999999999875e-02
5.717499999999999805e-01 4.352559999999999762e-01
5.170329999999999648e-01 -8.994000000000000605e-02
7.763560000000000461e-01 -9.608200000000000074e-02
2.979189999999999894e-01 2.131750000000000034e-01
7.530909999999999549e-01 9.948200000000000098e-02
4.658979999999999788e-01 2.237530000000000074e-01
3.866370000000000084e-01 6.478880000000000194e-01
5.737349999999999950e-01 4.192200000000000093e-02
-2.204649999999999943e-01 1.575239999999999974e-01
3.651739999999999986e-01 -4.262480000000000158e-01
-3.089859999999999829e-01 -3.895580000000000154e-01
5.410610000000000142e-01 2.752820000000000267e-01
6.544039999999999857e-01 -3.535409999999999942e-01
1.423069999999999891e-01 -3.999059999999999837e-01
-4.120240000000000014e-01 -2.540189999999999948e-01
6.107089999999999463e-01 -1.403949999999999920e-01
5.658229999999999649e-01 -1.483939999999999981e-01
3.437239999999999740e-01 -4.379600000000000160e-02
4.379430000000000267e-01 -1.002139999999999975e-01
6.208139999999999770e-01 1.408790000000000042e-01
6.196840000000000126e-01 -3.263900000000000134e-02
5.525470000000000104e-01 2.511680000000000024e-01
5.826339999999999852e-01 7.741000000000000658e-02
6.029320000000000235e-01 -4.546999999999999827e-03
6.055399999999999672e-01 -1.999539999999999929e-01
5.668199999999999905e-01 1.133920000000000067e-01
3.970080000000000275e-01 -2.892270000000000119e-01
7.397209999999999619e-01 4.205709999999999726e-01
3.275799999999999823e-01 -3.560599999999999876e-02
3.379110000000000169e-01 -2.990630000000000233e-01
6.171700000000000103e-02 6.140099999999999447e-01
4.789590000000000236e-01 2.209379999999999955e-01
5.843270000000000408e-01 2.646939999999999849e-01
1.264909999999999923e-01 5.435140000000000526e-01
7.037899999999999712e-02 6.667060000000000208e-01
3.987229999999999941e-01 2.532099999999999906e-01
4.604269999999999752e-01 2.401570000000000094e-01
4.819559999999999955e-01 -2.360039999999999916e-01
2.102300000000000002e-01 -1.412770000000000137e-01
6.027230000000000087e-01 -2.797549999999999759e-01
3.126010000000000177e-01 -3.715709999999999846e-01
2.631040000000000045e-01 -5.672699999999999965e-02
5.835160000000000347e-01 -1.829400000000000123e-02
8.423730000000000384e-01 -1.729430000000000134e-01
5.545419999999999794e-01 -5.541599999999999998e-02
5.764869999999999717e-01 -2.902580000000000160e-01
2.084989999999999899e-01 -2.577280000000000126e-01
5.925110000000000099e-01 -1.519379999999999897e-01
-6.136260000000000048e-01 5.597739999999999938e-01
-7.520759999999999668e-01 -1.404749999999999888e-01
4.800849999999999840e-01 -2.905229999999999757e-01
4.941769999999999774e-01 -6.882900000000000129e-02
4.331659999999999955e-01 1.422819999999999918e-01
7.366380000000000150e-01 -8.664600000000000080e-02
-5.074689999999999479e-01 8.032329999999999748e-01
-5.950910000000000366e-01 2.986759999999999970e-01
6.490979999999999528e-01 -1.986920000000000075e-01
3.917359999999999731e-01 -2.577880000000000171e-01
-6.053690000000000460e-01 -5.141300000000000037e-02
5.088780000000000525e-01 -1.068469999999999975e-01
4.973480000000000123e-01 -1.852370000000000128e-01
4.272710000000000119e-01 -1.442489999999999883e-01
6.452620000000000022e-01 1.649970000000000048e-01
-5.387939999999999952e-01 3.609589999999999743e-01
-6.246479999999999810e-01 1.468629999999999936e-01
-6.239729999999999999e-01 4.398969999999999825e-01
-6.710930000000000506e-01 6.659900000000000542e-02
5.423789999999999445e-01 -4.576600000000000112e-02
-7.687209999999999877e-01 9.209299999999999431e-02
4.541410000000000169e-01 2.238870000000000027e-01
5.763300000000000090e-01 -1.333699999999999886e-01
5.158019999999999827e-01 -1.113470000000000015e-01
6.096970000000000445e-01 -2.242709999999999981e-01
5.186479999999999979e-01 8.697000000000000564e-02
7.756680000000000241e-01 7.845100000000000684e-02
6.000640000000000418e-01 2.168210000000000137e-01
3.552409999999999735e-01 -2.103589999999999904e-01
5.943429999999999547e-01 -1.718880000000000130e-01
4.721029999999999949e-01 -2.523050000000000015e-01
2.390519999999999867e-01 -1.336009999999999975e-01
3.852360000000000229e-01 -1.183870000000000061e-01
7.754069999999999574e-01 -1.089730000000000004e-01
4.705779999999999963e-01 -3.515980000000000216e-01
6.167650000000000077e-01 -1.730430000000000024e-01
5.817179999999999573e-01 -5.085739999999999705e-01
5.680739999999999679e-01 -3.275750000000000051e-01
3.396830000000000127e-01 -1.894379999999999953e-01
5.838980000000000281e-01 1.433460000000000012e-01
4.152640000000000220e-01 3.486949999999999772e-01
2.788140000000000063e-01 3.850810000000000066e-01
4.837560000000000193e-01 3.708569999999999922e-01
-5.668990000000000418e-01 -6.951400000000000634e-02
5.391580000000000261e-01 1.317540000000000100e-01
4.477209999999999801e-01 2.564119999999999733e-01
5.852319999999999744e-01 3.739040000000000141e-01
3.914090000000000069e-01 3.819330000000000225e-01
6.353940000000000143e-01 3.467560000000000087e-01
6.250259999999999705e-01 5.308169999999999833e-01
5.948090000000000321e-01 7.395000000000000184e-02
7.466049999999999631e-01 3.202619999999999911e-01
5.543080000000000229e-01 -2.336209999999999953e-01
5.117500000000000382e-01 -2.051260000000000028e-01
4.713700000000000112e-01 2.228199999999999972e-02
5.692070000000000185e-01 -3.678199999999999803e-01
5.478880000000000416e-01 4.034999999999999698e-02
3.978920000000000234e-01 2.443999999999999992e-02
6.990349999999999620e-01 -3.424670000000000214e-01
5.219850000000000323e-01 -3.212799999999999684e-02
-5.356379999999999475e-01 6.058000000000000017e-03
2.687280000000000224e-01 3.829500000000000126e-01
-4.449230000000000129e-01 6.372790000000000399e-01
-2.162519999999999998e-01 5.370040000000000369e-01
-4.425919999999999854e-01 5.119019999999999682e-01
3.881370000000000098e-01 -3.444999999999999729e-01
5.264349999999999863e-01 -8.069300000000000084e-02
6.772839999999999971e-01 4.754070000000000240e-01
5.916329999999999645e-01 3.632500000000000312e-02
-5.356870000000000243e-01 1.637379999999999947e-01
6.946940000000000337e-01 8.045399999999999774e-02
3.680689999999999795e-01 1.535100000000000076e-01
7.115359999999999463e-01 1.422740000000000116e-01
5.208260000000000112e-01 5.310390000000000388e-01
5.281150000000000011e-01 4.538760000000000017e-01
4.078990000000000116e-01 1.981430000000000136e-01
4.363859999999999961e-01 1.071140000000000009e-01
3.410639999999999783e-01 2.664039999999999742e-01
3.282669999999999755e-01 5.191799999999999748e-01
5.826270000000000060e-01 4.465580000000000105e-01
4.928660000000000263e-01 5.239300000000000207e-02
5.880389999999999784e-01 1.714690000000000103e-01
6.643069999999999808e-01 1.082790000000000002e-01
6.815550000000000219e-01 1.927250000000000074e-01
4.084380000000000233e-01 3.237220000000000097e-01
2.723119999999999985e-01 1.792099999999999943e-02
4.371630000000000238e-01 3.712579999999999769e-01
7.424239999999999728e-01 4.244859999999999745e-01
6.046310000000000295e-01 4.928279999999999883e-01
3.937769999999999881e-01 1.701479999999999937e-01
6.179850000000000065e-01 2.684770000000000212e-01
4.564860000000000029e-01 3.204870000000000219e-01
7.093159999999999465e-01 2.264299999999999924e-01
4.376039999999999930e-01 3.264899999999999747e-02
5.137659999999999449e-01 3.189049999999999940e-01
5.257399999999999851e-01 1.694229999999999903e-01
5.988999999999999879e-01 1.821190000000000031e-01
6.166030000000000122e-01 2.119969999999999910e-01
5.712399999999999700e-01 2.036959999999999882e-01
6.420609999999999928e-01 3.070530000000000204e-01
4.950410000000000088e-01 2.940189999999999748e-01
6.346800000000000219e-01 2.426659999999999928e-01
6.734310000000000018e-01 2.317490000000000105e-01
6.041279999999999983e-01 4.676239999999999841e-01
5.613040000000000251e-01 1.937949999999999950e-01
5.837849999999999984e-01 2.135390000000000066e-01
6.308359999999999523e-01 3.128810000000000202e-01
7.311830000000000274e-01 3.462239999999999762e-01
3.792389999999999928e-01 5.153750000000000275e-01
4.857150000000000079e-01 1.671600000000000030e-01
5.229139999999999899e-01 2.520669999999999855e-01
4.809919999999999751e-01 1.368880000000000097e-01
5.769980000000000109e-01 3.444159999999999999e-01
-5.717680000000000540e-01 2.895969999999999933e-01
1.755160000000000053e-01 2.052329999999999988e-01
5.202350000000000030e-01 4.841299999999999770e-02
-8.358500000000000651e-02 6.867450000000000498e-01
7.075000000000000178e-01 5.243679999999999453e-01
-6.561439999999999495e-01 4.296849999999999836e-01
