2.256309999999999982e-01 3.803190000000000182e-01
4.598920000000000230e-01 2.649360000000000048e-01
7.444960000000000466e-01 1.668920000000000126e-01
6.457140000000000102e-01 4.377360000000000140e-01
6.830840000000000245e-01 2.790920000000000067e-01
4.568840000000000123e-01 5.519739999999999647e-01
5.616750000000000353e-01 4.524819999999999953e-01
6.809129999999999905e-01 1.211480000000000057e-01
-5.672300000000000120e-01 4.143979999999999886e-01
6.938450000000000450e-01 1.990470000000000017e-01
4.792699999999999738e-01 2.087870000000000004e-01
5.759750000000000147e-01 -8.919199999999999351e-02
7.330149999999999721e-01 2.120869999999999977e-01
6.290750000000000508e-01 3.898200000000000276e-02
8.096240000000000103e-01 1.710150000000000003e-01
6.206970000000000542e-01 1.949359999999999982e-01
7.056580000000000075e-01 2.349970000000000114e-01
7.449069999999999858e-01 -6.028700000000000031e-02
6.023439999999999905e-01 1.665069999999999883e-01
6.051549999999999985e-01 2.693249999999999811e-01
7.115780000000000438e-01 1.823849999999999916e-01
7.065360000000000529e-01 8.630100000000000271e-02
6.837349999999999817e-01 1.830999999999999989e-02
7.371820000000000039e-01 2.486450000000000049e-01
7.424429999999999641e-01 1.825749999999999873e-01
8.616589999999999527e-01 1.715820000000000123e-01
5.296419999999999462e-01 5.649450000000000305e-01
7.489710000000000534e-01 2.818419999999999814e-01
7.972190000000000110e-01 1.435460000000000069e-01
6.793460000000000054e-01 2.703130000000000255e-01
7.309649999999999759e-01 1.816709999999999992e-01
7.146029999999999882e-01 2.970140000000000002e-01
6.056160000000000432e-01 2.216599999999999959e-01
7.682879999999999709e-01 1.439580000000000026e-01
7.180959999999999566e-01 4.606549999999999812e-01
7.446019999999999861e-01 -8.947599999999999998e-02
7.392140000000000377e-01 3.421969999999999734e-01
8.007009999999999961e-01 9.263000000000000400e-02
8.496160000000000379e-01 -2.779999999999999811e-04
7.239870000000000472e-01 1.564879999999999882e-01
6.199559999999999516e-01 2.013349999999999862e-01
5.410460000000000269e-01 1.385879999999999890e-01
7.764259999999999495e-01 1.947470000000000034e-01
6.278359999999999497e-01 1.155640000000000001e-01
7.119240000000000013e-01 3.444500000000000339e-02
7.386500000000000288e-01 -4.638699999999999768e-02
6.739260000000000250e-01 3.515789999999999749e-01
7.764790000000000303e-01 2.519629999999999925e-01
6.856659999999999977e-01 1.500019999999999964e-01
7.157299999999999773e-01 2.673760000000000026e-01
6.325290000000000079e-01 3.123679999999999790e-01
5.768489999999999451e-01 1.084340000000000026e-01
7.965849999999999875e-01 6.375899999999999623e-02
8.918300000000000116e-01 -4.126999999999999592e-03
5.670619999999999550e-01 1.097299999999999942e-01
7.234089999999999687e-01 5.367000000000000243e-02
7.863550000000000262e-01 3.060220000000000162e-01
6.625079999999999858e-01 6.858100000000000307e-02
8.804119999999999724e-01 9.874600000000000044e-02
6.503579999999999917e-01 3.207760000000000056e-01
5.421070000000000055e-01 4.603760000000000074e-01
6.790629999999999722e-01 2.387499999999999900e-01
8.326259999999999772e-01 2.315929999999999933e-01
7.032100000000000017e-01 9.160699999999999399e-02
6.953819999999999446e-01 4.225940000000000252e-01
7.423889999999999656e-01 6.965000000000000357e-02
6.237399999999999611e-01 2.293890000000000096e-01
6.527399999999999869e-01 3.245970000000000244e-01
7.485460000000000447e-01 1.457700000000000107e-01
7.063239999999999519e-01 2.702080000000000037e-01
8.260750000000000037e-01 2.924579999999999957e-01
7.778180000000000094e-01 2.974399999999999961e-02
8.283610000000000140e-01 1.281120000000000037e-01
8.248940000000000161e-01 1.137490000000000029e-01
6.825480000000000436e-01 1.108900000000000025e-01
8.172939999999999650e-01 2.725500000000000145e-02
6.695210000000000328e-01 2.704969999999999875e-01
8.185200000000000253e-01 5.585199999999999887e-02
5.701129999999999809e-01 1.780960000000000043e-01
7.367040000000000255e-01 1.113539999999999947e-01
6.038959999999999884e-01 -1.829389999999999905e-01
7.831860000000000488e-01 1.268549999999999955e-01
6.532489999999999686e-01 -3.063899999999999957e-02
6.591709999999999514e-01 1.441199999999999946e-02
6.544550000000000090e-01 2.720819999999999905e-01
7.043000000000000371e-01 1.022249999999999964e-01
6.604379999999999695e-01 -5.498800000000000215e-02
6.085300000000000153e-01 4.085119999999999862e-01
7.257259999999999822e-01 -3.470399999999999874e-02
6.989170000000000105e-01 3.757940000000000169e-01
9.164630000000000276e-01 -1.344839999999999924e-01
5.931419999999999471e-01 2.785070000000000046e-01
7.102370000000000072e-01 1.568789999999999907e-01
7.255160000000000498e-01 5.058499999999999802e-02
7.207090000000000440e-01 2.767839999999999745e-01
6.775290000000000479e-01 7.735599999999999421e-02
5.234769999999999701e-01 4.306130000000000235e-01
6.525520000000000209e-01 2.042360000000000009e-01
7.720669999999999478e-01 2.256029999999999980e-01
2.772180000000000200e-01 2.851179999999999826e-01
5.721709999999999852e-01 4.874189999999999912e-01
6.868889999999999718e-01 5.547569999999999446e-01
6.732550000000000479e-01 4.272349999999999759e-01
6.962270000000000403e-01 9.251299999999999801e-02
6.219050000000000411e-01 2.471339999999999926e-01
6.570310000000000317e-01 2.119729999999999948e-01
6.595910000000000384e-01 1.974579999999999946e-01
7.404009999999999758e-01 3.600400000000000267e-01
5.317009999999999792e-01 2.427360000000000073e-01
8.126710000000000322e-01 1.686439999999999884e-01
4.956510000000000082e-01 3.464380000000000237e-01
7.412269999999999692e-01 1.557729999999999948e-01
4.968629999999999991e-01 8.312999999999999556e-02
7.929500000000000437e-01 3.800499999999999712e-02
6.448390000000000510e-01 1.713600000000000123e-01
5.953850000000000531e-01 2.791210000000000080e-01
7.036540000000000017e-01 1.769419999999999882e-01
7.599329999999999696e-01 -1.693199999999999913e-02
7.947849999999999637e-01 1.852570000000000050e-01
6.694989999999999553e-01 4.754400000000000293e-02
6.359420000000000073e-01 1.957569999999999866e-01
7.885480000000000267e-01 -4.330500000000000321e-02
6.089879999999999738e-01 4.393009999999999970e-01
4.525580000000000158e-01 4.534790000000000210e-01
6.554929999999999923e-01 1.924190000000000067e-01
7.002009999999999623e-01 1.350419999999999954e-01
6.007860000000000422e-01 3.091679999999999984e-01
7.458310000000000217e-01 -2.172540000000000027e-01
6.281520000000000437e-01 -1.032300000000000058e-02
7.881909999999999750e-01 -3.902900000000000119e-02
5.817010000000000236e-01 -1.333759999999999946e-01
6.995670000000000499e-01 6.998799999999999466e-02
7.504410000000000247e-01 -1.306219999999999881e-01
7.612799999999999567e-01 1.908739999999999881e-01
6.583740000000000148e-01 1.678459999999999952e-01
7.239780000000000104e-01 -4.870000000000000197e-03
6.571939999999999449e-01 3.747889999999999833e-01
6.493069999999999675e-01 2.659889999999999755e-01
5.944720000000000004e-01 3.522230000000000083e-01
6.940849999999999520e-01 2.670690000000000008e-01
6.640479999999999716e-01 1.439390000000000114e-01
7.123099999999999987e-01 1.706890000000000074e-01
6.673780000000000268e-01 1.395200000000000051e-01
7.871740000000000403e-01 1.883800000000000058e-02
6.963150000000000173e-01 2.065619999999999956e-01
7.293070000000000386e-01 1.006910000000000027e-01
5.051299999999999679e-01 3.268199999999999994e-01
7.746520000000000072e-01 2.485680000000000112e-01
7.201760000000000383e-01 3.977249999999999952e-01
6.235079999999999512e-01 1.520100000000000062e-01
7.628679999999999906e-01 5.982799999999999924e-02
6.738210000000000033e-01 7.042800000000000449e-02
6.365819999999999812e-01 9.388999999999999777e-03
6.839929999999999621e-01 1.140390000000000015e-01
6.114709999999999868e-01 6.300000000000000044e-02
5.751359999999999806e-01 1.798750000000000071e-01
4.910720000000000085e-01 2.008749999999999980e-01
7.063739999999999464e-01 1.948870000000000047e-01
6.935050000000000381e-01 2.769539999999999780e-01
3.493870000000000031e-01 1.877429999999999932e-01
4.949899999999999856e-01 2.400909999999999989e-01
6.194589999999999819e-01 1.550590000000000024e-01
8.527420000000000000e-01 1.198339999999999961e-01
6.208099999999999730e-01 9.906099999999999628e-02
8.430060000000000331e-01 1.028960000000000014e-01
7.492849999999999788e-01 -6.360799999999999788e-02
5.240369999999999751e-01 4.122520000000000073e-01
7.201920000000000543e-01 2.507179999999999964e-01
7.105449999999999822e-01 2.750989999999999824e-01
7.290219999999999478e-01 1.370290000000000119e-01
6.483020000000000449e-01 1.338820000000000010e-01
4.688530000000000197e-01 2.165020000000000000e-01
7.050769999999999538e-01 3.408249999999999891e-01
7.966109999999999580e-01 2.232020000000000115e-01
6.713189999999999991e-01 -3.598400000000000210e-02
7.350299999999999612e-01 8.933099999999999374e-02
6.970309999999999562e-01 3.919489999999999919e-01
7.982690000000000063e-01 1.072110000000000007e-01
4.562869999999999981e-01 1.174179999999999946e-01
7.104629999999999557e-01 2.738970000000000016e-01
8.040929999999999467e-01 7.536299999999999943e-02
8.107339999999999547e-01 -1.412300000000000014e-02
4.771650000000000058e-01 2.835280000000000022e-01
6.438199999999999479e-01 3.287140000000000062e-01
8.204449999999999799e-01 -6.463499999999999801e-02
8.297499999999999876e-01 -4.401700000000000057e-02
7.325920000000000210e-01 2.478899999999999992e-01
7.315850000000000408e-01 2.264970000000000039e-01
6.713820000000000343e-01 -9.445800000000000030e-02
6.387950000000000017e-01 -1.574010000000000131e-01
8.029159999999999631e-01 1.846530000000000116e-01
7.243089999999999806e-01 2.982420000000000071e-01
6.772129999999999539e-01 2.123730000000000062e-01
7.058029999999999582e-01 2.187759999999999982e-01
6.362510000000000110e-01 -1.065299999999999928e-02
6.927269999999999817e-01 2.773579999999999934e-01
7.138820000000000165e-01 7.564099999999999990e-02
7.401290000000000369e-01 1.081099999999999978e-01
6.401499999999999968e-01 2.184550000000000103e-01
7.647570000000000201e-01 -3.121399999999999869e-02
6.321940000000000337e-01 4.938969999999999749e-01
5.351139999999999786e-01 2.846890000000000254e-01
7.182319999999999816e-01 2.487020000000000064e-01
7.894710000000000338e-01 2.474129999999999940e-01
8.229870000000000241e-01 1.082380000000000009e-01
8.497970000000000246e-01 2.271680000000000088e-01
5.972800000000000331e-01 2.514060000000000183e-01
7.350370000000000514e-01 1.351650000000000074e-01
7.911529999999999951e-01 1.346829999999999972e-01
5.680239999999999734e-01 1.067140000000000033e-01
7.046170000000000488e-01 -4.003799999999999720e-02
8.953489999999999505e-01 8.108300000000000229e-02
5.023339999999999472e-01 3.258739999999999970e-01
6.971500000000000474e-01 -8.677899999999999503e-02
9.412479999999999736e-01 -3.135999999999999899e-03
5.995660000000000434e-01 1.217749999999999944e-01
4.751750000000000140e-01 -3.550059999999999882e-01
5.456980000000000164e-01 6.390999999999999459e-02
6.830669999999999797e-01 2.255000000000000060e-02
7.347369999999999735e-01 2.656899999999999817e-01
6.307829999999999826e-01 2.119340000000000113e-01
5.974829999999999863e-01 3.811459999999999848e-01
7.839139999999999997e-01 2.032549999999999912e-01
5.443090000000000428e-01 3.309599999999999764e-01
8.107400000000000162e-01 3.396379999999999955e-01
7.585870000000000113e-01 1.632619999999999905e-01
5.129740000000000411e-01 3.823469999999999924e-01
8.224789999999999601e-01 1.541559999999999875e-01
5.983399999999999830e-01 3.020979999999999777e-01
5.239239999999999453e-01 1.988080000000000125e-01
5.185229999999999562e-01 2.865280000000000049e-01
4.995249999999999968e-01 4.749639999999999973e-01
6.392649999999999721e-01 2.133960000000000024e-01
7.400999999999999801e-01 6.515400000000000358e-02
6.306819999999999649e-01 3.940110000000000001e-01
7.514650000000000496e-01 3.775669999999999860e-01
7.238459999999999894e-01 8.851900000000000046e-02
7.666039999999999521e-01 2.371860000000000079e-01
5.417260000000000408e-01 3.839770000000000127e-01
5.116939999999999822e-01 3.852799999999999975e-02
5.724609999999999976e-01 1.720220000000000082e-01
7.022939999999999738e-01 5.657999999999999835e-03
7.518080000000000318e-01 3.250970000000000248e-01
5.508290000000000131e-01 4.650800000000000073e-02
7.221159999999999801e-01 1.377520000000000133e-01
5.692049999999999610e-01 2.518659999999999788e-01
7.406909999999999883e-01 3.583390000000000186e-01
8.735359999999999792e-01 2.384199999999999861e-02
5.958579999999999988e-01 1.773990000000000011e-01
8.476240000000000441e-01 8.445500000000000229e-02
6.778760000000000341e-01 8.458400000000000640e-02
6.880309999999999482e-01 -3.439000000000000216e-03
5.539849999999999497e-01 2.607110000000000261e-01
6.448749999999999760e-01 -2.347300000000000081e-02
8.281530000000000280e-01 2.587960000000000260e-01
6.255389999999999562e-01 3.418740000000000112e-01
6.785360000000000280e-01 3.486330000000000262e-01
8.386270000000000113e-01 1.864830000000000099e-01
7.717880000000000296e-01 -2.560999999999999908e-03
5.146479999999999944e-01 2.005929999999999935e-01
7.495509999999999673e-01 1.306579999999999964e-01
7.217339999999999867e-01 4.290499999999999869e-02
7.972390000000000310e-01 1.738989999999999980e-01
7.647580000000000489e-01 2.102410000000000112e-01
6.186270000000000380e-01 1.342069999999999930e-01
4.396410000000000040e-01 5.980339999999999545e-01
6.855160000000000142e-01 -5.962599999999999845e-02
3.449579999999999869e-01 2.179030000000000133e-01
7.772200000000000220e-01 4.094199999999999923e-02
6.608570000000000277e-01 3.299300000000000010e-01
5.711519999999999930e-01 1.031220000000000053e-01
6.662719999999999754e-01 -7.777599999999999791e-02
6.364990000000000370e-01 8.921999999999999376e-03
5.697389999999999954e-01 2.492880000000000096e-01
7.225930000000000408e-01 1.949589999999999934e-01
5.777870000000000505e-01 1.211030000000000023e-01
7.292450000000000321e-01 7.077300000000000257e-02
7.475110000000000365e-01 1.046720000000000012e-01
5.606280000000000152e-01 1.644950000000000023e-01
7.632090000000000263e-01 2.922739999999999783e-01
6.962920000000000220e-01 2.536499999999999866e-01
5.817430000000000101e-01 2.401830000000000076e-01
6.233330000000000259e-01 7.910300000000000664e-02
8.191589999999999705e-01 -1.541839999999999877e-01
6.824440000000000506e-01 3.291120000000000156e-01
6.878229999999999622e-01 1.929049999999999931e-01
7.717850000000000543e-01 1.933870000000000033e-01
8.064810000000000034e-01 8.105400000000000105e-02
6.538709999999999800e-01 2.327970000000000039e-01
7.713900000000000201e-01 1.751409999999999911e-01
6.549049999999999594e-01 1.482559999999999989e-01
6.022690000000000543e-01 1.474949999999999872e-01
8.165879999999999805e-01 1.813299999999999912e-01
6.450590000000000490e-01 3.068549999999999889e-01
7.739200000000000523e-01 3.000299999999999842e-02
9.221169999999999645e-01 1.829540000000000055e-01
6.923489999999999922e-01 1.953650000000000109e-01
6.080240000000000089e-01 2.948990000000000222e-01
5.543810000000000127e-01 -1.080279999999999990e-01
6.979480000000000128e-01 1.691580000000000028e-01
8.156219999999999581e-01 -2.372190000000000132e-01
7.406110000000000193e-01 1.363340000000000107e-01
7.352800000000000447e-01 3.100530000000000230e-01
7.117980000000000418e-01 -6.581900000000000250e-02
6.914839999999999876e-01 3.088589999999999947e-01
7.665030000000000454e-01 8.845899999999999597e-02
8.838080000000000380e-01 2.158079999999999998e-01
8.656129999999999658e-01 2.260159999999999947e-01
8.440800000000000525e-01 5.206600000000000117e-02
8.725330000000000030e-01 1.000769999999999993e-01
4.858779999999999766e-01 3.113580000000000236e-01
7.860979999999999634e-01 3.928249999999999797e-01
6.301879999999999704e-01 1.682859999999999912e-01
5.305910000000000348e-01 5.190789999999999571e-01
3.436859999999999915e-01 1.695220000000000060e-01
7.118409999999999460e-01 -1.952900000000000122e-02
8.799780000000000380e-01 1.526240000000000097e-01
7.354819999999999691e-01 6.314500000000000668e-02
6.511029999999999873e-01 2.526470000000000105e-01
5.147469999999999546e-01 1.003190000000000054e-01
5.083149999999999613e-01 3.889859999999999984e-01
5.635369999999999546e-01 1.964130000000000043e-01
7.725929999999999742e-01 3.663480000000000070e-01
7.039860000000000007e-01 6.168699999999999878e-02
7.627450000000000063e-01 3.210779999999999745e-01
7.313880000000000381e-01 1.685939999999999939e-01
7.365479999999999805e-01 2.650950000000000251e-01
6.830439999999999845e-01 2.362279999999999935e-01
6.027670000000000528e-01 1.875159999999999882e-01
7.380419999999999758e-01 8.481800000000000450e-02
4.426220000000000154e-01 3.027469999999999883e-01
7.847250000000000059e-01 1.610550000000000037e-01
8.639200000000000212e-01 1.056870000000000032e-01
7.696159999999999668e-01 2.747530000000000250e-01
6.417239999999999611e-01 3.193429999999999880e-01
6.126489999999999991e-01 2.729289999999999772e-01
6.382799999999999585e-01 2.907719999999999749e-01
7.281919999999999504e-01 3.760830000000000006e-01
8.325860000000000483e-01 2.212290000000000090e-01
7.110830000000000206e-01 5.150000000000000064e-03
6.003370000000000095e-01 8.093300000000000494e-02
5.601589999999999625e-01 2.761049999999999893e-01
6.680099999999999927e-01 8.307000000000000148e-03
6.694470000000000143e-01 1.489149999999999918e-01
7.705589999999999939e-01 1.791530000000000067e-01
5.114440000000000097e-01 2.884200000000000097e-01
7.741660000000000208e-01 3.923349999999999893e-01
6.204030000000000378e-01 5.749400000000000344e-02
6.387119999999999465e-01 1.259260000000000101e-01
6.051779999999999937e-01 5.817699999999999955e-02
7.553739999999999899e-01 8.342499999999999916e-02
4.155139999999999945e-01 1.993999999999999939e-02
4.230010000000000159e-01 1.598509999999999931e-01
6.423450000000000548e-01 5.193099999999999800e-02
5.808680000000000510e-01 9.064400000000000235e-02
4.562419999999999809e-01 1.533220000000000138e-01
6.168590000000000462e-01 1.541059999999999930e-01
7.963580000000000103e-01 9.733600000000000585e-02
4.094019999999999881e-01 1.678070000000000117e-01
6.904120000000000257e-01 4.642500000000000099e-02
6.722810000000000175e-01 1.973850000000000049e-01
6.002960000000000518e-01 2.038359999999999894e-01
7.814720000000000555e-01 2.185120000000000118e-01
7.628840000000000066e-01 3.615399999999999864e-02
7.400860000000000216e-01 4.975000000000000255e-03
7.797250000000000014e-01 -5.813000000000000111e-02
7.028079999999999883e-01 1.631950000000000067e-01
6.776729999999999698e-01 2.615759999999999752e-01
6.549960000000000226e-01 1.279150000000000009e-01
7.184099999999999930e-01 1.217889999999999945e-01
5.865609999999999991e-01 2.323429999999999940e-01
3.982319999999999749e-01 3.809980000000000033e-01
6.142279999999999962e-01 3.306040000000000090e-01
4.907460000000000155e-01 3.735720000000000152e-01
7.817140000000000200e-01 6.387600000000000222e-02
5.060480000000000533e-01 2.776460000000000039e-01
5.170770000000000088e-01 5.337699999999999667e-01
5.869309999999999805e-01 8.007499999999999341e-02
7.036740000000000217e-01 4.843999999999999695e-02
5.554620000000000113e-01 3.542810000000000126e-01
7.192359999999999864e-01 2.736779999999999768e-01
7.347010000000000485e-01 3.499700000000000033e-02
7.097010000000000263e-01 1.464779999999999971e-01
5.791460000000000496e-01 3.413220000000000143e-01
6.410289999999999599e-01 9.911000000000000365e-02
6.828870000000000218e-01 2.160980000000000123e-01
6.294459999999999500e-01 1.771320000000000117e-01
6.288089999999999513e-01 3.408820000000000183e-01
5.935570000000000013e-01 1.973979999999999901e-01
7.436850000000000405e-01 1.004400000000000015e-01
6.587920000000000442e-01 2.794590000000000130e-01
5.862579999999999458e-01 2.385299999999999920e-01
5.788959999999999662e-01 1.054660000000000042e-01
3.233360000000000123e-01 4.236739999999999950e-01
6.240959999999999841e-01 1.921539999999999915e-01
7.690869999999999651e-01 2.822660000000000169e-01
7.954989999999999561e-01 9.309800000000000020e-02
6.720490000000000075e-01 2.175420000000000131e-01
7.119959999999999622e-01 2.587809999999999833e-01
6.219649999999999901e-01 1.683900000000000119e-01
6.914090000000000513e-01 -3.054700000000000124e-02
7.096270000000000078e-01 4.120800000000000018e-01
6.879619999999999624e-01 2.484499999999999903e-02
6.776159999999999961e-01 1.931370000000000031e-01
6.565260000000000540e-01 2.691500000000000142e-02
6.699330000000000007e-01 1.758949999999999958e-01
6.000170000000000226e-01 2.662189999999999834e-01
6.664259999999999629e-01 1.102749999999999980e-01
6.257660000000000444e-01 2.737129999999999841e-01
7.876980000000000093e-01 1.684499999999999886e-01
7.902749999999999497e-01 8.788999999999999591e-02
7.145369999999999777e-01 3.271620000000000084e-01
6.129949999999999566e-01 5.468999999999999903e-03
7.304220000000000157e-01 3.113399999999999848e-02
8.199300000000000477e-01 2.534649999999999959e-01
6.319559999999999622e-01 2.950590000000000157e-01
5.301649999999999974e-01 1.040319999999999995e-01
7.278759999999999675e-01 2.703240000000000087e-01
6.979340000000000543e-01 -2.450469999999999871e-01
5.523540000000000116e-01 4.787429999999999741e-01
6.945789999999999464e-01 3.453280000000000238e-01
7.371379999999999599e-01 2.050019999999999898e-01
6.900479999999999947e-01 1.232950000000000018e-01
6.079550000000000232e-01 1.411830000000000029e-01
7.504199999999999759e-01 1.030859999999999971e-01
7.312729999999999508e-01 1.291239999999999888e-01
6.176909999999999901e-01 1.519250000000000045e-01
8.582940000000000014e-01 3.318110000000000226e-01
5.262639999999999540e-01 7.447999999999999760e-03
7.206129999999999480e-01 -2.992699999999999874e-02
6.624929999999999986e-01 1.799640000000000128e-01
5.459600000000000009e-01 2.547490000000000032e-01
6.837480000000000224e-01 -5.088299999999999768e-02
7.201359999999999983e-01 2.209280000000000133e-01
6.665579999999999838e-01 -4.584099999999999980e-02
5.636349999999999971e-01 4.504889999999999728e-01
5.582949999999999857e-01 4.124729999999999785e-01
8.381359999999999921e-01 1.571549999999999891e-01
6.831789999999999807e-01 1.420000000000000082e-02
7.900019999999999820e-01 3.412519999999999998e-01
6.854839999999999822e-01 4.052499999999999991e-01
6.084659999999999513e-01 4.061999999999999639e-03
6.461299999999999821e-01 2.193009999999999959e-01
7.671590000000000353e-01 1.304960000000000009e-01
7.175460000000000171e-01 2.975740000000000052e-01
6.232929999999999859e-01 1.762749999999999873e-01
7.399689999999999879e-01 5.502400000000000346e-02
4.902230000000000198e-01 8.390999999999999848e-02
4.777210000000000067e-01 2.178130000000000066e-01
6.580139999999999878e-01 2.681049999999999822e-01
-6.466370000000000173e-01 3.405219999999999914e-01
4.996659999999999990e-01 2.454429999999999945e-01
4.856860000000000066e-01 6.661160000000000414e-01
4.756110000000000060e-01 5.023600000000000287e-01
1.394950000000000079e-01 6.083720000000000239e-01
4.745789999999999731e-01 5.122679999999999456e-01
5.279840000000000089e-01 4.786929999999999796e-01
6.238320000000000531e-01 5.933960000000000345e-01
5.100050000000000416e-01 6.307909999999999906e-01
4.474770000000000136e-01 6.033560000000000034e-01
6.069480000000000430e-01 2.013220000000000010e-01
6.398700000000000498e-01 6.385159999999999725e-01
6.025319999999999565e-01 6.326640000000000041e-01
4.259109999999999840e-01 4.611970000000000236e-01
7.450599999999999445e-01 3.245350000000000179e-01
4.763600000000000056e-01 5.807390000000000052e-01
4.997210000000000263e-01 5.377380000000000493e-01
6.982629999999999670e-01 3.273840000000000083e-01
8.134109999999999951e-01 2.888649999999999829e-01
6.836560000000000414e-01 3.042940000000000089e-01
4.736549999999999927e-01 2.666049999999999809e-01
6.210639999999999494e-01 3.524439999999999795e-01
7.386369999999999880e-01 4.503989999999999938e-01
6.086430000000000451e-01 5.990950000000000442e-01
5.884580000000000366e-01 5.605959999999999832e-01
8.158180000000000431e-01 3.399280000000000079e-01
7.044880000000000031e-01 3.756840000000000179e-01
5.028329999999999744e-01 6.321569999999999689e-01
5.412599999999999634e-01 5.795299999999999896e-01
7.278310000000000057e-01 3.278030000000000110e-01
6.589420000000000277e-01 5.895740000000000425e-01
7.065270000000000161e-01 4.730570000000000053e-01
5.821730000000000516e-01 5.095199999999999729e-01
7.217949999999999644e-01 3.284630000000000050e-01
7.804569999999999563e-01 2.923680000000000168e-01
6.888670000000000071e-01 3.262720000000000065e-01
5.936029999999999918e-01 4.272639999999999771e-01
5.587889999999999802e-01 5.466820000000000013e-01
6.600099999999999856e-01 3.690820000000000212e-01
5.199570000000000025e-01 5.454440000000000399e-01
4.288440000000000030e-01 7.351320000000000077e-01
5.795050000000000479e-01 5.298859999999999681e-01
4.478989999999999916e-01 9.026250000000000107e-01
5.988459999999999894e-01 5.258239999999999581e-01
8.407139999999999613e-01 2.258890000000000065e-01
5.580490000000000173e-01 3.388349999999999973e-01
7.381799999999999473e-01 4.312840000000000007e-01
6.508930000000000549e-01 8.368699999999999750e-02
5.640420000000000433e-01 6.455220000000000402e-01
7.351940000000000142e-01 3.204089999999999994e-01
6.394760000000000444e-01 3.951609999999999845e-01
5.483460000000000001e-01 5.347889999999999588e-01
4.487999999999999767e-01 4.426519999999999899e-01
3.506520000000000192e-01 6.484400000000000164e-01
5.997989999999999711e-01 2.866319999999999979e-01
6.113399999999999945e-01 5.504059999999999508e-01
3.749870000000000148e-01 7.922630000000000505e-01
6.316699999999999537e-01 5.679229999999999556e-01
5.797630000000000283e-01 3.064709999999999934e-01
5.289030000000000120e-01 2.397829999999999961e-01
5.268829999999999902e-01 4.524909999999999766e-01
4.831980000000000164e-01 4.618229999999999835e-01
6.374069999999999458e-01 1.995039999999999869e-01
5.637250000000000316e-01 1.280090000000000117e-01
6.953519999999999701e-01 2.394709999999999894e-01
5.513789999999999525e-01 2.005250000000000088e-01
4.812029999999999919e-01 2.748240000000000127e-01
7.701139999999999652e-01 2.952279999999999904e-01
8.112960000000000171e-01 2.106149999999999967e-01
4.763359999999999816e-01 4.619130000000000180e-01
7.140859999999999985e-01 2.562880000000000158e-01
6.425079999999999680e-01 2.582550000000000123e-01
6.573379999999999779e-01 1.854000000000000092e-01
6.963949999999999863e-01 3.544760000000000133e-01
7.729740000000000499e-01 2.784619999999999873e-01
3.657030000000000003e-01 3.722130000000000161e-01
6.424239999999999950e-01 2.519810000000000105e-01
5.701279999999999681e-01 1.566110000000000002e-01
8.068290000000000184e-01 2.201929999999999998e-01
8.077349999999999808e-01 1.050869999999999999e-01
7.548500000000000210e-01 1.040459999999999996e-01
5.740690000000000515e-01 1.141579999999999956e-01
5.681699999999999529e-01 4.707499999999999879e-02
6.152779999999999916e-01 1.004789999999999989e-01
7.588489999999999958e-01 1.797199999999999909e-01
6.486769999999999481e-01 3.316339999999999844e-01
6.492029999999999745e-01 2.881759999999999877e-01
7.826760000000000383e-01 2.605020000000000113e-01
7.048839999999999550e-01 2.254980000000000040e-01
5.571469999999999478e-01 3.327229999999999910e-01
8.084419999999999940e-01 2.244160000000000044e-01
7.219700000000000006e-01 8.720200000000000173e-02
7.379219999999999668e-01 2.830420000000000158e-01
6.331660000000000066e-01 1.377140000000000031e-01
6.431320000000000370e-01 4.400919999999999832e-01
8.448299999999999699e-01 1.923060000000000047e-01
6.023420000000000440e-01 2.677970000000000073e-01
4.797219999999999818e-01 1.888140000000000096e-01
7.330550000000000122e-01 2.540009999999999768e-01
8.315299999999999914e-01 1.103859999999999980e-01
5.956860000000000488e-01 2.805480000000000196e-01
6.156479999999999730e-01 4.378119999999999790e-01
6.598180000000000156e-01 7.852099999999999358e-02
8.121399999999999730e-01 1.216340000000000060e-01
5.695500000000000007e-01 1.483690000000000009e-01
5.445590000000000153e-01 2.590800000000000047e-02
5.444149999999999823e-01 2.107819999999999971e-01
4.468690000000000162e-01 1.382670000000000010e-01
6.374119999999999786e-01 3.764819999999999833e-01
5.234480000000000244e-01 3.170370000000000132e-01
6.676760000000000472e-01 1.693500000000000005e-01
7.109560000000000324e-01 3.171220000000000150e-01
6.828769999999999563e-01 2.501720000000000055e-01
7.921479999999999633e-01 1.839850000000000096e-01
6.024270000000000458e-01 2.934280000000000221e-01
7.199889999999999901e-01 9.043099999999999750e-02
7.755840000000000511e-01 1.272240000000000038e-01
8.446839999999999904e-01 9.380399999999999849e-02
5.340049999999999519e-01 2.588320000000000065e-01
6.889189999999999481e-01 1.311440000000000106e-01
4.815380000000000216e-01 4.052490000000000259e-01
9.199709999999999832e-01 1.594279999999999864e-01
4.468010000000000037e-01 1.596779999999999866e-01
6.196260000000000101e-01 3.865549999999999820e-01
8.062449999999999894e-01 2.917489999999999806e-01
9.275349999999999984e-01 3.622399999999999926e-02
7.606380000000000363e-01 1.618960000000000121e-01
5.994639999999999969e-01 2.168160000000000087e-01
7.548169999999999602e-01 2.686970000000000192e-01
5.678579999999999739e-01 2.925280000000000102e-01
4.717060000000000142e-01 9.624800000000000022e-02
4.844979999999999842e-01 3.127340000000000120e-01
5.555550000000000210e-01 2.738849999999999896e-01
8.003390000000000226e-01 2.139479999999999993e-01
6.558380000000000321e-01 3.077929999999999833e-01
5.882319999999999771e-01 6.325500000000000567e-02
7.371159999999999934e-01 2.913370000000000126e-01
7.771740000000000315e-01 2.934499999999999886e-01
7.561090000000000311e-01 1.644100000000000006e-01
4.629969999999999919e-01 3.616989999999999927e-01
7.023559999999999803e-01 1.133009999999999989e-01
5.926599999999999646e-01 -7.014000000000000269e-03
7.423300000000000454e-01 2.344890000000000030e-01
7.858340000000000325e-01 1.014390000000000014e-01
5.272559999999999469e-01 2.229230000000000100e-01
5.850629999999999997e-01 2.004150000000000098e-01
4.815829999999999833e-01 3.629220000000000224e-01
6.279839999999999867e-01 3.558180000000000232e-01
6.414419999999999566e-01 3.529660000000000020e-01
5.588180000000000369e-01 1.396630000000000094e-01
6.030839999999999534e-01 3.213770000000000238e-01
6.180010000000000225e-01 2.251420000000000088e-01
6.378650000000000153e-01 -3.115499999999999867e-02
6.701850000000000307e-01 5.029959999999999987e-01
7.216270000000000184e-01 3.565840000000000121e-01
5.588020000000000209e-01 2.596499999999999919e-01
5.477079999999999727e-01 1.876829999999999887e-01
4.807080000000000242e-01 4.136210000000000164e-01
7.220860000000000056e-01 2.300399999999999945e-01
6.571350000000000247e-01 1.988010000000000055e-01
7.953639999999999599e-01 7.484000000000000374e-02
4.414089999999999958e-01 5.626670000000000282e-01
6.067690000000000028e-01 1.579909999999999926e-01
4.499000000000000221e-01 3.079700000000000146e-02
6.315009999999999790e-01 -1.950899999999999856e-02
5.705879999999999841e-01 2.052229999999999888e-01
4.414609999999999923e-01 4.180380000000000207e-01
7.997140000000000359e-01 9.504400000000000348e-02
8.278330000000000410e-01 2.048939999999999928e-01
5.202790000000000470e-01 3.709100000000000175e-01
7.534710000000000019e-01 1.129349999999999937e-01
5.278760000000000119e-01 2.497000000000000053e-01
6.521489999999999787e-01 -3.518500000000000100e-02
6.189609999999999834e-01 2.120630000000000015e-01
5.800110000000000543e-01 3.556619999999999782e-01
7.991209999999999702e-01 2.203579999999999983e-01
6.971469999999999612e-01 1.153359999999999941e-01
7.838070000000000315e-01 2.203680000000000083e-01
5.560159999999999547e-01 3.027859999999999996e-01
5.892880000000000340e-01 1.791119999999999934e-01
4.876739999999999964e-01 3.356439999999999979e-01
6.820840000000000236e-01 4.882199999999999734e-02
4.511220000000000230e-01 4.092250000000000054e-01
7.743370000000000530e-01 2.342619999999999980e-01
6.503569999999999629e-01 1.947290000000000132e-01
5.085349999999999593e-01 2.724260000000000015e-01
6.240350000000000064e-01 1.891170000000000073e-01
5.975899999999999546e-01 2.712919999999999776e-01
8.388290000000000468e-01 1.593849999999999989e-01
6.119609999999999772e-01 4.306059999999999888e-01
5.835780000000000411e-01 3.835169999999999968e-01
7.461069999999999647e-01 3.926500000000000129e-02
5.156859999999999777e-01 2.037289999999999934e-01
7.401170000000000249e-01 1.423729999999999996e-01
6.646870000000000278e-01 1.508589999999999931e-01
7.798380000000000312e-01 1.796429999999999971e-01
6.885299999999999754e-01 1.541909999999999947e-01
5.966449999999999809e-01 1.376829999999999998e-01
7.505699999999999594e-01 3.971700000000000230e-02
6.605130000000000168e-01 2.095120000000000038e-01
6.775299999999999656e-01 2.692760000000000153e-01
7.762750000000000483e-01 1.115359999999999963e-01
7.489080000000000181e-01 2.880400000000000182e-01
8.332899999999999752e-01 3.140600000000000058e-01
7.545709999999999917e-01 1.405200000000000025e-02
5.883009999999999629e-01 8.638500000000000345e-02
7.967790000000000150e-01 1.868779999999999886e-01
7.009039999999999715e-01 2.967730000000000090e-01
5.634270000000000111e-01 2.923430000000000195e-01
7.329520000000000479e-01 2.270629999999999871e-01
6.232400000000000162e-01 9.133099999999999552e-02
6.856520000000000392e-01 1.925709999999999922e-01
5.774610000000000021e-01 2.511349999999999971e-01
7.166059999999999652e-01 9.620999999999999344e-03
6.296589999999999687e-01 2.878809999999999980e-01
6.427519999999999900e-01 2.470299999999999926e-02
5.257249999999999979e-01 3.288849999999999829e-01
8.396190000000000042e-01 -1.081099999999999943e-02
7.457240000000000535e-01 1.722110000000000030e-01
6.792280000000000539e-01 1.485970000000000069e-01
5.313400000000000345e-01 2.051530000000000020e-01
5.591110000000000246e-01 3.099740000000000273e-01
7.753069999999999684e-01 2.563540000000000263e-01
7.649380000000000068e-01 2.286779999999999924e-01
6.689030000000000253e-01 3.578990000000000227e-01
7.808300000000000241e-01 2.201519999999999866e-01
7.217270000000000074e-01 2.565660000000000163e-01
4.879379999999999828e-01 2.806830000000000158e-01
6.656180000000000430e-01 2.262889999999999902e-01
6.147209999999999619e-01 2.047209999999999863e-01
5.741680000000000117e-01 2.599429999999999796e-01
5.645790000000000530e-01 4.125639999999999863e-01
5.650770000000000515e-01 2.420970000000000066e-01
4.323890000000000233e-01 1.911029999999999951e-01
5.877649999999999819e-01 2.598380000000000134e-01
6.244929999999999648e-01 1.637879999999999892e-01
6.426279999999999770e-01 -1.498450000000000060e-01
5.534200000000000230e-01 -1.226269999999999999e-01
5.710699999999999665e-01 2.860820000000000030e-01
6.957309999999999883e-01 1.988199999999999967e-01
7.485610000000000319e-01 6.344299999999999939e-02
6.895470000000000210e-01 3.675229999999999886e-01
6.535710000000000131e-01 3.407359999999999833e-01
8.195249999999999480e-01 1.859810000000000074e-01
6.986210000000000475e-01 1.948459999999999914e-01
7.202450000000000241e-01 -4.605800000000000172e-02
7.637819999999999609e-01 3.652940000000000076e-01
8.013169999999999460e-01 3.603800000000000059e-02
7.556840000000000224e-01 1.769840000000000024e-01
6.495760000000000423e-01 -7.185999999999999679e-03
7.843499999999999917e-01 3.402800000000000269e-02
7.212420000000000497e-01 -3.510599999999999832e-02
7.160459999999999603e-01 2.046699999999999908e-02
6.966329999999999467e-01 1.633439999999999892e-01
6.281689999999999774e-01 -4.382650000000000157e-01
6.430420000000000025e-01 2.776410000000000267e-01
7.744539999999999758e-01 2.281960000000000099e-01
6.627769999999999495e-01 9.573600000000000165e-02
4.925970000000000071e-01 6.991999999999999604e-02
7.132680000000000131e-01 3.317379999999999773e-01
6.581169999999999520e-01 1.561520000000000130e-01
4.187690000000000023e-01 2.948419999999999930e-01
6.810420000000000362e-01 2.980450000000000044e-01
5.982159999999999700e-01 2.771689999999999987e-01
6.447669999999999790e-01 1.009950000000000014e-01
6.030290000000000372e-01 2.621979999999999866e-01
7.034620000000000317e-01 3.554800000000000182e-01
8.272939999999999738e-01 1.018710000000000032e-01
5.940260000000000540e-01 2.512190000000000256e-01
8.021190000000000264e-01 6.382999999999999785e-02
7.065660000000000274e-01 3.169130000000000003e-01
7.940230000000000343e-01 1.143710000000000004e-01
6.868840000000000501e-01 -9.700499999999999401e-02
7.460919999999999774e-01 2.297279999999999878e-01
7.171220000000000372e-01 2.111409999999999954e-01
7.554260000000000419e-01 3.420170000000000154e-01
9.280319999999999681e-01 2.572889999999999899e-01
8.925939999999999985e-01 1.826589999999999880e-01
7.517629999999999590e-01 2.389360000000000095e-01
7.152389999999999581e-01 4.229029999999999734e-01
6.573419999999999819e-01 4.122129999999999961e-01
6.592909999999999604e-01 2.121299999999999922e-02
7.315519999999999801e-01 6.106199999999999822e-02
7.528719999999999857e-01 1.991920000000000079e-01
7.539249999999999563e-01 1.599250000000000116e-01
6.097630000000000550e-01 -2.821000000000000157e-03
6.922840000000000105e-01 8.095199999999999618e-02
7.274779999999999580e-01 3.706369999999999942e-01
6.915270000000000028e-01 1.085160000000000013e-01
7.667209999999999859e-01 2.832999999999999963e-01
6.696389999999999842e-01 4.106650000000000023e-01
5.797790000000000443e-01 3.858179999999999943e-01
6.983390000000000430e-01 5.453800000000000314e-02
7.382619999999999738e-01 3.222149999999999737e-01
7.711329999999999574e-01 -1.366200000000000053e-02
8.797800000000000065e-01 -6.258900000000000574e-02
5.472380000000000022e-01 9.679500000000000604e-02
7.910500000000000309e-01 -6.030999999999999903e-03
7.107059999999999489e-01 2.132830000000000004e-01
6.809699999999999642e-01 5.773699999999999666e-02
7.396770000000000289e-01 1.770609999999999962e-01
7.543619999999999770e-01 1.147240000000000065e-01
7.629949999999999788e-01 2.628229999999999733e-01
7.042570000000000219e-01 7.202400000000000468e-02
6.364619999999999722e-01 2.911860000000000004e-01
5.935970000000000413e-01 6.829000000000000348e-02
4.054340000000000166e-01 1.608340000000000047e-01
4.671259999999999857e-01 2.008600000000000108e-01
4.967110000000000136e-01 3.036590000000000122e-01
3.645419999999999772e-01 2.035079999999999945e-01
4.857730000000000103e-01 8.970000000000000109e-04
6.560639999999999805e-01 2.452060000000000073e-01
6.255420000000000424e-01 2.071089999999999876e-01
5.493740000000000290e-01 3.547040000000000193e-01
6.019780000000000131e-01 2.053000000000000103e-01
7.490909999999999513e-01 2.452700000000000019e-02
6.415429999999999744e-01 2.024219999999999908e-01
7.176350000000000229e-01 2.176839999999999886e-01
5.488709999999999978e-01 3.149359999999999937e-01
5.488849999999999563e-01 8.134199999999999764e-02
6.743820000000000370e-01 2.902300000000000019e-02
7.852510000000000323e-01 1.083820000000000061e-01
7.596289999999999987e-01 3.092999999999999916e-02
4.053740000000000121e-01 5.759030000000000538e-01
6.390959999999999974e-01 1.604790000000000105e-01
6.564780000000000060e-01 1.976839999999999986e-01
9.027359999999999829e-01 -5.560500000000000165e-02
7.657129999999999770e-01 1.406030000000000058e-01
6.896240000000000148e-01 2.967609999999999970e-01
4.648140000000000049e-01 3.498660000000000103e-01
6.985419999999999963e-01 -1.140240000000000004e-01
7.416740000000000554e-01 3.363519999999999843e-01
5.077559999999999851e-01 3.081530000000000102e-01
7.309649999999999759e-01 3.164969999999999728e-01
7.158069999999999711e-01 2.960160000000000013e-01
7.695089999999999986e-01 8.039399999999999324e-02
5.570270000000000499e-01 4.682149999999999923e-01
6.042210000000000081e-01 3.415199999999999902e-01
5.182109999999999772e-01 3.971399999999999930e-02
7.241640000000000299e-01 -1.063899999999999915e-02
7.027330000000000521e-01 1.919009999999999883e-01
5.791709999999999914e-01 2.464570000000000094e-01
5.778370000000000450e-01 3.063609999999999944e-01
7.327259999999999884e-01 1.424120000000000108e-01
7.083230000000000359e-01 1.488099999999999978e-01
8.777500000000000302e-01 1.404410000000000103e-01
4.537320000000000242e-01 2.096139999999999948e-01
6.327979999999999716e-01 2.471869999999999901e-01
8.177879999999999594e-01 9.943200000000000649e-02
5.845230000000000148e-01 1.811369999999999925e-01
7.404490000000000238e-01 9.213200000000000556e-02
7.136320000000000441e-01 1.405399999999999983e-01
6.444370000000000376e-01 3.633200000000000318e-02
6.409799999999999942e-01 3.855979999999999963e-01
6.725740000000000052e-01 1.178840000000000027e-01
6.592780000000000307e-01 1.180640000000000023e-01
5.871709999999999985e-01 6.047799999999999704e-02
7.691249999999999476e-01 4.862000000000000002e-03
5.740079999999999627e-01 3.746669999999999723e-01
7.742360000000000353e-01 -1.179439999999999933e-01
6.026230000000000198e-01 4.777219999999999800e-01
6.855930000000000080e-01 1.695200000000000040e-01
7.066360000000000419e-01 2.044169999999999876e-01
7.313589999999999813e-01 1.628729999999999900e-01
6.467370000000000063e-01 2.614739999999999842e-01
9.237790000000000168e-01 1.156999999999999973e-01
6.991000000000000547e-01 2.446820000000000106e-01
6.127129999999999521e-01 1.187700000000000006e-01
7.187109999999999888e-01 -8.798000000000000265e-03
7.492039999999999811e-01 2.497389999999999888e-01
7.314509999999999623e-01 8.894100000000000616e-02
5.778510000000000035e-01 3.001480000000000259e-01
5.306859999999999911e-01 3.045780000000000154e-01
7.112039999999999473e-01 2.416179999999999994e-01
4.274270000000000014e-01 2.896869999999999723e-01
8.158199999999999896e-01 3.357580000000000009e-01
6.717199999999999838e-01 2.664699999999999847e-01
5.965430000000000454e-01 1.647200000000000053e-02
6.782099999999999795e-01 3.082590000000000052e-01
6.913010000000000543e-01 1.499520000000000020e-01
7.814600000000000435e-01 8.622299999999999409e-02
8.053019999999999623e-01 1.143720000000000014e-01
7.483100000000000307e-01 1.855710000000000137e-01
6.450559999999999627e-01 3.510510000000000019e-01
4.716890000000000249e-01 1.667700000000000016e-01
7.284640000000000004e-01 2.213299999999999990e-02
6.908879999999999466e-01 2.989729999999999888e-01
7.321090000000000098e-01 -1.805800000000000113e-02
5.524440000000000461e-01 2.023169999999999968e-01
6.664499999999999869e-01 3.318949999999999956e-01
7.166109999999999980e-01 1.361499999999999932e-01
8.561199999999999921e-01 2.269899999999999973e-01
7.511229999999999851e-01 1.141940000000000038e-01
3.837769999999999793e-01 7.240119999999999889e-01
3.208150000000000168e-01 5.346959999999999491e-01
5.927529999999999744e-01 1.446280000000000066e-01
7.027219999999999578e-01 -9.291999999999999912e-03
7.741139999999999688e-01 1.438300000000000134e-01
6.239240000000000341e-01 2.246410000000000073e-01
7.556270000000000486e-01 4.116940000000000044e-01
6.689880000000000271e-01 3.047920000000000074e-01
7.284640000000000004e-01 2.565740000000000243e-01
7.989699999999999580e-01 3.540900000000000297e-02
7.349940000000000362e-01 9.514200000000000434e-02
5.817860000000000253e-01 2.169000000000000095e-01
8.184719999999999773e-01 4.203699999999999798e-02
4.922889999999999766e-01 3.253650000000000153e-01
5.120299999999999851e-01 2.161990000000000023e-01
6.663949999999999596e-01 2.865099999999999938e-02
7.018889999999999851e-01 3.057210000000000205e-01
7.951949999999999852e-01 1.019530000000000020e-01
7.651940000000000408e-01 3.023520000000000096e-01
6.686100000000000376e-01 2.317800000000000138e-01
6.547699999999999632e-01 2.017029999999999934e-01
5.450230000000000352e-01 3.453200000000000158e-01
7.257820000000000382e-01 3.609109999999999818e-01
7.403769999999999518e-01 -1.863480000000000136e-01
6.423229999999999773e-01 2.123369999999999980e-01
6.412459999999999827e-01 1.178529999999999994e-01
6.050100000000000477e-01 2.997960000000000069e-01
8.445719999999999894e-01 1.067170000000000063e-01
7.532499999999999751e-01 1.899569999999999870e-01
7.671700000000000186e-01 9.211900000000000643e-02
5.912749999999999950e-01 3.713319999999999954e-01
5.579910000000000148e-01 3.605479999999999796e-01
7.060440000000000049e-01 2.722149999999999848e-01
7.091910000000000158e-01 2.143049999999999955e-01
6.467859999999999721e-01 3.529930000000000012e-01
7.147369999999999557e-01 2.556410000000000071e-01
6.153250000000000108e-01 3.047409999999999841e-01
6.856889999999999930e-01 3.754009999999999847e-01
6.036200000000000454e-01 1.419330000000000036e-01
4.966180000000000039e-01 4.757379999999999942e-01
6.483750000000000346e-01 3.142860000000000098e-01
6.076270000000000282e-01 2.849889999999999923e-01
8.273420000000000218e-01 5.917800000000000143e-02
5.607619999999999827e-01 1.015520000000000034e-01
8.484340000000000215e-01 8.404300000000000659e-02
4.716960000000000042e-01 3.992249999999999965e-01
5.005669999999999842e-01 4.468489999999999962e-01
7.508629999999999471e-01 4.156699999999999978e-02
7.401539999999999786e-01 3.491119999999999779e-01
7.602050000000000196e-01 1.271170000000000078e-01
6.503550000000000164e-01 2.120070000000000010e-01
6.123650000000000482e-01 2.077749999999999875e-01
3.575349999999999917e-01 2.730310000000000237e-01
8.221739999999999604e-01 2.917469999999999786e-01
7.261450000000000404e-01 1.097029999999999950e-01
6.903040000000000287e-01 2.373899999999999899e-01
7.302980000000000027e-01 1.209780000000000022e-01
6.156359999999999610e-01 -9.541900000000000381e-02
6.579530000000000101e-01 3.075760000000000161e-01
8.119969999999999688e-01 2.693909999999999916e-01
6.226519999999999833e-01 1.379410000000000081e-01
5.905529999999999946e-01 3.166680000000000050e-01
5.962610000000000410e-01 1.028739999999999932e-01
5.723179999999999934e-01 2.416149999999999964e-01
7.539569999999999883e-01 2.129290000000000072e-01
7.569059999999999677e-01 3.446779999999999844e-01
5.933450000000000113e-01 -1.539449999999999985e-01
7.038499999999999757e-01 4.172480000000000078e-01
6.973939999999999584e-01 2.908789999999999987e-01
7.427869999999999751e-01 2.970499999999999807e-01
8.429590000000000138e-01 2.297029999999999905e-01
6.646440000000000126e-01 1.750430000000000041e-01
7.114650000000000141e-01 8.267700000000000049e-02
8.688219999999999832e-01 2.655520000000000103e-01
7.005639999999999645e-01 2.095940000000000025e-01
6.750540000000000429e-01 8.871999999999999678e-03
6.917569999999999553e-01 2.076590000000000102e-01
8.582880000000000509e-01 2.348419999999999952e-01
6.290729999999999933e-01 2.500379999999999825e-01
7.294929999999999470e-01 1.447289999999999965e-01
7.576469999999999594e-01 1.070590000000000014e-01
6.993209999999999704e-01 1.168369999999999964e-01
6.794689999999999896e-01 1.401689999999999880e-01
5.972129999999999939e-01 3.058100000000000054e-02
7.276270000000000238e-01 -2.386100000000000027e-02
6.870549999999999713e-01 3.053420000000000023e-01
5.860919999999999463e-01 3.280850000000000155e-01
7.208010000000000250e-01 1.615389999999999882e-01
6.557600000000000096e-01 -6.472100000000000075e-02
8.287790000000000434e-01 2.548909999999999787e-01
7.635790000000000077e-01 2.880440000000000222e-01
6.494910000000000405e-01 -4.782999999999999752e-02
5.924960000000000226e-01 1.682950000000000002e-01
8.242169999999999774e-01 1.150299999999999934e-02
5.873390000000000555e-01 3.053640000000000243e-01
8.377120000000000122e-01 1.452819999999999945e-01
8.230640000000000178e-01 3.525940000000000185e-01
7.042939999999999756e-01 3.793989999999999863e-01
7.490050000000000319e-01 4.836599999999999927e-02
6.475389999999999757e-01 -2.903299999999999978e-02
5.926430000000000309e-01 2.653409999999999935e-01
5.543379999999999974e-01 -1.255100000000000104e-01
5.460450000000000026e-01 1.961729999999999863e-01
4.525560000000000138e-01 3.281419999999999892e-01
8.074029999999999818e-01 2.032130000000000047e-01
5.118819999999999482e-01 2.471659999999999968e-01
7.479500000000000037e-01 2.648570000000000091e-01
7.145810000000000217e-01 -1.249350000000000044e-01
8.461140000000000327e-01 -3.002499999999999961e-02
6.351200000000000179e-01 3.318829999999999836e-01
5.371700000000000363e-01 2.818640000000000034e-01
7.711470000000000269e-01 1.299819999999999864e-01
7.090170000000000083e-01 2.860550000000000037e-01
7.418299999999999894e-01 2.802359999999999851e-01
5.227450000000000152e-01 2.182630000000000126e-01
5.889219999999999455e-01 -6.954399999999999471e-02
7.983400000000000496e-01 1.089100000000000068e-01
7.635150000000000547e-01 2.311660000000000104e-01
7.825429999999999886e-01 4.873000000000000248e-02
8.772560000000000358e-01 -5.219300000000000328e-02
4.164769999999999861e-01 2.019050000000000011e-01
7.466450000000000031e-01 4.628100000000000269e-02
7.326110000000000122e-01 5.941300000000000053e-02
7.807220000000000271e-01 2.821670000000000011e-01
6.747589999999999977e-01 1.209459999999999980e-01
7.399270000000000014e-01 1.749870000000000037e-01
5.068540000000000267e-01 1.456699999999999939e-01
6.536549999999999860e-01 3.149750000000000050e-01
7.358360000000000456e-01 5.578899999999999831e-02
8.328210000000000335e-01 1.707460000000000089e-01
7.201260000000000439e-01 2.021699999999999886e-01
7.188949999999999507e-01 1.901490000000000125e-01
5.968510000000000204e-01 1.618989999999999874e-01
6.644200000000000106e-01 2.041250000000000009e-01
4.908540000000000125e-01 4.309410000000000185e-01
5.653280000000000527e-01 2.992429999999999812e-01
6.387279999999999625e-01 7.984700000000000131e-02
6.381980000000000430e-01 2.653820000000000068e-01
7.967619999999999703e-01 3.499099999999999988e-01
5.524219999999999686e-01 5.387999999999999734e-02
6.118829999999999547e-01 2.541720000000000090e-01
9.202519999999999589e-01 2.220129999999999881e-01
8.325099999999999723e-01 1.568620000000000014e-01
4.015969999999999818e-01 4.526160000000000183e-01
6.074110000000000342e-01 1.986980000000000135e-01
8.142289999999999806e-01 -2.459899999999999934e-02
6.631669999999999510e-01 1.096950000000000008e-01
6.595900000000000096e-01 3.323510000000000075e-01
4.914529999999999732e-01 2.582749999999999768e-01
6.862380000000000146e-01 1.821780000000000066e-01
8.635650000000000270e-01 1.963399999999999868e-01
7.455859999999999710e-01 8.101099999999999968e-02
8.013179999999999747e-01 2.634000000000000230e-01
4.882029999999999981e-01 9.670900000000000329e-02
8.257700000000000040e-01 2.013429999999999942e-01
7.598880000000000079e-01 2.168160000000000087e-01
7.319639999999999480e-01 6.601999999999999535e-02
5.507109999999999506e-01 4.772930000000000228e-01
