-1.062068965517241503e+00 1.245481931490209724e-03 4.563778212027323999e-05 0.000000000000000000e+00 0.000000000000000000e+00 1.546735816789722917e-03 3.715976517202837373e-05 3.571899691537419575e-04 3.316342564999146545e-04 3.884739887173099208e-04 1.420186716933831731e-04 0.000000000000000000e+00 0.000000000000000000e+00
-9.862068965517242214e-01 1.974118665576617138e-02 4.372288836725907310e-04 1.384484586644833121e-02 2.369260020706102834e-03 2.327455649849287378e-02 1.687950279921897421e-03 1.104293128356963194e-02 3.534686995212036145e-04 1.121571615805067035e-02 1.217464683007529790e-03 1.278016030756249852e-02 9.825746521108184167e-04
-9.103448275862069394e-01 1.593528043684414863e-01 2.443272090915676268e-03 1.129052968901179677e-01 4.125586967601766603e-03 1.524084725012274932e-01 2.829961109056087706e-02 6.946810766650671209e-02 1.656494089519348640e-03 1.079235771689986134e-01 1.623167371442235316e-02 9.048044360278570397e-02 1.822246398516883144e-03
-8.344827586206897685e-01 6.321323645352587839e-01 1.258447004667818947e-02 4.704553513123241881e-01 1.300636214161693914e-02 5.318778334881997250e-01 1.122560885187268848e-01 2.660163650850234651e-01 1.561958297731150594e-02 4.529569438986489893e-01 3.488156096291625957e-02 3.655479867644243486e-01 1.983439536119414523e-03
-7.586206896551723755e-01 1.381940346537403386e+00 2.245827759876622629e-02 1.159988017047191011e+00 4.296759936468222407e-02 1.068328461063259960e+00 2.481132561084335442e-01 4.517073341941371667e-01 2.351275177877875950e-03 1.030431472024423645e+00 4.036531280050106862e-02 8.902599386921518088e-01 1.362546426216971682e-02
-6.827586206896552046e-01 1.870920842517965088e+00 2.528897489441528368e-02 1.646164913616890768e+00 7.041736052882404881e-03 1.294732570504568470e+00 3.171173901945165685e-01 6.171523692042318876e-01 1.248678030634025986e-02 1.425533031329330402e+00 6.332361078895587525e-02 1.222259161189278132e+00 1.207358494676567112e-02
-6.068965517241380336e-01 1.747258391053823301e+00 1.665653949453543836e-02 1.657019497995908086e+00 1.379649753506662947e-02 1.089791812864186360e+00 2.773228136789283038e-01 5.226210496012979601e-01 1.313367413592103281e-02 1.297401252718374032e+00 5.936102583736548727e-02 1.172821887844103017e+00 2.371498497272921460e-02
-5.310344827586206407e-01 1.276418527573293771e+00 1.287620676768316125e-02 1.198168245340606841e+00 1.155702144704004279e-02 7.289220466916548347e-01 2.053062485559686567e-01 3.642355759756571443e-01 8.253300449342505785e-03 9.099363887521294547e-01 4.706942198293206231e-02 8.477985936022229829e-01 3.239276907247606863e-02
-4.551724137931034142e-01 7.792623511657744695e-01 1.463213238724353667e-02 7.775322474606354284e-01 9.598535797813874046e-03 4.275224122267658466e-01 1.084334730083514609e-01 2.544734786834914608e-01 1.048582613749242561e-02 5.549582728630755302e-01 2.332859659877970643e-02 5.164935000726991188e-01 1.321555470011130662e-02
-3.793103448275861322e-01 4.665084527619965948e-01 1.003531690863830941e-02 4.875807947566475620e-01 1.417248210148814224e-03 2.393683386622334763e-01 6.721989946518609760e-02 1.553839237144759577e-01 2.611577849501577932e-03 3.055361149798511144e-01 1.029538131207548453e-02 2.960590875198725325e-01 3.771366568620247196e-03
-3.034482758620689058e-01 2.989997088887953458e-01 5.217610053598891948e-03 3.030695702959335103e-01 1.372570448553200005e-02 1.481114303708272184e-01 4.529860762228566512e-02 8.910816534237438191e-02 3.640001373528854028e-03 1.734554396094757089e-01 1.400166331391384383e-03 1.870925980146490031e-01 2.616687485877040777e-03
-2.275862068965516793e-01 1.859385847062035579e-01 1.163349798957490164e-03 2.050270086919516732e-01 1.194435823324047942e-02 1.042633996718258377e-01 3.344486216952282515e-02 6.459365610499540056e-02 4.542764552901827971e-03 1.196154154199899622e-01 7.392589542468854316e-03 1.095920660408746528e-01 4.822479708108800937e-03
-1.517241379310343974e-01 1.317834647576359153e-01 3.711347428478303442e-03 1.441696241460045658e-01 2.021184268758606604e-03 8.841286602235919057e-02 3.290859891476079213e-02 5.171151716615657312e-02 1.418284089995248791e-03 9.020888208298880051e-02 1.214226491979130199e-02 7.596582340107441156e-02 4.991266072851260026e-03
-7.586206896551717094e-02 1.152601405304451571e-01 7.915296439708152752e-04 1.319255106482960516e-01 3.030262556489243288e-03 8.192831516387916180e-02 2.769114386070825606e-02 5.360750305066050436e-02 7.864793159786284378e-04 8.083666682431428496e-02 1.696475848801758807e-02 7.349670856409057373e-02 3.909022155058184018e-03
1.110223024625156540e-16 9.716338103125204961e-02 2.336521923076224656e-03 1.289965328222432428e-01 1.027254649820759716e-03 8.917256281682862940e-02 3.064037796098372304e-02 5.289555577047846263e-02 4.062684991707104024e-03 7.618157781344707391e-02 1.847500744780264381e-02 6.071394548201110297e-02 1.597448734550841604e-03
7.586206896551739298e-02 1.034022238311317898e-01 5.892017323274312095e-03 1.359187703639959111e-01 3.319777638156562634e-03 9.761667229872206253e-02 3.179832733760363378e-02 4.770561738535111784e-02 2.107796851213077343e-03 8.662364746669387605e-02 2.450968520912465490e-02 6.865571781177537414e-02 8.354947784472257707e-03
1.517241379310345639e-01 1.203913332189245622e-01 1.053177607332131220e-02 1.674432002929076568e-01 1.341044034107177936e-02 1.166098156608395414e-01 3.290915084675108404e-02 9.307768862082613226e-02 1.225290999398244689e-03 1.148556594471227543e-01 3.642948802827854216e-02 1.009461747079211241e-01 2.224712882120020909e-03
2.275862068965518459e-01 1.603577816955276403e-01 1.216609130249983288e-02 2.350053652047397468e-01 4.174012665086461113e-03 1.452393614075387918e-01 2.565999097251513497e-02 1.512975348804541098e-01 1.840958690770933904e-03 1.625891886732362956e-01 4.154423100672247071e-02 1.514222647563472079e-01 2.550599752046984331e-03
3.034482758620691278e-01 2.167179732894587429e-01 2.083098670517824838e-02 3.192550507909664992e-01 7.698177426432198205e-03 2.158503953648941431e-01 4.369460210551369232e-03 2.703065640977084794e-01 1.716197666415997941e-02 2.592484927991247079e-01 4.541650800430803436e-02 2.542266838694047237e-01 7.991947612042718486e-04
3.793103448275864098e-01 3.262840707792901140e-01 2.674394406373122035e-02 4.795555255713381815e-01 1.047461747734279233e-02 3.597249485967226601e-01 5.213905233977761400e-02 4.767085405753522243e-01 5.853230291497118175e-03 4.408801326992307645e-01 3.838196686740215358e-02 4.532758490992928047e-01 6.248608238718728926e-03
4.551724137931036918e-01 4.863812031322291562e-01 2.539679447470393620e-02 6.700009129518695872e-01 6.291172532945960190e-03 6.147276264900632947e-01 1.289986707362075491e-01 9.257941312183904925e-01 1.692207804864850895e-02 7.215617408865537818e-01 2.133392029986492383e-02 7.874631619705863006e-01 1.636331186304189333e-02
5.310344827586208627e-01 6.819386175919690540e-01 1.026082237429626169e-02 8.749795107627127422e-01 3.344297454006189829e-03 1.036588993109805124e+00 2.765088647112223241e-01 1.455740768152442577e+00 6.117810105460058656e-03 1.084998584755657136e+00 3.944860389860629230e-02 1.240215641694781157e+00 3.580915764692151754e-02
6.068965517241381447e-01 8.732533078624931111e-01 2.391280244399103180e-02 1.025825398268989774e+00 3.215486392975998309e-02 1.478891732128488234e+00 3.413530441020978801e-01 2.055093007103667713e+00 4.716160338617957082e-02 1.418220470588444471e+00 7.413432817171536349e-02 1.573038733545318424e+00 2.419409897008433993e-02
6.827586206896554266e-01 9.617219958745418795e-01 4.912519450870102972e-02 9.970540964948599871e-01 1.531367833536551731e-02 1.705185509543547306e+00 3.561073492188212564e-01 2.377770713236216693e+00 2.641832055421815262e-02 1.509119375114594153e+00 3.550026505685165146e-02 1.690327153253265102e+00 9.875945287908083348e-03
7.586206896551725976e-01 7.857706441429349598e-01 4.665313899597022668e-02 7.172362714208141421e-01 2.483924954073540164e-02 1.490103538528286364e+00 2.824585528989359551e-01 2.033550607006959332e+00 1.569527366976020480e-02 1.190570259633759509e+00 4.770814252420635393e-02 1.314257668749065466e+00 1.521034217367056400e-02
8.344827586206898795e-01 4.495233501093102713e-01 2.608573433250392301e-02 3.394986291901936903e-01 4.955319864291493973e-03 8.439713665093396822e-01 1.424942281064848215e-01 1.170494861194957714e+00 7.036323062063075742e-03 6.361219769264286894e-01 7.567107930751043599e-02 7.029487330363175523e-01 2.894487565946735064e-03
9.103448275862071615e-01 1.459356619769787144e-01 1.204295739193892052e-02 8.721245433686722337e-02 1.168961455923053913e-03 2.752973087907033545e-01 4.846723290194361600e-02 3.556264752626986381e-01 8.412552624629412654e-03 2.027411457274132522e-01 3.723263044491520457e-02 2.057822820450902201e-01 9.734741585658452170e-03
9.862068965517243324e-01 2.259896128576941582e-02 2.790553031027986474e-03 1.223763511202146173e-02 1.719978883184081469e-03 4.699715630322871818e-02 6.449442674516667022e-03 5.752207651328627297e-02 1.409164364434068936e-03 3.289467676242419092e-02 8.981645404386881526e-03 3.404688295656514707e-02 2.985735568886563069e-03
1.062068965517241503e+00 1.796846193896452877e-03 2.798706450913918055e-04 1.929722346524884342e-03 5.539942665401775520e-04 3.533760904724063834e-03 3.081431606429056421e-04 4.936691939479286029e-03 6.363246184255473862e-04 2.995422887501849544e-03 6.043168223208453477e-04 2.031151406471297730e-03 9.179980097961675954e-05
