7.241459999999999564e-01 -9.693000000000000227e-03
6.345009999999999817e-01 1.523799999999999877e-01
6.527220000000000244e-01 3.465469999999999939e-01
6.464410000000000434e-01 1.068489999999999995e-01
7.304420000000000357e-01 3.152050000000000129e-01
6.754590000000000316e-01 9.452199999999999491e-02
6.545950000000000379e-01 2.112970000000000126e-01
7.808439999999999825e-01 -1.468200000000000061e-01
8.288609999999999589e-01 8.353800000000000114e-02
7.387789999999999635e-01 1.211770000000000069e-01
6.419500000000000206e-01 2.852259999999999796e-01
7.770580000000000265e-01 3.651829999999999798e-01
6.667159999999999753e-01 -9.384999999999999246e-03
3.771289999999999920e-01 2.105549999999999922e-01
6.577969999999999651e-01 2.263020000000000032e-01
6.758899999999999908e-01 2.227449999999999986e-01
6.606760000000000410e-01 2.721180000000000265e-01
6.800260000000000193e-01 3.933630000000000182e-01
6.918670000000000098e-01 2.685399999999999940e-02
7.119699999999999918e-01 1.488100000000000013e-02
8.502859999999999863e-01 4.388380000000000059e-01
7.852249999999999508e-01 2.149369999999999892e-01
6.727729999999999544e-01 6.024100000000000288e-02
6.987590000000000190e-01 2.604620000000000268e-01
7.045000000000000151e-01 2.905949999999999922e-01
7.147280000000000300e-01 2.520959999999999868e-01
7.150560000000000249e-01 4.801460000000000172e-01
7.064460000000000184e-01 1.374809999999999921e-01
6.903000000000000247e-01 4.282889999999999753e-01
5.696550000000000225e-01 5.925639999999999796e-01
5.222529999999999673e-01 1.392039999999999944e-01
2.594330000000000247e-01 6.044890000000000541e-01
6.833780000000000410e-01 -5.173599999999999727e-02
5.789760000000000462e-01 2.207079999999999875e-01
7.752790000000000514e-01 3.703649999999999998e-01
6.536769999999999525e-01 5.267560000000000020e-01
7.998220000000000329e-01 2.138500000000000123e-01
6.100320000000000187e-01 4.595699999999999785e-02
4.467639999999999945e-01 5.263039999999999941e-01
6.602000000000000091e-01 8.220500000000000029e-02
7.597230000000000372e-01 1.730919999999999959e-01
7.133019999999999916e-01 -4.786599999999999883e-02
5.940260000000000540e-01 4.569090000000000096e-01
3.703449999999999798e-01 1.304669999999999996e-01
5.245290000000000230e-01 -7.877299999999999580e-02
7.885330000000000394e-01 -3.353699999999999737e-02
6.693879999999999830e-01 2.535830000000000028e-01
5.819299999999999473e-01 -3.293299999999999700e-02
6.697819999999999885e-01 -1.259999999999999998e-04
5.948130000000000361e-01 3.177399999999999669e-02
8.143970000000000375e-01 1.145029999999999937e-01
6.400959999999999983e-01 2.006600000000000050e-02
7.583199999999999941e-01 2.729349999999999832e-01
6.083680000000000199e-01 2.214839999999999864e-01
7.469620000000000148e-01 -1.120170000000000055e-01
6.257920000000000149e-01 2.063369999999999926e-01
5.875500000000000167e-01 2.051090000000000135e-01
7.644630000000000036e-01 -2.424400000000000166e-02
7.149269999999999792e-01 2.526700000000000126e-02
6.473609999999999642e-01 2.761319999999999886e-01
5.492820000000000480e-01 2.442040000000000044e-01
8.406770000000000076e-01 1.696010000000000018e-01
7.347580000000000222e-01 3.246290000000000009e-01
3.352629999999999777e-01 4.562840000000000229e-01
8.327900000000000302e-01 1.998030000000000084e-01
6.439639999999999809e-01 1.777549999999999963e-01
6.513360000000000261e-01 4.811670000000000114e-01
7.501200000000000090e-01 8.882400000000000018e-02
7.970319999999999627e-01 2.299180000000000113e-01
7.806380000000000541e-01 1.622820000000000096e-01
6.774149999999999894e-01 3.876999999999999891e-02
5.657809999999999784e-01 1.263140000000000096e-01
8.639289999999999470e-01 5.321599999999999941e-02
6.901969999999999494e-01 3.563459999999999961e-01
9.082099999999999618e-01 6.071200000000000208e-02
5.640819999999999723e-01 2.397279999999999966e-01
6.357469999999999510e-01 9.703199999999999326e-02
8.014809999999999990e-01 3.011210000000000275e-01
7.576169999999999849e-01 -1.015210000000000001e-01
7.185300000000000020e-01 2.714480000000000226e-01
8.227320000000000189e-01 8.544899999999999718e-02
8.253260000000000041e-01 7.709499999999999686e-02
6.899330000000000185e-01 1.455649999999999999e-01
5.482040000000000246e-01 3.056079999999999908e-01
6.430099999999999705e-01 2.523670000000000080e-01
5.767480000000000384e-01 -1.466030000000000111e-01
6.936750000000000416e-01 2.018999999999999961e-01
6.711789999999999701e-01 1.899220000000000075e-01
8.310990000000000322e-01 8.676100000000000478e-02
6.949929999999999719e-01 -9.198399999999999632e-02
6.043589999999999796e-01 -1.853249999999999897e-01
6.817170000000000174e-01 -3.534299999999999942e-02
6.764989999999999615e-01 2.925000000000000169e-02
9.426600000000000257e-02 5.401650000000000063e-01
6.743740000000000290e-01 1.283590000000000009e-01
7.570360000000000422e-01 2.504100000000000215e-01
6.923059999999999770e-01 1.559059999999999890e-01
7.232060000000000155e-01 4.295030000000000237e-01
7.348649999999999904e-01 3.572380000000000000e-01
6.315699999999999648e-01 -1.738020000000000120e-01
-7.734860000000000069e-01 -3.058449999999999780e-01
5.923030000000000239e-01 3.313459999999999739e-01
7.731919999999999904e-01 1.332830000000000126e-01
3.000900000000000234e-01 -2.142270000000000008e-01
8.023369999999999669e-01 1.048840000000000050e-01
6.655870000000000397e-01 2.866830000000000211e-01
8.050800000000000178e-01 1.141360000000000013e-01
7.264990000000000059e-01 1.530350000000000044e-01
6.557079999999999576e-01 2.130450000000000121e-01
7.078419999999999712e-01 2.409449999999999925e-01
5.329080000000000483e-01 1.345000000000000058e-03
5.609260000000000357e-01 1.079000000000000098e-03
5.618999999999999551e-01 2.607700000000000018e-01
7.128719999999999501e-01 4.796090000000000075e-01
7.312779999999999836e-01 1.509979999999999933e-01
5.729739999999999833e-01 3.950859999999999927e-01
7.682039999999999980e-01 -5.456600000000000339e-02
7.927140000000000297e-01 1.293200000000000079e-02
7.123009999999999620e-01 5.356899999999999856e-02
8.444089999999999652e-01 1.795069999999999999e-01
6.639040000000000497e-01 -9.135000000000000758e-03
9.351490000000000080e-01 2.814110000000000222e-01
7.989079999999999515e-01 1.567040000000000100e-01
6.709920000000000329e-01 2.637260000000000160e-01
6.141199999999999992e-01 3.444499999999999784e-01
3.897499999999999853e-01 1.013079999999999953e-01
5.561509999999999510e-01 2.050000000000000086e-02
4.393599999999999728e-01 4.184910000000000019e-01
6.765449999999999520e-01 3.657909999999999773e-01
6.843879999999999963e-01 1.077110000000000012e-01
7.759350000000000414e-01 2.377130000000000076e-01
7.822550000000000336e-01 7.155899999999999761e-02
8.165210000000000523e-01 1.633550000000000002e-01
6.256530000000000147e-01 3.711269999999999847e-01
7.907629999999999937e-01 1.887790000000000024e-01
7.511010000000000186e-01 1.162009999999999987e-01
7.031899999999999817e-01 1.441240000000000021e-01
8.624690000000000412e-01 1.089009999999999978e-01
6.749690000000000412e-01 1.042300000000000032e-01
8.754990000000000272e-01 3.220450000000000257e-01
6.334330000000000238e-01 -7.166400000000000547e-02
6.348759999999999959e-01 1.876999999999999849e-02
7.550099999999999589e-01 1.466699999999999948e-01
7.167320000000000357e-01 -1.088350000000000012e-01
8.066750000000000309e-01 2.085259999999999891e-01
6.036629999999999496e-01 4.372039999999999815e-01
7.848779999999999646e-01 2.526720000000000077e-01
7.982730000000000103e-01 -6.512700000000000433e-02
6.493250000000000410e-01 2.063900000000000109e-02
5.753559999999999786e-01 -7.936200000000000199e-02
5.946010000000000462e-01 3.051470000000000016e-01
6.274779999999999802e-01 8.493900000000000061e-02
6.633390000000000120e-01 -5.694799999999999862e-02
7.115270000000000206e-01 1.922319999999999862e-01
8.203810000000000269e-01 1.681900000000000062e-01
7.985280000000000156e-01 9.046899999999999387e-02
7.206810000000000160e-01 7.014900000000000302e-02
6.911410000000000053e-01 -4.403399999999999676e-02
6.999530000000000474e-01 2.336189999999999933e-01
7.525429999999999620e-01 -2.674999999999999861e-03
6.708070000000000421e-01 1.782779999999999920e-01
7.351980000000000182e-01 8.650199999999999556e-02
7.703969999999999985e-01 3.877510000000000123e-01
7.460459999999999869e-01 1.897010000000000085e-01
6.523130000000000317e-01 -2.638000000000000154e-03
5.094859999999999944e-01 4.233259999999999801e-01
8.204550000000000454e-01 2.418319999999999914e-01
4.767159999999999731e-01 -1.111400000000000061e-02
4.653749999999999831e-01 1.406729999999999925e-01
7.044920000000000071e-01 1.267139999999999933e-01
7.176169999999999494e-01 1.162640000000000062e-01
7.919359999999999733e-01 2.351050000000000084e-01
6.315619999999999568e-01 1.158819999999999989e-01
5.911030000000000451e-01 1.894089999999999940e-01
6.493280000000000163e-01 -1.401310000000000056e-01
8.235869999999999580e-01 6.593799999999999661e-02
5.428520000000000012e-01 2.060539999999999872e-01
7.017229999999999857e-01 1.507139999999999869e-01
6.898919999999999497e-01 2.044459999999999888e-01
6.598500000000000476e-01 1.441880000000000106e-01
5.677090000000000192e-01 -7.900799999999999490e-02
6.208069999999999977e-01 5.263299999999999923e-02
6.143760000000000332e-01 -1.066109999999999974e-01
8.208779999999999966e-01 1.689759999999999873e-01
7.745859999999999967e-01 2.073689999999999978e-01
7.345930000000000515e-01 1.145290000000000058e-01
6.764909999999999535e-01 7.101300000000000667e-02
7.650540000000000118e-01 8.537999999999999756e-02
7.450409999999999533e-01 2.070849999999999913e-01
7.134989999999999943e-01 4.631879999999999886e-01
6.608699999999999575e-01 2.832810000000000050e-01
7.949549999999999672e-01 2.500950000000000117e-01
6.156939999999999635e-01 1.705520000000000092e-01
7.392969999999999819e-01 2.860119999999999885e-01
8.389529999999999488e-01 1.326080000000000036e-01
9.261009999999999520e-01 -1.380490000000000050e-01
7.883710000000000440e-01 -3.565000000000000113e-02
6.898410000000000375e-01 2.598380000000000134e-01
6.957280000000000131e-01 1.726139999999999897e-01
7.013179999999999970e-01 2.132979999999999876e-01
7.678669999999999662e-01 -9.790400000000000491e-02
6.793050000000000477e-01 2.723499999999999879e-02
6.899429999999999730e-01 9.581499999999999739e-02
7.108659999999999979e-01 4.617299999999999877e-02
8.126590000000000202e-01 3.129290000000000127e-01
6.034080000000000554e-01 -1.237790000000000001e-01
5.544059999999999544e-01 2.542570000000000108e-01
8.738219999999999876e-01 6.301700000000000357e-02
6.005310000000000370e-01 2.902069999999999927e-01
7.584170000000000078e-01 3.003669999999999951e-01
8.164190000000000058e-01 1.418989999999999974e-01
7.585199999999999720e-01 2.049630000000000063e-01
6.883350000000000302e-01 6.966799999999999382e-02
7.255160000000000498e-01 9.898400000000000254e-02
8.188239999999999963e-01 8.549900000000000555e-02
7.076909999999999590e-01 3.397700000000000026e-02
5.992779999999999774e-01 2.639449999999999852e-01
7.607319999999999638e-01 3.278299999999999964e-02
7.632649999999999713e-01 7.396800000000000597e-02
8.644049999999999789e-01 3.051670000000000216e-01
5.834430000000000449e-01 1.808099999999999985e-01
7.681780000000000275e-01 2.437560000000000004e-01
6.798020000000000174e-01 3.337099999999999789e-02
6.406039999999999512e-01 1.046249999999999958e-01
7.114279999999999493e-01 1.423870000000000136e-01
4.979750000000000010e-01 2.108379999999999976e-01
6.452820000000000222e-01 2.914860000000000229e-01
5.809940000000000104e-01 4.295100000000000307e-02
5.935660000000000380e-01 2.137100000000000111e-02
6.772559999999999691e-01 3.009029999999999760e-01
4.905229999999999868e-01 6.463499999999999801e-02
6.181219999999999493e-01 2.540350000000000108e-01
5.309620000000000450e-01 1.075129999999999975e-01
7.845360000000000111e-01 1.808430000000000037e-01
8.801729999999999832e-01 -1.275219999999999965e-01
5.601660000000000528e-01 7.353300000000000114e-02
7.637439999999999785e-01 -7.637800000000000145e-02
9.108549999999999702e-01 5.544000000000000317e-02
6.567079999999999584e-01 1.101250000000000007e-01
6.819709999999999939e-01 1.217099999999999953e-02
7.405350000000000543e-01 2.192419999999999924e-01
7.783879999999999688e-01 2.143430000000000057e-01
6.875790000000000513e-01 2.132610000000000061e-01
7.346059999999999812e-01 -9.764999999999999375e-03
8.424359999999999626e-01 3.747099999999999737e-02
7.949570000000000247e-01 -1.440199999999999987e-02
7.840780000000000527e-01 9.503899999999999848e-02
7.246320000000000539e-01 1.047399999999999998e-01
6.010480000000000267e-01 1.836150000000000004e-01
7.019509999999999916e-01 1.636269999999999947e-01
7.813219999999999610e-01 6.859300000000000119e-02
8.151110000000000300e-01 2.010339999999999905e-01
6.993430000000000479e-01 2.053220000000000045e-01
8.566960000000000131e-01 9.962699999999999334e-02
8.429060000000000441e-01 1.282349999999999879e-01
7.798230000000000439e-01 1.056490000000000068e-01
8.266569999999999752e-01 1.262810000000000044e-01
7.461989999999999457e-01 1.387420000000000042e-01
7.957180000000000364e-01 1.279079999999999939e-01
7.174559999999999826e-01 2.048879999999999868e-01
6.961389999999999523e-01 -6.087000000000000396e-03
5.040040000000000076e-01 8.567299999999999915e-02
6.258150000000000102e-01 3.072819999999999996e-01
7.466720000000000024e-01 2.376240000000000019e-01
-6.660220000000000029e-01 2.509170000000000011e-01
-6.595480000000000231e-01 -4.014899999999999719e-02
6.783249999999999558e-01 1.967569999999999875e-01
6.589359999999999662e-01 7.725000000000000096e-03
7.325850000000000417e-01 1.121110000000000023e-01
6.441769999999999996e-01 -1.423290000000000111e-01
6.136160000000000503e-01 7.583099999999999563e-02
7.306059999999999777e-01 1.794800000000000006e-01
8.815260000000000318e-01 -8.433499999999999330e-02
7.629700000000000371e-01 1.498980000000000035e-01
8.778799999999999937e-01 3.170300000000000201e-02
5.110580000000000123e-01 8.394999999999999685e-03
5.408089999999999842e-01 2.792689999999999895e-01
8.080129999999999812e-01 2.978970000000000229e-01
5.296739999999999782e-01 1.782100000000000073e-01
7.002399999999999736e-01 9.034499999999999476e-02
7.459019999999999539e-01 3.608689999999999953e-01
7.036639999999999562e-01 -4.044699999999999684e-02
7.320100000000000495e-01 6.689100000000000601e-02
6.902160000000000517e-01 2.246769999999999878e-01
7.448960000000000026e-01 5.001000000000000237e-03
7.684370000000000367e-01 2.238400000000000112e-02
6.243670000000000053e-01 1.443570000000000131e-01
7.640449999999999742e-01 -1.541900000000000041e-02
7.080180000000000362e-01 7.773800000000000154e-02
6.600599999999999801e-01 3.017909999999999759e-01
6.019499999999999851e-01 1.710740000000000038e-01
5.453419999999999934e-01 2.484750000000000014e-01
5.970170000000000199e-01 1.660719999999999974e-01
8.521090000000000053e-01 1.613290000000000002e-01
7.748639999999999972e-01 9.539200000000000457e-02
6.391179999999999639e-01 3.225800000000000195e-02
6.402949999999999475e-01 1.341759999999999897e-01
6.677570000000000450e-01 1.790399999999999978e-02
4.392209999999999726e-01 1.504910000000000136e-01
8.387369999999999548e-01 1.219490000000000018e-01
7.493410000000000348e-01 9.087900000000000145e-02
7.077099999999999502e-01 -9.168700000000000461e-02
7.551780000000000159e-01 9.163399999999999324e-02
6.371900000000000341e-01 -3.300950000000000273e-01
7.251079999999999748e-01 2.065849999999999909e-01
6.710960000000000258e-01 2.460980000000000112e-01
7.022800000000000153e-01 1.501349999999999907e-01
6.655750000000000277e-01 3.381930000000000214e-01
7.542670000000000208e-01 1.393999999999999961e-01
8.545660000000000478e-01 5.283199999999999702e-02
7.013200000000000545e-01 3.492370000000000196e-01
7.756530000000000369e-01 3.563790000000000013e-01
6.409359999999999502e-01 4.446240000000000192e-01
8.513159999999999616e-01 2.726900000000000157e-02
7.631909999999999528e-01 1.221799999999999969e-01
6.698319999999999830e-01 -6.571100000000000552e-02
7.019320000000000004e-01 -1.331029999999999991e-01
7.294720000000000093e-01 1.776240000000000041e-01
6.548789999999999889e-01 2.165900000000000047e-01
6.364389999999999770e-01 3.418519999999999892e-01
7.895429999999999948e-01 -8.302000000000000351e-03
7.638279999999999514e-01 1.245010000000000006e-01
6.108059999999999601e-01 3.009240000000000248e-01
7.129320000000000102e-01 1.414860000000000007e-01
6.532590000000000341e-01 4.658769999999999856e-01
4.856730000000000214e-01 4.144300000000000067e-02
8.285120000000000262e-01 -2.776999999999999955e-02
5.902220000000000244e-01 1.704199999999999882e-01
6.555279999999999996e-01 1.807370000000000088e-01
7.421799999999999509e-01 2.467080000000000106e-01
6.572339999999999849e-01 -1.119850000000000012e-01
6.667229999999999546e-01 5.720000000000000084e-02
7.072310000000000541e-01 1.809850000000000070e-01
7.608279999999999488e-01 2.405120000000000036e-01
7.112079999999999513e-01 2.832080000000000153e-01
6.903259999999999952e-01 1.579430000000000001e-01
5.801009999999999778e-01 2.896500000000000116e-02
5.893699999999999495e-01 3.674470000000000236e-01
7.563440000000000163e-01 2.059060000000000057e-01
7.086050000000000404e-01 2.282760000000000067e-01
6.908429999999999849e-01 -1.841540000000000121e-01
4.256070000000000131e-01 5.285760000000000458e-01
6.294359999999999955e-01 1.759200000000000000e-02
6.783810000000000118e-01 7.684599999999999764e-02
6.377450000000000063e-01 1.010179999999999967e-01
8.162310000000000398e-01 5.130900000000000044e-02
7.822670000000000456e-01 1.934730000000000061e-01
6.541879999999999917e-01 5.627399999999999763e-02
4.049440000000000262e-01 -2.973640000000000172e-01
4.562640000000000029e-01 2.488650000000000029e-01
7.206630000000000535e-01 2.542189999999999728e-01
6.184570000000000345e-01 4.782600000000000184e-01
5.329739999999999478e-01 -4.532200000000000117e-02
3.737480000000000246e-01 3.540479999999999738e-01
6.936350000000000016e-01 1.774350000000000094e-01
8.273200000000000554e-01 1.606799999999999895e-01
7.855579999999999785e-01 1.409100000000000075e-01
5.502810000000000201e-01 3.462120000000000197e-01
6.102729999999999544e-01 3.348659999999999970e-01
1.876649999999999985e-01 2.310000000000000109e-01
7.750299999999999967e-01 1.610109999999999875e-01
7.746480000000000032e-01 2.739999999999999814e-03
5.635740000000000194e-01 6.318000000000000005e-02
6.185640000000000027e-01 -8.422100000000000419e-02
5.287539999999999463e-01 1.919339999999999935e-01
9.038620000000000543e-01 9.870700000000000307e-02
6.227829999999999755e-01 3.507099999999999801e-02
7.063369999999999926e-01 1.620620000000000116e-01
6.825320000000000276e-01 3.898200000000000276e-02
6.030400000000000205e-01 1.558329999999999993e-01
7.195930000000000382e-01 2.525600000000000067e-02
7.649390000000000356e-01 1.415600000000000018e-02
7.651609999999999800e-01 2.233660000000000090e-01
5.551059999999999883e-01 1.209499999999999985e-02
7.310060000000000446e-01 4.158400000000000291e-02
7.686749999999999972e-01 1.001719999999999972e-01
7.347700000000000342e-01 2.771699999999999858e-02
6.934320000000000483e-01 6.174199999999999827e-02
8.585639999999999938e-01 1.364399999999999988e-02
7.993099999999999650e-01 1.008440000000000031e-01
6.914630000000000498e-01 1.319309999999999927e-01
6.362430000000000030e-01 2.586100000000000065e-01
6.655809999999999782e-01 6.339899999999999702e-02
8.244190000000000129e-01 2.805170000000000163e-01
6.231170000000000320e-01 2.053719999999999990e-01
7.476270000000000415e-01 1.481699999999999962e-01
6.754980000000000429e-01 2.945260000000000100e-01
7.729859999999999509e-01 -3.237899999999999806e-02
5.668069999999999498e-01 1.864429999999999976e-01
7.928330000000000100e-01 2.994740000000000180e-01
8.231870000000000021e-01 1.384630000000000027e-01
7.638009999999999522e-01 2.577599999999999891e-01
8.369919999999999582e-01 1.140339999999999965e-01
8.392060000000000075e-01 7.943899999999999573e-02
7.964320000000000288e-01 7.001499999999999391e-02
6.777859999999999996e-01 1.281269999999999909e-01
4.481629999999999781e-01 2.665790000000000104e-01
7.791040000000000187e-01 1.454249999999999987e-01
6.922319999999999585e-01 2.402509999999999923e-01
4.898669999999999969e-01 -2.830880000000000063e-01
6.724799999999999667e-01 3.947979999999999823e-01
5.518790000000000084e-01 -2.905699999999999950e-02
7.848819999999999686e-01 1.880209999999999937e-01
6.217799999999999994e-01 4.213700000000000084e-02
5.565480000000000427e-01 2.417970000000000119e-01
8.101629999999999665e-01 -1.589919999999999944e-01
8.753919999999999479e-01 9.161800000000000499e-02
7.845830000000000304e-01 -3.542399999999999716e-02
7.073669999999999680e-01 -4.304499999999999993e-02
6.707670000000000021e-01 -3.059600000000000167e-02
6.807549999999999990e-01 1.222730000000000067e-01
6.584740000000000038e-01 6.514699999999999658e-02
5.214199999999999946e-01 -5.714700000000000335e-02
6.071860000000000035e-01 1.259319999999999884e-01
5.259460000000000246e-01 6.038299999999999917e-02
7.467129999999999601e-01 2.751990000000000269e-01
5.368519999999999959e-01 9.197999999999999579e-03
7.217149999999999954e-01 -8.541999999999999593e-02
4.951490000000000058e-01 -2.932020000000000182e-01
5.445790000000000353e-01 -5.192700000000000093e-02
7.300130000000000230e-01 1.653209999999999957e-01
6.698659999999999615e-01 1.641380000000000061e-01
7.467859999999999498e-01 3.332769999999999899e-01
1.494360000000000133e-01 1.855130000000000112e-01
5.078169999999999629e-01 1.096260000000000012e-01
7.431050000000000155e-01 6.184800000000000020e-02
7.679820000000000535e-01 1.699279999999999957e-01
6.413579999999999837e-01 1.760960000000000025e-01
7.974890000000000034e-01 3.457890000000000130e-01
6.409740000000000437e-01 1.008710000000000023e-01
5.153090000000000170e-01 6.860399999999999832e-02
6.334079999999999711e-01 3.949130000000000140e-01
6.150029999999999664e-01 1.728439999999999976e-01
5.556130000000000235e-01 4.334480000000000000e-01
6.504510000000000014e-01 2.356250000000000011e-01
7.059189999999999632e-01 -1.057469999999999938e-01
6.492219999999999658e-01 2.216480000000000117e-01
6.775390000000000024e-01 -9.213699999999999668e-02
6.896349999999999980e-01 7.116999999999999715e-02
7.591630000000000322e-01 2.038230000000000042e-01
6.429700000000000415e-01 -4.891000000000000208e-02
6.279740000000000322e-01 3.264500000000000179e-01
6.455889999999999684e-01 3.329790000000000250e-01
3.546030000000000015e-01 6.382299999999999640e-01
1.653320000000000067e-01 5.436280000000000001e-01
-7.230940000000000145e-01 -1.460789999999999866e-01
-5.524000000000000021e-01 2.842759999999999732e-01
7.197069999999999856e-01 7.179399999999999671e-02
5.475290000000000434e-01 -2.709230000000000249e-01
6.828670000000000018e-01 -5.335399999999999865e-02
5.927270000000000039e-01 3.351900000000000018e-02
6.969469999999999832e-01 1.245779999999999943e-01
7.357050000000000534e-01 1.343449999999999922e-01
7.435009999999999675e-01 1.677450000000000052e-01
9.213789999999999480e-01 1.711620000000000086e-01
7.303450000000000220e-01 9.191699999999999871e-02
7.781609999999999916e-01 1.859879999999999867e-01
7.176099999999999701e-01 7.404299999999999771e-02
6.341379999999999795e-01 4.378599999999999853e-02
6.530460000000000154e-01 -2.066840000000000066e-01
7.349630000000000329e-01 4.109729999999999772e-01
4.762440000000000007e-01 4.202779999999999849e-01
6.211250000000000382e-01 4.097800000000000054e-02
6.997090000000000254e-01 2.519879999999999898e-01
4.796690000000000120e-01 2.293820000000000026e-01
7.095850000000000213e-01 9.374599999999999600e-02
5.948299999999999699e-01 3.119339999999999891e-01
6.127479999999999594e-01 -3.754699999999999704e-02
4.374069999999999903e-01 1.802759999999999918e-01
6.813909999999999689e-01 2.009599999999999928e-02
5.805820000000000425e-01 2.837040000000000117e-01
7.557690000000000241e-01 -1.895499999999999963e-02
7.216460000000000097e-01 1.789399999999999880e-01
7.024650000000000061e-01 -1.086999999999999945e-02
7.168149999999999800e-01 2.194260000000000099e-01
7.027740000000000098e-01 1.900699999999999890e-01
6.860549999999999704e-01 4.056499999999999689e-02
7.753240000000000132e-01 2.688799999999999871e-02
7.148910000000000542e-01 1.301229999999999887e-01
5.209129999999999594e-01 2.136079999999999923e-01
6.897520000000000318e-01 4.112549999999999817e-01
6.029820000000000180e-01 3.528240000000000265e-01
6.638009999999999744e-01 -1.099350000000000049e-01
7.831860000000000488e-01 2.095239999999999880e-01
7.493069999999999453e-01 4.731259999999999910e-01
2.868200000000000194e-01 2.885000000000000064e-02
7.015310000000000157e-01 2.435279999999999945e-01
7.900430000000000508e-01 -1.536859999999999893e-01
8.156839999999999646e-01 8.896800000000000541e-02
7.720439999999999525e-01 2.607300000000000173e-01
8.026140000000000496e-01 2.087380000000000069e-01
6.640779999999999461e-01 -4.514599999999999863e-02
6.278289999999999704e-01 -2.496929999999999983e-01
6.234399999999999942e-01 3.713469999999999827e-01
3.373880000000000212e-01 -2.441649999999999932e-01
7.753339999999999677e-01 2.058899999999999966e-02
6.237099999999999866e-01 4.189680000000000071e-01
6.938440000000000163e-01 5.218810000000000393e-01
7.289940000000000309e-01 2.975500000000000020e-02
7.295080000000000453e-01 1.330729999999999968e-01
6.979290000000000216e-01 1.548039999999999972e-01
6.660150000000000237e-01 2.837529999999999775e-01
6.672179999999999778e-01 1.578589999999999993e-01
7.109820000000000029e-01 3.944380000000000108e-01
8.656690000000000218e-01 4.032620000000000093e-01
3.470489999999999964e-01 3.216890000000000027e-01
4.012859999999999761e-01 3.070930000000000049e-01
6.287089999999999623e-01 2.218789999999999929e-01
7.884210000000000385e-01 1.128929999999999934e-01
2.626299999999999746e-01 5.920440000000000147e-01
7.478949999999999765e-01 3.056800000000000073e-01
8.332690000000000374e-01 3.538789999999999991e-01
7.782750000000000501e-01 2.412269999999999970e-01
6.262670000000000181e-01 3.099219999999999753e-01
7.202659999999999618e-01 1.876750000000000085e-01
9.039979999999999682e-01 1.431989999999999930e-01
7.615730000000000555e-01 6.737400000000000333e-02
8.184129999999999461e-01 8.940499999999999836e-02
6.002610000000000445e-01 2.036479999999999957e-01
5.474440000000000417e-01 -9.169599999999999973e-02
5.626440000000000330e-01 1.521929999999999950e-01
7.812019999999999520e-01 5.618800000000000183e-02
6.472679999999999545e-01 8.760999999999999691e-03
7.365800000000000125e-01 3.403370000000000006e-01
7.642750000000000377e-01 3.231370000000000076e-01
7.569110000000000005e-01 -9.923099999999999976e-02
6.725809999999999844e-01 1.563130000000000075e-01
7.007679999999999465e-01 3.101760000000000073e-01
6.044819999999999638e-01 2.158380000000000021e-01
7.491999999999999771e-01 1.696239999999999970e-01
6.942890000000000450e-01 2.238549999999999984e-01
5.293360000000000287e-01 1.944849999999999912e-01
6.667300000000000448e-01 3.984030000000000071e-01
8.265190000000000037e-01 -7.806699999999999751e-02
5.827149999999999830e-01 2.104540000000000022e-01
6.444539999999999713e-01 3.798849999999999727e-01
8.009589999999999765e-01 1.599599999999999911e-01
7.396519999999999762e-01 2.142000000000000015e-01
7.280870000000000397e-01 -4.828000000000000347e-02
6.665590000000000126e-01 1.315929999999999878e-01
5.528650000000000508e-01 1.552759999999999974e-01
8.282100000000000017e-01 1.353739999999999943e-01
7.539040000000000186e-01 -3.563600000000000101e-02
7.141549999999999843e-01 1.015019999999999950e-01
5.189209999999999656e-01 2.019730000000000136e-01
7.092159999999999576e-01 5.420699999999999824e-02
5.637680000000000469e-01 2.407269999999999965e-01
5.595980000000000398e-01 -9.631900000000000184e-02
6.817469999999999919e-01 5.086699999999999555e-01
6.358239999999999448e-01 2.848029999999999728e-01
7.597329999999999917e-01 4.525999999999999641e-03
7.772759999999999669e-01 -2.313399999999999831e-02
7.345770000000000355e-01 4.649840000000000084e-01
6.257800000000000029e-01 -1.006999999999999978e-01
6.224330000000000140e-01 1.979609999999999981e-01
7.323690000000000477e-01 -2.916999999999999888e-03
6.586640000000000272e-01 -1.610250000000000015e-01
6.113509999999999778e-01 2.941399999999999917e-02
7.750479999999999592e-01 6.303799999999999681e-02
5.290930000000000355e-01 -1.009580000000000061e-01
6.159000000000000030e-01 9.303999999999999770e-02
6.428660000000000485e-01 3.339999999999999913e-02
6.769340000000000357e-01 3.257959999999999745e-01
6.435579999999999634e-01 -1.271529999999999883e-01
6.900190000000000490e-01 1.949309999999999932e-01
4.789470000000000116e-01 4.427760000000000029e-01
6.716929999999999845e-01 2.002249999999999863e-01
5.772969999999999491e-01 1.308709999999999873e-01
7.165730000000000155e-01 2.441500000000000059e-01
7.151980000000000004e-01 2.941840000000000011e-01
6.747429999999999817e-01 1.684789999999999899e-01
8.051819999999999533e-01 -2.752699999999999939e-02
7.213549999999999685e-01 7.696400000000000463e-02
7.572219999999999507e-01 1.825610000000000011e-01
4.070849999999999747e-01 -1.782600000000000157e-02
8.380100000000000326e-01 4.070100000000000107e-02
6.873029999999999973e-01 1.094129999999999964e-01
6.878400000000000070e-01 2.059769999999999934e-01
7.679690000000000127e-01 1.900739999999999930e-01
5.851300000000000390e-01 -1.326029999999999986e-01
5.870999999999999552e-01 2.299950000000000050e-01
6.947799999999999532e-01 8.162899999999999323e-02
8.446420000000000039e-01 1.197769999999999946e-01
4.942770000000000219e-01 2.077599999999999933e-02
7.471090000000000231e-01 2.382789999999999908e-01
3.446029999999999927e-01 3.434710000000000263e-01
6.722420000000000062e-01 -3.952499999999999764e-02
6.491740000000000288e-01 3.602700000000000347e-02
6.491900000000000448e-01 -2.388849999999999862e-01
7.991920000000000135e-01 1.909879999999999911e-01
6.295450000000000212e-01 6.214900000000000285e-02
5.378479999999999928e-01 -2.629099999999999840e-02
7.419850000000000056e-01 3.337600000000000289e-02
4.551220000000000265e-01 4.934490000000000265e-01
5.959980000000000278e-01 5.271989999999999732e-01
5.779729999999999590e-01 4.044249999999999790e-01
8.680649999999999755e-01 2.657689999999999775e-01
7.520869999999999500e-01 -1.031999999999999931e-03
7.697599999999999998e-01 2.695540000000000158e-01
6.695339999999999625e-01 2.664610000000000034e-01
5.104999999999999538e-01 3.981979999999999964e-01
7.247850000000000126e-01 8.409300000000000108e-02
6.956569999999999698e-01 -1.891809999999999881e-01
4.741319999999999979e-01 4.568710000000000271e-01
7.070039999999999658e-01 2.060200000000000087e-01
7.889450000000000074e-01 2.190350000000000075e-01
6.270369999999999555e-01 -1.086499999999999966e-02
6.116960000000000175e-01 -1.622770000000000046e-01
8.179990000000000316e-01 3.282000000000000195e-03
5.798510000000000053e-01 5.077340000000000186e-01
7.829340000000000188e-01 1.267939999999999900e-01
8.403030000000000221e-01 1.290550000000000030e-01
9.028380000000000294e-01 9.711599999999999400e-02
9.139439999999999786e-01 1.590350000000000097e-01
4.758399999999999852e-01 -5.235299999999999676e-02
6.162879999999999470e-01 2.410229999999999873e-01
1.033441999999999972e+00 1.642639999999999934e-01
7.956689999999999596e-01 2.439439999999999942e-01
6.456920000000000437e-01 3.824099999999999722e-02
6.413020000000000387e-01 4.714880000000000182e-01
6.333229999999999693e-01 2.819189999999999752e-01
5.929600000000000426e-01 3.748719999999999830e-01
6.691319999999999490e-01 3.017059999999999742e-01
6.211039999999999894e-01 -2.061409999999999909e-01
7.012000000000000455e-01 -1.617020000000000124e-01
6.016920000000000046e-01 2.812450000000000228e-01
6.524889999999999857e-01 3.555829999999999824e-01
7.569339999999999957e-01 2.650629999999999931e-01
5.122069999999999679e-01 7.817200000000000537e-02
5.973929999999999518e-01 2.811790000000000123e-01
5.902020000000000044e-01 -1.952399999999999969e-02
6.726659999999999862e-01 3.165529999999999733e-01
6.903340000000000032e-01 1.448999999999999941e-02
7.911780000000000479e-01 2.954189999999999872e-01
6.853920000000000012e-01 1.700190000000000035e-01
5.742030000000000189e-01 2.691950000000000176e-01
7.822489999999999721e-01 2.033030000000000115e-01
7.317280000000000451e-01 1.167929999999999940e-01
5.529779999999999696e-01 1.361120000000000108e-01
5.412519999999999554e-01 2.107630000000000059e-01
6.019360000000000266e-01 3.718699999999999783e-01
7.228539999999999965e-01 3.991759999999999753e-01
7.177839999999999776e-01 1.754560000000000008e-01
6.872669999999999613e-01 1.665649999999999908e-01
5.924169999999999714e-01 1.901650000000000007e-01
6.269759999999999778e-01 -8.653299999999999881e-02
7.783029999999999671e-01 1.535529999999999951e-01
6.018350000000000088e-01 3.675959999999999783e-01
6.692569999999999908e-01 1.667009999999999881e-01
7.459820000000000340e-01 1.750369999999999981e-01
6.996480000000000476e-01 1.796099999999999919e-01
6.262630000000000141e-01 -1.999720000000000109e-01
5.407210000000000072e-01 2.237750000000000017e-01
6.529199999999999449e-01 3.765600000000000197e-02
7.590339999999999865e-01 2.332130000000000036e-01
8.741879999999999651e-01 1.138819999999999971e-01
7.560499999999999998e-01 8.324600000000000055e-02
6.751369999999999871e-01 2.058139999999999969e-01
6.152309999999999723e-01 2.001080000000000081e-01
7.031380000000000408e-01 2.078939999999999955e-01
6.504370000000000429e-01 -1.251440000000000052e-01
7.345709999999999740e-01 2.941399999999999917e-02
7.735159999999999814e-01 1.079829999999999957e-01
7.369080000000000075e-01 3.519499999999999712e-02
6.970880000000000409e-01 -2.023830000000000073e-01
8.608930000000000193e-01 4.133000000000000389e-03
5.927029999999999799e-01 -2.298700000000000049e-02
7.080180000000000362e-01 -2.253900000000000001e-02
5.746719999999999606e-01 3.022499999999999840e-02
4.260590000000000210e-01 -1.095219999999999944e-01
8.254249999999999643e-01 2.708340000000000192e-01
6.451280000000000348e-01 -2.230389999999999873e-01
6.289749999999999508e-01 -2.218559999999999977e-01
7.260240000000000027e-01 -7.597900000000000487e-02
7.366620000000000390e-01 6.211000000000000375e-03
7.360020000000000451e-01 -8.399199999999999722e-02
6.521860000000000435e-01 1.656100000000000072e-01
6.598530000000000229e-01 2.134230000000000016e-01
7.729350000000000387e-01 -1.395619999999999916e-01
7.090480000000000116e-01 -1.542060000000000097e-01
6.782709999999999573e-01 -8.778199999999999892e-02
6.550690000000000124e-01 -1.644660000000000011e-01
7.626840000000000286e-01 -1.620999999999999872e-02
7.534269999999999579e-01 -4.847100000000000020e-02
8.302370000000000028e-01 -2.292000000000000200e-03
7.850439999999999641e-01 1.303699999999999998e-02
7.434380000000000432e-01 -1.456379999999999897e-01
5.462479999999999558e-01 -9.075400000000000134e-02
6.389099999999999779e-01 -5.117900000000000227e-02
6.779460000000000486e-01 7.578999999999999800e-03
6.105089999999999684e-01 -2.837080000000000157e-01
6.912679999999999936e-01 -6.472400000000000375e-02
6.075620000000000465e-01 -1.534659999999999913e-01
6.736060000000000381e-01 -1.786939999999999917e-01
6.907440000000000246e-01 -6.607200000000000573e-02
6.503419999999999757e-01 7.089700000000000168e-02
7.301940000000000097e-01 -1.018820000000000003e-01
6.341759999999999620e-01 4.561799999999999883e-02
6.749730000000000452e-01 -1.957560000000000133e-01
6.415720000000000312e-01 -1.275509999999999977e-01
5.829600000000000337e-01 7.181700000000000583e-02
5.500810000000000421e-01 -6.866800000000000681e-02
6.225429999999999575e-01 -1.874909999999999910e-01
4.635989999999999833e-01 -8.204300000000000481e-02
4.229459999999999886e-01 -1.139970000000000011e-01
6.160999999999999810e-01 1.743869999999999865e-01
7.114310000000000356e-01 3.424200000000000021e-01
7.538529999999999953e-01 1.144700000000000023e-01
7.356599999999999806e-01 1.333900000000000016e-02
5.213210000000000344e-01 2.860960000000000170e-01
6.290970000000000173e-01 -1.436159999999999937e-01
6.804390000000000160e-01 -4.573300000000000282e-02
6.502179999999999627e-01 2.202429999999999943e-01
7.616579999999999462e-01 2.968839999999999812e-01
8.172420000000000240e-01 -1.629399999999999946e-02
4.986749999999999794e-01 4.059900000000000314e-02
8.042700000000000404e-01 -1.824699999999999933e-02
8.441380000000000550e-01 6.424000000000000543e-02
6.321269999999999945e-01 1.617830000000000101e-01
7.737100000000000088e-01 1.637669999999999959e-01
6.632689999999999975e-01 1.244040000000000007e-01
7.422809999999999686e-01 3.032730000000000148e-01
8.094999999999999973e-01 2.090009999999999923e-01
6.989579999999999682e-01 2.839829999999999854e-01
7.499230000000000063e-01 2.204899999999999916e-01
7.549639999999999684e-01 -2.689799999999999830e-02
6.548669999999999769e-01 2.266559999999999964e-01
6.957480000000000331e-01 2.923200000000000104e-02
8.408600000000000518e-01 4.365800000000000236e-02
8.218280000000000030e-01 1.390049999999999897e-01
9.086180000000000367e-01 6.825799999999999923e-02
7.801630000000000509e-01 -7.420000000000000207e-02
7.798559999999999937e-01 4.310620000000000007e-01
7.842019999999999547e-01 1.898179999999999867e-01
5.923319999999999697e-01 2.958990000000000231e-01
8.484030000000000182e-01 3.645999999999999935e-03
6.660500000000000309e-01 2.750179999999999847e-01
7.615180000000000282e-01 2.912699999999999734e-01
5.656510000000000149e-01 3.308749999999999747e-01
7.168740000000000112e-01 1.294750000000000068e-01
6.740209999999999813e-01 9.110000000000000042e-02
6.779619999999999536e-01 2.407299999999999995e-01
7.315059999999999896e-01 1.984509999999999885e-01
7.690930000000000266e-01 -3.352499999999999925e-02
8.079239999999999755e-01 4.050399999999999834e-02
7.931599999999999762e-01 1.904700000000000143e-02
8.502180000000000293e-01 1.973739999999999939e-01
7.810019999999999740e-01 1.183379999999999987e-01
6.780880000000000241e-01 7.982300000000000506e-02
7.968159999999999688e-01 1.363360000000000127e-01
8.415340000000000042e-01 2.572349999999999914e-01
7.617070000000000229e-01 2.493110000000000048e-01
8.803840000000000554e-01 3.828399999999999859e-02
8.580309999999999881e-01 8.863699999999999357e-02
7.687450000000000117e-01 1.149460000000000065e-01
7.439480000000000537e-01 8.788300000000000278e-02
7.605460000000000553e-01 3.305099999999999705e-02
6.862249999999999739e-01 5.367500000000000049e-02
6.914400000000000546e-01 9.256899999999999851e-02
8.169929999999999692e-01 1.428030000000000133e-01
4.288339999999999930e-01 4.154390000000000027e-01
6.217019999999999769e-01 2.961300000000000043e-01
8.034470000000000223e-01 1.681690000000000129e-01
5.275840000000000529e-01 1.754700000000000010e-02
9.487139999999999462e-01 1.476669999999999927e-01
5.617410000000000458e-01 1.482600000000000064e-02
7.367299999999999960e-01 1.141559999999999936e-01
6.789530000000000287e-01 1.274470000000000047e-01
6.749749999999999917e-01 1.015449999999999964e-01
7.442119999999999846e-01 1.279270000000000129e-01
6.572500000000000009e-01 1.433039999999999869e-01
6.466199999999999726e-01 3.931099999999999872e-02
7.582750000000000323e-01 4.374859999999999860e-01
8.983799999999999564e-01 2.161919999999999953e-01
5.549150000000000471e-01 3.241530000000000244e-01
6.379470000000000418e-01 4.510799999999999810e-01
6.125389999999999446e-01 2.459949999999999914e-01
6.304189999999999516e-01 1.324899999999999967e-01
7.339290000000000536e-01 9.701200000000000101e-02
6.838689999999999491e-01 -8.624800000000000522e-02
7.436989999999999990e-01 4.042500000000000260e-02
6.588159999999999572e-01 1.263739999999999863e-01
6.711040000000000338e-01 8.020800000000000152e-02
6.843409999999999771e-01 2.432399999999999840e-02
6.103499999999999481e-01 3.930500000000000105e-01
6.766330000000000400e-01 -1.796740000000000004e-01
7.734410000000000451e-01 7.397299999999999709e-02
6.845020000000000548e-01 1.889599999999999891e-01
7.253589999999999760e-01 -1.033179999999999932e-01
7.814140000000000530e-01 3.985279999999999934e-01
8.207750000000000323e-01 -7.960899999999999921e-02
6.909859999999999891e-01 -2.398019999999999874e-01
6.558340000000000281e-01 -2.119739999999999958e-01
5.780140000000000278e-01 -4.138599999999999918e-02
7.509489999999999776e-01 6.889599999999999891e-02
7.900930000000000453e-01 6.666400000000000103e-02
7.136419999999999986e-01 -1.229029999999999984e-01
6.008270000000000000e-01 2.589150000000000063e-01
7.105529999999999902e-01 -6.310899999999999843e-02
7.166569999999999885e-01 2.358830000000000093e-01
8.031620000000000426e-01 9.130099999999999327e-02
6.885620000000000074e-01 3.101869999999999905e-01
8.224599999999999689e-01 1.358840000000000048e-01
5.787069999999999714e-01 1.791699999999999890e-02
7.257010000000000405e-01 2.087739999999999874e-01
5.551180000000000003e-01 5.100409999999999666e-01
8.261699999999999600e-01 2.063379999999999936e-01
7.566650000000000320e-01 2.458460000000000090e-01
8.090509999999999646e-01 -1.668899999999999897e-02
8.238640000000000407e-01 2.299599999999999977e-01
7.389909999999999535e-01 3.221100000000000074e-01
6.409409999999999830e-01 3.003770000000000051e-01
8.794840000000000435e-01 1.702349999999999974e-01
7.504760000000000320e-01 2.882480000000000042e-01
7.243450000000000166e-01 2.005510000000000070e-01
6.080680000000000529e-01 2.969370000000000065e-01
8.018720000000000292e-01 1.898189999999999877e-01
8.049840000000000328e-01 -1.539679999999999938e-01
7.724670000000000147e-01 1.872320000000000095e-01
7.898629999999999818e-01 2.074890000000000068e-01
7.230750000000000233e-01 -2.723499999999999879e-02
7.739669999999999606e-01 1.662369999999999959e-01
6.582480000000000553e-01 2.397729999999999861e-01
8.657780000000000475e-01 8.627500000000000446e-02
7.465340000000000309e-01 1.295310000000000072e-01
4.643050000000000233e-01 2.220580000000000054e-01
6.308589999999999476e-01 8.129100000000000215e-02
6.465090000000000003e-01 -1.053609999999999963e-01
6.626680000000000348e-01 -2.054630000000000067e-01
6.172840000000000549e-01 2.441450000000000009e-01
5.627109999999999612e-01 1.524760000000000004e-01
5.541129999999999667e-01 3.212360000000000215e-01
7.569369999999999710e-01 1.161200000000000010e-01
5.785219999999999807e-01 2.606870000000000021e-01
6.799530000000000296e-01 1.293279999999999985e-01
6.606959999999999500e-01 1.163949999999999985e-01
6.213459999999999539e-01 -2.060700000000000032e-02
5.649929999999999675e-01 1.872510000000000008e-01
