7.638080000000000425e-01 1.907699999999999951e-01
5.535630000000000273e-01 3.641099999999999892e-02
6.352750000000000341e-01 1.240720000000000017e-01
6.733980000000000521e-01 -2.634960000000000080e-01
5.529830000000000023e-01 3.813739999999999908e-01
5.623920000000000030e-01 -2.486970000000000014e-01
-1.354200000000000126e-01 -3.100829999999999975e-01
6.445530000000000426e-01 6.091849999999999765e-01
5.795029999999999903e-01 2.798220000000000152e-01
2.725929999999999742e-01 3.495539999999999758e-01
5.526450000000000529e-01 3.887999999999999963e-03
5.325450000000000461e-01 7.597500000000000087e-02
5.136180000000000190e-01 4.612379999999999813e-01
6.733639999999999626e-01 1.660739999999999994e-01
-1.042600000000000054e-01 -2.465169999999999861e-01
5.393130000000000424e-01 7.695999999999999716e-03
4.301940000000000208e-01 -1.313249999999999973e-01
6.658789999999999987e-01 4.807060000000000222e-01
6.667459999999999498e-01 1.405869999999999898e-01
6.035110000000000197e-01 3.912909999999999999e-01
5.596550000000000136e-01 -1.890969999999999873e-01
6.462200000000000166e-01 1.328570000000000029e-01
8.959999999999999215e-03 -5.701310000000000544e-01
7.798589999999999689e-01 -4.633999999999999925e-02
7.104759999999999964e-01 2.041850000000000054e-01
6.888910000000000311e-01 2.553759999999999919e-01
6.432250000000000467e-01 -1.031500000000000056e-01
5.924180000000000001e-01 2.259369999999999989e-01
5.696050000000000280e-01 1.603640000000000065e-01
6.526279999999999859e-01 7.292300000000000171e-02
5.644150000000000000e-01 3.840330000000000132e-01
6.713890000000000136e-01 3.588020000000000098e-01
6.815219999999999612e-01 2.213449999999999862e-01
6.054749999999999854e-01 2.701250000000000040e-01
5.378650000000000375e-01 3.732559999999999767e-01
7.347120000000000317e-01 6.755200000000000093e-02
7.430849999999999955e-01 1.332530000000000103e-01
5.691370000000000040e-01 -3.131829999999999892e-01
7.010269999999999557e-01 3.198639999999999817e-01
6.186310000000000420e-01 1.205099999999999921e-02
5.565560000000000507e-01 2.431649999999999923e-01
7.799519999999999786e-01 6.577000000000000381e-03
6.882350000000000412e-01 2.744200000000000111e-02
5.948470000000000146e-01 9.024999999999999689e-02
6.805020000000000513e-01 -9.989199999999999469e-02
5.574189999999999978e-01 2.961349999999999816e-01
5.925610000000000044e-01 3.347700000000000120e-01
5.898069999999999702e-01 1.491169999999999995e-01
7.530259999999999732e-01 -9.693699999999999539e-02
6.113720000000000265e-01 -3.944099999999999689e-02
-4.754909999999999970e-01 6.097050000000000525e-01
-4.360439999999999872e-01 6.092199999999999838e-01
-6.445760000000000378e-01 1.303799999999999959e-01
-7.762569999999999748e-01 6.378200000000000536e-02
-4.217130000000000045e-01 5.130149999999999988e-01
-7.280790000000000317e-01 4.259870000000000045e-01
-6.455290000000000195e-01 4.335309999999999997e-01
-7.392189999999999594e-01 4.753499999999999948e-01
5.637560000000000349e-01 1.756020000000000081e-01
-5.822559999999999958e-01 2.578119999999999856e-01
-4.902029999999999998e-01 6.070109999999999673e-01
-5.474989999999999579e-01 4.297239999999999949e-01
-6.049980000000000357e-01 4.648990000000000067e-01
-6.777480000000000171e-01 2.335059999999999913e-01
-6.197589999999999488e-01 4.335910000000000042e-01
-4.676060000000000216e-01 3.840700000000000225e-01
-5.950349999999999806e-01 5.975160000000000471e-01
-6.659089999999999732e-01 5.364900000000000224e-01
4.479830000000000201e-01 4.325379999999999781e-01
-7.306500000000000217e-01 2.483670000000000044e-01
-6.967389999999999972e-01 2.243700000000000139e-01
-5.560260000000000202e-01 4.043559999999999932e-01
-1.399789999999999923e-01 5.106530000000000236e-01
-5.488530000000000353e-01 1.157129999999999964e-01
6.053420000000000467e-01 -1.031389999999999946e-01
7.514659999999999673e-01 -1.187430000000000013e-01
4.823339999999999850e-01 6.244119999999999671e-01
7.526159999999999517e-01 1.481540000000000079e-01
5.741910000000000069e-01 -8.332199999999999329e-02
5.662549999999999528e-01 2.562079999999999913e-01
5.018420000000000103e-01 3.994389999999999885e-01
4.364310000000000134e-01 5.296760000000000357e-01
6.754050000000000331e-01 5.088240000000000540e-01
6.825510000000000188e-01 3.432439999999999936e-01
6.162969999999999837e-01 2.274869999999999948e-01
7.174049999999999594e-01 2.515689999999999871e-01
5.551690000000000236e-01 2.282079999999999942e-01
3.537339999999999929e-01 8.498999999999999611e-02
7.301480000000000192e-01 -4.490000000000000176e-04
6.678549999999999764e-01 9.337099999999999567e-02
6.338589999999999502e-01 -9.485000000000000375e-03
7.548010000000000552e-01 1.198550000000000032e-01
4.304370000000000140e-01 -1.690210000000000046e-01
6.476340000000000430e-01 1.133580000000000004e-01
7.193199999999999594e-01 -1.528269999999999906e-01
4.986229999999999829e-01 -3.742299999999999793e-02
7.516570000000000196e-01 2.533000000000000251e-01
7.402440000000000131e-01 -1.534780000000000033e-01
5.615759999999999641e-01 1.150010000000000060e-01
6.385610000000000452e-01 -2.148999999999999869e-03
6.489409999999999901e-01 4.118020000000000014e-01
7.010030000000000427e-01 2.903359999999999830e-01
7.176249999999999574e-01 3.449399999999999689e-02
6.690139999999999976e-01 4.403029999999999999e-01
7.088510000000000089e-01 1.595109999999999861e-01
5.992210000000000036e-01 4.372139999999999915e-01
6.237190000000000234e-01 2.800639999999999796e-01
5.157410000000000050e-01 4.433509999999999951e-01
5.402420000000000000e-01 3.815939999999999888e-01
6.518199999999999550e-01 3.781300000000000217e-01
7.145839999999999970e-01 -6.938999999999999856e-03
5.074079999999999702e-01 2.237659999999999927e-01
5.025230000000000530e-01 4.806619999999999782e-01
5.871359999999999912e-01 5.928529999999999633e-01
5.376109999999999500e-01 4.306900000000000173e-01
7.504589999999999872e-01 1.494689999999999908e-01
7.518930000000000335e-01 2.975419999999999732e-01
6.177030000000000021e-01 5.128239999999999466e-01
5.862439999999999873e-01 5.299230000000000329e-01
4.804700000000000082e-01 7.218459999999999877e-01
-4.056179999999999786e-01 5.510559999999999903e-01
-3.965380000000000016e-01 7.879300000000000193e-01
-6.512740000000000196e-01 3.638170000000000015e-01
-5.475219999999999532e-01 2.650779999999999803e-01
6.466250000000000053e-01 2.805279999999999996e-01
3.363229999999999831e-01 3.336210000000000009e-01
3.231479999999999908e-01 4.360559999999999992e-01
3.235029999999999850e-01 6.265220000000000233e-01
6.824029999999999818e-01 2.018409999999999926e-01
6.666370000000000351e-01 -5.691000000000000225e-02
5.873660000000000547e-01 2.434769999999999990e-01
5.040270000000000028e-01 -2.898850000000000038e-01
5.767200000000000104e-01 1.121469999999999967e-01
5.930320000000000036e-01 -1.467599999999999981e-02
6.402729999999999810e-01 3.424980000000000246e-01
5.569250000000000034e-01 -5.835900000000000115e-02
6.325819999999999776e-01 1.486760000000000026e-01
-4.966419999999999724e-01 4.716999999999999665e-02
-3.115680000000000116e-01 5.161879999999999802e-01
-5.796609999999999818e-01 4.812949999999999728e-01
-4.035500000000000198e-01 6.844259999999999788e-01
-5.332480000000000553e-01 6.409629999999999495e-01
-4.550239999999999840e-01 3.423640000000000017e-01
5.230200000000000404e-01 7.405000000000000124e-03
5.106749999999999901e-01 5.398899999999999810e-01
-7.303089999999999860e-01 7.244299999999999351e-02
8.530769999999999742e-01 -2.398899999999999921e-01
6.471459999999999990e-01 1.603749999999999898e-01
6.125800000000000134e-01 5.465689999999999715e-01
5.037890000000000423e-01 1.333550000000000013e-01
5.487800000000000455e-01 -1.842900000000000094e-02
6.086139999999999883e-01 1.813269999999999882e-01
7.220990000000000464e-01 2.527679999999999927e-01
7.078100000000000502e-01 2.863359999999999794e-01
7.304610000000000269e-01 2.412729999999999875e-01
4.624700000000000338e-02 -4.200590000000000157e-01
6.158230000000000093e-01 1.031129999999999963e-01
5.681739999999999569e-01 2.359559999999999991e-01
7.295049999999999590e-01 1.628620000000000068e-01
5.015239999999999698e-01 3.554100000000000037e-01
6.281889999999999974e-01 3.093650000000000011e-01
7.102370000000000072e-01 3.779830000000000134e-01
5.010710000000000441e-01 -2.352579999999999949e-01
4.187319999999999931e-01 5.187819999999999654e-01
5.306720000000000326e-01 1.354740000000000111e-01
5.568260000000000431e-01 4.149050000000000238e-01
6.893559999999999688e-01 2.468849999999999933e-01
5.802190000000000403e-01 1.882340000000000124e-01
6.362119999999999997e-01 4.279819999999999736e-01
6.236220000000000097e-01 1.268249999999999933e-01
5.817219999999999613e-01 3.805230000000000001e-01
8.096989999999999466e-01 2.587599999999999900e-01
6.098440000000000527e-01 3.245390000000000219e-01
6.400970000000000271e-01 1.452370000000000050e-01
6.903589999999999449e-01 4.620599999999999707e-02
7.216550000000000464e-01 1.873110000000000053e-01
7.551050000000000262e-01 4.023800000000000293e-02
6.102940000000000031e-01 1.809630000000000127e-01
4.940439999999999832e-01 4.782150000000000012e-01
5.786970000000000169e-01 9.745399999999999896e-02
7.644440000000000124e-01 2.173480000000000134e-01
8.347350000000000048e-01 1.108579999999999982e-01
6.977170000000000316e-01 3.860739999999999728e-01
7.643820000000000059e-01 -1.579569999999999863e-01
5.125389999999999668e-01 1.054569999999999952e-01
5.993119999999999559e-01 1.898779999999999912e-01
6.793080000000000229e-01 2.777109999999999856e-01
5.025789999999999980e-01 1.727760000000000129e-01
7.201969999999999761e-01 2.020430000000000004e-01
4.563189999999999746e-01 -2.504970000000000252e-01
6.970389999999999642e-01 2.833400000000000155e-02
5.468760000000000288e-01 -3.304000000000000079e-03
5.593470000000000386e-01 4.706730000000000080e-01
7.066869999999999541e-01 4.407849999999999824e-01
5.641000000000000181e-03 -4.175360000000000182e-01
5.791290000000000049e-01 4.389730000000000021e-01
6.463130000000000264e-01 -1.774090000000000111e-01
6.525480000000000169e-01 2.646890000000000076e-01
7.081610000000000404e-01 -1.308999999999999921e-02
5.614470000000000294e-01 4.383639999999999759e-01
3.495449999999999946e-01 2.196859999999999924e-01
-3.025419999999999776e-01 -1.223090000000000011e-01
-5.078789999999999694e-01 5.343040000000000012e-01
6.082469999999999821e-01 4.655139999999999834e-01
7.268040000000000056e-01 1.511299999999999970e-02
7.050089999999999968e-01 4.355740000000000167e-01
5.552430000000000421e-01 5.283179999999999543e-01
6.866499999999999826e-01 3.645689999999999764e-01
7.905189999999999717e-01 -4.410800000000000137e-02
6.829800000000000315e-01 -6.553499999999999603e-02
6.715440000000000298e-01 3.172519999999999785e-01
6.642730000000000024e-01 1.935989999999999933e-01
6.939680000000000293e-01 3.233500000000000263e-02
5.966890000000000249e-01 2.900369999999999893e-01
5.358119999999999550e-01 2.776989999999999736e-01
4.547180000000000111e-01 -1.921090000000000020e-01
6.272199999999999998e-01 3.359519999999999729e-01
7.277430000000000287e-01 -3.476699999999999929e-02
6.229350000000000165e-01 4.069389999999999952e-01
5.194790000000000241e-01 -1.411469999999999947e-01
5.022900000000000142e-01 3.825060000000000127e-01
5.063210000000000210e-01 1.979970000000000063e-01
3.737670000000000159e-01 3.277410000000000045e-01
4.931630000000000180e-01 6.760669999999999735e-01
6.578819999999999668e-01 1.028320000000000067e-01
7.181200000000000083e-02 -3.913039999999999852e-01
7.053089999999999637e-01 1.546440000000000037e-01
6.718469999999999720e-01 -6.933400000000000674e-02
5.389629999999999699e-01 -2.668829999999999814e-01
4.665360000000000062e-01 4.464469999999999827e-01
6.650380000000000180e-01 1.701419999999999877e-01
7.834950000000000525e-01 -1.941450000000000120e-01
6.114530000000000243e-01 2.712849999999999984e-01
6.534370000000000456e-01 -1.213950000000000029e-01
6.393229999999999746e-01 3.383129999999999749e-01
6.633059999999999512e-01 8.706000000000000197e-03
6.602590000000000403e-01 1.969889999999999974e-01
7.088849999999999874e-01 1.542250000000000010e-01
5.572329999999999783e-01 -1.175799999999999935e-02
5.725630000000000441e-01 3.765399999999999858e-01
6.412710000000000354e-01 -1.823069999999999968e-01
6.031379999999999519e-01 3.244110000000000049e-01
6.058210000000000539e-01 -1.249600000000000016e-02
7.253500000000000503e-01 -9.198000000000000620e-02
6.880049999999999777e-01 7.565600000000000103e-02
5.678349999999999786e-01 -1.087400000000000033e-01
6.170449999999999546e-01 -2.566849999999999965e-01
5.957120000000000193e-01 -1.548700000000000077e-01
4.514569999999999972e-01 -4.386320000000000219e-01
6.782449999999999868e-01 -1.439519999999999966e-01
6.985620000000000163e-01 -4.798700000000000188e-02
6.103969999999999674e-01 4.402750000000000274e-01
5.733049999999999535e-01 1.036750000000000033e-01
6.121940000000000159e-01 3.552460000000000062e-01
7.500670000000000393e-01 3.232199999999999657e-02
7.875130000000000186e-01 6.434700000000000142e-02
5.533829999999999583e-01 1.612290000000000112e-01
6.767830000000000235e-01 1.924150000000000027e-01
6.158940000000000525e-01 6.318400000000000405e-02
5.959740000000000038e-01 1.698419999999999930e-01
7.593729999999999647e-01 1.318399999999999954e-02
-5.240989999999999815e-01 4.640599999999999725e-01
5.283780000000000143e-01 -2.786620000000000208e-01
4.932119999999999838e-01 -1.951380000000000059e-01
5.511270000000000335e-01 -3.246939999999999826e-01
4.801389999999999825e-01 -2.998210000000000042e-01
6.475819999999999910e-01 1.361670000000000103e-01
4.607100000000000084e-01 2.905800000000000050e-02
6.322400000000000242e-01 5.162360000000000282e-01
6.226199999999999513e-01 -8.249199999999999589e-02
6.213469999999999827e-01 2.243239999999999956e-01
5.258709999999999773e-01 2.562780000000000058e-01
5.467610000000000525e-01 8.158100000000000074e-02
4.756369999999999765e-01 5.316210000000000102e-01
4.410780000000000256e-01 3.384260000000000046e-01
5.310390000000000388e-01 5.282750000000000501e-01
7.459390000000000187e-01 3.002349999999999741e-01
7.288569999999999771e-01 -2.076100000000000168e-02
5.678670000000000107e-01 3.687159999999999882e-01
-5.733559999999999768e-01 -1.164929999999999993e-01
-6.852759999999999962e-01 2.562389999999999946e-01
-4.724289999999999878e-01 -1.366489999999999927e-01
-6.014369999999999994e-01 -2.086860000000000104e-01
-5.772709999999999786e-01 6.386549999999999727e-01
-2.750409999999999799e-01 5.533879999999999910e-01
-6.474060000000000370e-01 3.854870000000000241e-01
-6.519500000000000295e-01 3.469180000000000041e-01
-6.917450000000000543e-01 2.307039999999999924e-01
5.408530000000000282e-01 3.679230000000000000e-01
5.333229999999999915e-01 2.469689999999999941e-01
6.310689999999999911e-01 1.354600000000000075e-02
7.638490000000000002e-01 2.688220000000000054e-01
8.137419999999999654e-01 9.981800000000000395e-02
7.521820000000000173e-01 6.938889999999999780e-01
7.342119999999999758e-01 3.107010000000000050e-01
4.519580000000000264e-01 -2.039999999999999984e-04
6.743700000000000250e-01 4.268149999999999999e-01
4.141529999999999934e-01 4.089479999999999782e-01
7.313950000000000173e-01 6.598500000000000199e-02
5.724810000000000176e-01 2.138619999999999965e-01
5.199169999999999625e-01 -1.397960000000000036e-01
7.303500000000000547e-01 1.685379999999999934e-01
6.046700000000000408e-01 3.842729999999999757e-01
4.113280000000000269e-01 4.177460000000000062e-01
6.894780000000000353e-01 -1.974799999999999889e-01
6.733900000000000441e-01 3.353900000000000214e-01
7.884929999999999994e-01 1.204169999999999963e-01
4.972480000000000233e-01 3.378079999999999972e-01
7.123270000000000435e-01 -1.373640000000000139e-01
8.156499999999999861e-01 2.519499999999999865e-02
6.797729999999999606e-01 2.575029999999999819e-01
7.435610000000000275e-01 1.916599999999999901e-02
-1.463859999999999884e-01 -4.401399999999999757e-01
5.847780000000000200e-01 2.949039999999999995e-01
7.352710000000000079e-01 2.189419999999999977e-01
5.990529999999999466e-01 4.738229999999999942e-01
7.497679999999999900e-01 2.868199999999999916e-02
6.371329999999999494e-01 8.872800000000000131e-02
6.013579999999999481e-01 4.702459999999999973e-01
7.975950000000000539e-01 2.333590000000000109e-01
5.747670000000000279e-01 1.800690000000000068e-01
6.735269999999999868e-01 -1.701899999999999941e-02
6.009139999999999482e-01 -3.179759999999999809e-01
5.829360000000000097e-01 4.145800000000000041e-01
3.763650000000000051e-01 6.107339999999999991e-01
6.411390000000000144e-01 2.806440000000000046e-01
5.497760000000000424e-01 2.563579999999999748e-01
4.915820000000000189e-01 9.540800000000000669e-02
5.980860000000000065e-01 5.244189999999999685e-01
6.400949999999999696e-01 1.775879999999999959e-01
6.224560000000000093e-01 4.270539999999999892e-01
5.109150000000000080e-01 5.285999999999999900e-03
5.304410000000000514e-01 3.114810000000000079e-01
6.899009999999999865e-01 9.692900000000000127e-02
6.145650000000000279e-01 9.674000000000000654e-02
6.394090000000000051e-01 -4.799199999999999994e-02
5.939259999999999540e-01 4.274100000000000121e-01
6.595119999999999871e-01 3.368240000000000123e-01
5.683080000000000354e-01 2.436419999999999975e-01
6.022389999999999688e-01 -7.235300000000000065e-02
6.865639999999999521e-01 3.323470000000000035e-01
7.035040000000000182e-01 -2.712769999999999904e-01
6.245249999999999968e-01 1.907520000000000049e-01
7.257609999999999895e-01 -7.517000000000000244e-03
4.605060000000000264e-01 2.436919999999999920e-01
4.945189999999999864e-01 1.835099999999999926e-02
7.077670000000000350e-01 6.553799999999999903e-02
3.472640000000000171e-01 4.958750000000000102e-01
4.687720000000000220e-01 2.192850000000000077e-01
5.335450000000000470e-01 3.535499999999999754e-01
5.415470000000000006e-01 1.167809999999999959e-01
5.483289999999999553e-01 2.372150000000000092e-01
6.949009999999999909e-01 3.541529999999999956e-01
4.282440000000000135e-01 -3.625699999999999756e-02
5.975679999999999881e-01 -1.276400000000000035e-01
7.586589999999999723e-01 -4.460000000000000422e-03
4.356260000000000132e-01 9.834299999999999986e-02
5.065119999999999623e-01 9.266699999999999937e-02
5.668149999999999578e-01 1.001839999999999953e-01
3.280350000000000210e-01 6.458080000000000487e-01
6.260529999999999706e-01 6.163830000000000142e-01
6.480590000000000517e-01 2.644630000000000036e-01
7.886969999999999814e-01 -6.990300000000000680e-02
5.500080000000000524e-01 1.281150000000000067e-01
7.789460000000000273e-01 1.751459999999999961e-01
3.063020000000000187e-01 6.248789999999999623e-01
5.733599999999999808e-01 2.417610000000000037e-01
-7.235800000000000010e-01 6.025040000000000395e-01
-6.238529999999999909e-01 5.320529999999999982e-01
-7.341950000000000420e-01 5.115619999999999612e-01
-4.669150000000000245e-01 5.960539999999999727e-01
-7.532839999999999536e-01 4.387059999999999849e-01
-5.220000000000000195e-01 2.749039999999999817e-01
-4.724409999999999998e-01 4.102919999999999900e-01
-3.428930000000000033e-01 4.507129999999999748e-01
-4.484529999999999905e-01 1.247179999999999955e-01
-8.761280000000000179e-01 4.527439999999999798e-01
-5.957679999999999643e-01 4.912500000000000200e-01
-5.734019999999999673e-01 3.763099999999999778e-01
5.575130000000000363e-01 2.325639999999999930e-01
4.729590000000000183e-01 4.731369999999999743e-01
6.885729999999999906e-01 1.030459999999999987e-01
6.313819999999999988e-01 4.438420000000000143e-01
4.768780000000000241e-01 1.670619999999999883e-01
6.031649999999999512e-01 5.627119999999999900e-01
-3.310830000000000162e-01 5.978599999999999470e-01
5.951359999999999983e-01 -1.230379999999999946e-01
7.604630000000000001e-01 -7.438400000000000567e-02
6.202550000000000008e-01 5.697300000000000281e-02
5.699999999999999512e-01 1.352730000000000044e-01
6.194960000000000466e-01 -3.151999999999999941e-02
3.252720000000000056e-01 -4.345729999999999871e-01
6.067190000000000083e-01 7.401099999999999346e-02
4.685050000000000048e-01 6.983000000000000318e-02
6.742340000000000000e-01 1.541700000000000015e-01
6.989480000000000137e-01 1.639289999999999914e-01
8.298799999999999510e-01 2.997299999999999964e-01
5.500129999999999741e-01 2.624290000000000234e-01
5.661150000000000349e-01 -2.563000000000000174e-03
6.882779999999999454e-01 4.002080000000000082e-01
7.325319999999999609e-01 4.603700000000000153e-02
8.419569999999999554e-01 1.058199999999999939e-02
6.009980000000000322e-01 4.352099999999999858e-01
3.791229999999999878e-01 -5.342899999999999733e-02
6.376169999999999893e-01 3.281370000000000120e-01
6.547140000000000182e-01 -9.309900000000000120e-02
4.716609999999999969e-01 2.863939999999999819e-01
6.286899999999999711e-01 4.073240000000000194e-01
6.379080000000000306e-01 -1.000729999999999953e-01
7.912630000000000496e-01 2.766029999999999878e-01
6.556910000000000238e-01 5.105669999999999931e-01
7.734039999999999804e-01 3.267530000000000157e-01
6.129860000000000309e-01 3.610400000000000276e-01
5.226669999999999927e-01 1.737299999999999955e-01
5.026500000000000412e-01 2.990880000000000205e-01
4.728020000000000000e-01 2.994060000000000055e-01
3.660059999999999980e-01 5.094910000000000272e-01
8.174860000000000460e-01 1.598289999999999988e-01
7.256369999999999765e-01 2.715540000000000176e-01
5.632089999999999597e-01 4.709240000000000093e-01
6.879260000000000375e-01 5.392569999999999864e-01
6.499850000000000350e-01 8.042100000000000637e-02
6.249599999999999600e-01 3.903110000000000190e-01
5.625879999999999770e-01 7.273000000000000298e-02
7.292800000000000393e-01 3.541300000000000003e-02
6.263269999999999671e-01 2.746589999999999865e-01
7.081530000000000324e-01 -9.980100000000000082e-02
7.299360000000000293e-01 2.595620000000000149e-01
8.393329999999999957e-01 -2.516220000000000123e-01
4.662959999999999883e-01 -2.685399999999999940e-02
6.561139999999999750e-01 5.602380000000000138e-01
6.837320000000000064e-01 1.412249999999999894e-01
8.296959999999999891e-01 1.229800000000000060e-01
5.483219999999999761e-01 4.724050000000000193e-01
5.330470000000000486e-01 4.397349999999999870e-01
5.441970000000000418e-01 -1.300020000000000064e-01
7.638289999999999802e-01 -7.568300000000000027e-02
5.036739999999999551e-01 -2.475239999999999940e-01
7.929969999999999519e-01 2.208259999999999945e-01
5.521770000000000289e-01 -1.342329999999999912e-01
8.718939999999999468e-01 3.585699999999999998e-02
7.281339999999999479e-01 6.732799999999999896e-02
5.327309999999999546e-01 -2.930699999999999972e-02
4.068869999999999987e-01 1.544190000000000007e-01
5.418579999999999508e-01 4.289669999999999872e-01
7.279179999999999540e-01 3.730629999999999780e-01
3.284340000000000037e-01 -9.053600000000000536e-02
7.546249999999999902e-01 1.568579999999999974e-01
5.594649999999999901e-01 4.124380000000000268e-01
6.718929999999999625e-01 -5.298499999999999738e-02
7.772919999999999829e-01 7.893100000000000116e-02
7.155610000000000026e-01 3.732670000000000154e-01
5.947949999999999626e-01 1.788869999999999905e-01
6.299209999999999532e-01 2.448919999999999986e-01
6.951829999999999954e-01 -5.850500000000000145e-02
7.076350000000000140e-01 2.647419999999999773e-01
6.652219999999999800e-01 2.442030000000000034e-01
6.924749999999999517e-01 2.415910000000000002e-01
5.100440000000000529e-01 8.076800000000000646e-02
5.720279999999999809e-01 5.526389999999999914e-01
6.287350000000000438e-01 -1.611900000000000138e-02
5.478720000000000256e-01 -2.298000000000000129e-03
6.219599999999999573e-01 -3.921299999999999786e-02
7.035130000000000550e-01 1.752329999999999999e-01
5.660319999999999796e-01 3.638600000000000168e-01
7.504199999999999759e-01 2.778579999999999939e-01
6.666499999999999648e-01 -3.370819999999999927e-01
5.664029999999999898e-01 3.645669999999999744e-01
5.901849999999999596e-01 -3.518999999999999993e-03
6.430979999999999475e-01 9.136400000000000077e-02
5.718860000000000054e-01 -3.232999999999999763e-02
7.424650000000000416e-01 -1.174889999999999962e-01
6.858370000000000299e-01 3.979079999999999839e-01
5.265090000000000048e-01 2.113349999999999951e-01
6.746640000000000414e-01 -1.870809999999999973e-01
4.813979999999999926e-01 3.191900000000000293e-02
4.998270000000000213e-01 3.707810000000000272e-01
7.417970000000000397e-01 -1.359420000000000073e-01
8.042350000000000332e-01 2.962859999999999938e-01
5.632730000000000237e-01 -1.634400000000000089e-02
7.406179999999999986e-01 2.307400000000000007e-01
7.311260000000000536e-01 2.705850000000000199e-01
5.507659999999999778e-01 -1.578140000000000098e-01
6.956189999999999873e-01 4.027499999999999969e-01
7.790240000000000498e-01 4.167330000000000201e-01
6.948450000000000459e-01 5.000200000000000200e-01
6.652979999999999450e-01 3.670619999999999994e-01
7.338270000000000071e-01 4.519600000000000006e-02
7.341619999999999813e-01 -3.520500000000000018e-02
7.728150000000000297e-01 1.284119999999999984e-01
5.907480000000000508e-01 -7.564899999999999403e-02
6.764099999999999557e-01 2.095360000000000000e-01
6.607800000000000340e-01 2.940360000000000196e-01
6.891009999999999636e-01 1.244109999999999938e-01
8.412159999999999638e-01 8.067299999999999471e-02
6.057559999999999611e-01 2.905670000000000197e-01
4.905860000000000221e-01 1.389720000000000122e-01
6.015920000000000156e-01 1.453379999999999950e-01
8.411340000000000483e-01 -5.080999999999999579e-03
5.737440000000000317e-01 -2.908699999999999827e-02
7.203829999999999956e-01 4.178200000000000247e-01
5.338509999999999645e-01 5.161569999999999769e-01
4.623720000000000052e-01 4.995809999999999973e-01
5.342700000000000227e-01 3.018159999999999732e-01
6.787029999999999452e-01 3.797999999999999987e-02
7.785609999999999475e-01 2.056010000000000060e-01
6.819560000000000066e-01 4.826179999999999914e-01
7.912090000000000511e-01 1.949929999999999997e-01
6.066099999999999826e-01 1.489010000000000056e-01
5.813880000000000159e-01 5.469960000000000377e-01
5.031330000000000524e-01 3.345949999999999758e-01
2.194139999999999979e-01 -2.295310000000000128e-01
6.419399999999999551e-01 -9.337499999999999967e-02
6.578030000000000266e-01 -1.387309999999999932e-01
6.936679999999999513e-01 9.453899999999999804e-02
6.452989999999999560e-01 3.662259999999999960e-01
4.751549999999999940e-01 3.124599999999999947e-02
6.292569999999999553e-01 4.758410000000000140e-01
7.945929999999999938e-01 5.930400000000000255e-02
6.419650000000000079e-01 -1.459989999999999899e-01
4.292150000000000132e-01 3.335460000000000091e-01
3.820120000000000182e-01 5.383489999999999664e-01
7.292720000000000313e-01 2.402279999999999971e-01
5.591409999999999991e-01 3.135499999999999954e-01
8.130800000000000249e-01 3.216539999999999955e-01
8.411070000000000491e-01 2.918919999999999848e-01
7.480630000000000335e-01 2.448660000000000003e-01
7.615690000000000515e-01 1.457380000000000064e-01
7.477289999999999770e-01 -1.278199999999999996e-02
6.549289999999999834e-01 1.524480000000000002e-01
7.803710000000000369e-01 3.152420000000000222e-01
4.366920000000000246e-01 3.630249999999999866e-01
5.619800000000000351e-01 5.198059999999999903e-01
5.862030000000000296e-01 2.125360000000000027e-01
6.915660000000000140e-01 1.640709999999999946e-01
6.336779999999999635e-01 4.294290000000000052e-01
5.548990000000000311e-01 2.253300000000000025e-01
7.105639999999999734e-01 1.790710000000000079e-01
7.772940000000000405e-01 1.734449999999999881e-01
4.545069999999999943e-01 -3.888960000000000194e-01
7.915940000000000198e-01 2.690000000000000030e-02
6.243060000000000276e-01 3.124600000000000155e-01
6.124760000000000204e-01 -3.384399999999999908e-02
6.180090000000000305e-01 8.907600000000000240e-02
6.137310000000000265e-01 1.915370000000000128e-01
4.848700000000000232e-01 4.934859999999999802e-01
4.897239999999999926e-01 3.421690000000000009e-01
6.966869999999999452e-01 2.857739999999999725e-01
5.786810000000000009e-01 -7.205999999999999732e-03
5.556330000000000435e-01 -2.722000000000000114e-02
6.223490000000000411e-01 2.819599999999999884e-02
-4.692470000000000252e-01 1.023310000000000053e-01
4.215149999999999730e-01 4.879769999999999941e-01
5.444940000000000335e-01 5.038000000000000256e-01
5.009890000000000176e-01 -4.650000000000000270e-04
5.818860000000000143e-01 1.484479999999999966e-01
6.081180000000000474e-01 3.428959999999999786e-01
6.231980000000000297e-01 -1.783849999999999880e-01
4.936929999999999930e-01 7.523199999999999887e-01
6.810239999999999627e-01 2.709570000000000034e-01
7.584309999999999663e-01 2.859610000000000207e-01
5.614890000000000159e-01 -2.556999999999999811e-03
7.353619999999999601e-01 -2.097200000000000106e-02
7.117409999999999570e-01 1.091939999999999994e-01
7.541780000000000150e-01 1.071399999999999991e-01
7.238250000000000517e-01 2.238290000000000002e-01
3.515940000000000176e-01 4.169280000000000208e-01
6.388789999999999747e-01 2.888419999999999876e-01
6.207120000000000415e-01 6.004319999999999657e-01
7.099239999999999995e-01 -7.675400000000000278e-02
3.650669999999999749e-01 -1.644829999999999903e-01
6.001919999999999478e-01 1.246049999999999935e-01
7.427639999999999798e-01 2.493509999999999893e-01
7.049840000000000551e-01 -1.012300000000000005e-01
5.876000000000000112e-01 -1.262620000000000131e-01
6.333659999999999846e-01 -6.446599999999999553e-02
5.367560000000000109e-01 4.488579999999999792e-01
7.351480000000000237e-01 -7.214399999999999979e-02
6.571500000000000119e-01 2.176740000000000064e-01
6.568730000000000402e-01 3.913360000000000172e-01
6.953740000000000476e-01 1.124160000000000020e-01
6.582320000000000393e-01 9.776700000000000668e-02
4.639550000000000063e-01 -3.013970000000000260e-01
4.839780000000000193e-01 -4.205670000000000242e-01
-9.367100000000000426e-02 -5.831150000000000500e-01
6.979279999999999928e-01 7.954300000000000259e-02
6.310689999999999911e-01 -2.786999999999999894e-02
6.212539999999999729e-01 8.571199999999999652e-02
4.848689999999999944e-01 4.801639999999999797e-01
7.239480000000000359e-01 -5.453999999999999820e-02
6.098590000000000400e-01 -2.432999999999999885e-01
3.982769999999999921e-01 3.332060000000000022e-01
6.034990000000000077e-01 1.851079999999999948e-01
3.170680000000000165e-01 2.216120000000000034e-01
5.708220000000000516e-01 3.683629999999999960e-01
5.577729999999999633e-01 4.337079999999999824e-01
6.566180000000000350e-01 1.920280000000000042e-01
6.580949999999999855e-01 2.571240000000000192e-01
5.423480000000000523e-01 3.955029999999999935e-01
4.813810000000000033e-01 2.455620000000000025e-01
5.746459999999999901e-01 6.159900000000000098e-02
5.169080000000000341e-01 2.513739999999999863e-01
5.766539999999999999e-01 2.887460000000000027e-01
4.777410000000000267e-01 3.447990000000000221e-01
4.080150000000000166e-01 1.610640000000000127e-01
5.702819999999999556e-01 3.343780000000000086e-01
4.635779999999999901e-01 2.558190000000000186e-01
5.422679999999999723e-01 5.541999999999999704e-02
7.508420000000000094e-01 8.712399999999999312e-02
4.226260000000000017e-01 -9.596200000000000563e-02
4.735179999999999945e-01 5.314170000000000282e-01
5.167829999999999924e-01 4.097029999999999839e-01
4.809899999999999731e-01 3.559320000000000261e-01
-3.732449999999999934e-01 6.877929999999999877e-01
-4.409520000000000106e-01 5.666999999999999815e-01
-5.287560000000000038e-01 6.539730000000000265e-01
-5.736599999999999477e-01 4.675380000000000091e-01
4.881980000000000208e-01 2.682640000000000025e-01
5.311780000000000390e-01 5.572179999999999911e-01
1.345919999999999894e-01 6.633999999999999897e-01
4.262360000000000038e-01 3.675200000000000133e-01
6.234239999999999782e-01 2.933649999999999869e-01
5.516820000000000057e-01 3.451330000000000231e-01
3.356029999999999847e-01 2.683010000000000117e-01
6.452930000000000055e-01 3.332419999999999827e-01
4.519830000000000236e-01 5.619600000000000151e-01
6.354480000000000128e-01 1.096769999999999967e-01
4.439170000000000060e-01 -2.209270000000000123e-01
6.225850000000000550e-01 6.546799999999999842e-02
5.091759999999999620e-01 2.577510000000000079e-01
6.631230000000000180e-01 -2.256029999999999980e-01
5.463219999999999743e-01 -1.332250000000000101e-01
-6.943019999999999747e-01 3.851700000000000124e-01
-2.478599999999999970e-01 6.574969999999999981e-01
4.726890000000000258e-01 1.425039999999999918e-01
5.050160000000000204e-01 2.245739999999999958e-01
5.332879999999999843e-01 -1.807200000000000126e-02
3.221840000000000259e-01 5.494390000000000107e-01
6.495440000000000103e-01 -3.112699999999999842e-02
4.963219999999999854e-01 2.600999999999999840e-02
5.629969999999999697e-01 4.996389999999999998e-01
6.726039999999999797e-01 1.540430000000000132e-01
1.413739999999999997e-01 5.050850000000000062e-01
5.740699999999999692e-01 2.821750000000000091e-01
4.901460000000000261e-01 -1.781000000000000031e-03
6.253009999999999957e-01 5.757000000000000312e-02
6.306380000000000319e-01 5.319199999999999484e-01
2.948350000000000137e-01 4.717430000000000234e-01
5.371470000000000411e-01 5.204069999999999530e-01
7.260010000000000074e-01 5.112569999999999615e-01
6.047080000000000233e-01 4.267369999999999775e-01
7.436949999999999950e-01 3.964820000000000011e-01
7.156449999999999756e-01 2.520850000000000035e-01
7.758429999999999493e-01 2.816670000000000007e-01
6.515320000000000000e-01 4.112759999999999749e-01
6.646919999999999495e-01 3.759750000000000036e-01
6.961490000000000178e-01 3.141269999999999896e-01
6.395990000000000286e-01 2.819570000000000132e-01
5.957869999999999555e-01 -2.367120000000000057e-01
5.323989999999999556e-01 4.171139999999999848e-01
7.129109999999999614e-01 -9.497400000000000286e-02
5.923019999999999952e-01 1.703659999999999897e-01
6.442020000000000524e-01 1.029069999999999985e-01
5.994230000000000391e-01 3.078830000000000178e-01
5.661490000000000133e-01 3.406100000000000100e-02
4.970749999999999891e-01 -3.671440000000000259e-01
5.351259999999999906e-01 6.781840000000000090e-01
5.200860000000000483e-01 -1.668719999999999926e-01
4.961519999999999819e-01 1.568849999999999967e-01
6.304389999999999716e-01 4.714360000000000217e-01
3.271729999999999916e-01 4.218419999999999948e-01
6.208650000000000002e-01 -1.460049999999999959e-01
6.561669999999999447e-01 4.408340000000000036e-01
6.707070000000000531e-01 2.471949999999999981e-01
6.881709999999999772e-01 1.605930000000000135e-01
6.787119999999999820e-01 2.722160000000000135e-01
6.485800000000000454e-01 2.444010000000000071e-01
4.446640000000000037e-01 2.664500000000000202e-01
4.475109999999999921e-01 -5.370869999999999811e-01
7.529360000000000497e-01 -2.191500000000000045e-02
5.769039999999999724e-01 1.740170000000000050e-01
5.724110000000000031e-01 2.483029999999999959e-01
5.006650000000000267e-01 -1.323300000000000032e-01
6.650000000000000355e-01 1.633000000000000007e-01
7.934109999999999774e-01 1.387619999999999965e-01
6.099639999999999507e-01 2.389340000000000075e-01
6.552120000000000166e-01 1.180059999999999998e-01
6.069909999999999473e-01 3.382979999999999876e-01
7.261030000000000539e-01 1.485999999999999908e-03
5.757210000000000383e-01 1.258189999999999864e-01
6.364640000000000297e-01 2.189020000000000132e-01
5.790450000000000319e-01 5.800520000000000120e-01
8.223019999999999774e-01 1.518750000000000100e-01
6.710880000000000178e-01 4.258999999999999765e-03
5.363050000000000317e-01 2.533969999999999834e-01
4.685170000000000168e-01 1.874899999999999831e-02
6.277430000000000510e-01 1.546679999999999999e-01
6.647349999999999648e-01 -2.622610000000000219e-01
6.014490000000000114e-01 2.290089999999999903e-01
5.648739999999999872e-01 2.934099999999999903e-02
6.408220000000000027e-01 4.331180000000000030e-01
5.041560000000000485e-01 7.277100000000000235e-02
5.971830000000000194e-01 3.182170000000000276e-01
3.710209999999999897e-01 4.721299999999999941e-01
5.892730000000000468e-01 -1.706500000000000031e-02
7.061899999999999844e-01 1.243230000000000030e-01
5.426600000000000312e-01 3.325940000000000007e-01
6.277930000000000454e-01 3.486710000000000087e-01
6.328030000000000044e-01 3.703750000000000098e-01
6.541690000000000005e-01 7.716099999999999348e-02
6.707710000000000061e-01 2.162729999999999930e-01
7.223760000000000181e-01 2.800489999999999924e-01
7.909570000000000212e-01 -3.987000000000000093e-03
6.766980000000000217e-01 1.550640000000000074e-01
-5.105769999999999476e-01 4.648610000000000242e-01
-4.088379999999999792e-01 5.236279999999999824e-01
-4.781340000000000034e-01 7.324370000000000047e-01
5.830659999999999732e-01 -1.267699999999999938e-01
7.335530000000000106e-01 -9.410999999999999227e-03
7.186470000000000358e-01 -4.490000000000000176e-04
5.424539999999999917e-01 8.573500000000000565e-02
6.206260000000000110e-01 -1.969710000000000072e-01
6.078919999999999879e-01 1.897280000000000078e-01
6.880220000000000224e-01 5.144800000000000068e-02
8.631569999999999521e-01 6.773600000000000454e-02
5.560490000000000155e-01 1.349529999999999896e-01
6.708490000000000286e-01 5.656160000000000077e-01
6.771690000000000209e-01 4.848700000000000232e-01
6.984150000000000080e-01 1.231909999999999950e-01
6.824639999999999596e-01 2.254720000000000057e-01
6.654710000000000347e-01 -9.421100000000000307e-02
7.229560000000000430e-01 1.945610000000000117e-01
7.348799999999999777e-01 1.350729999999999986e-01
5.035800000000000276e-01 -6.169000000000000004e-03
6.206220000000000070e-01 -2.048270000000000091e-01
6.812519999999999687e-01 4.677509999999999724e-01
6.577190000000000536e-01 1.192999999999999963e-02
5.679950000000000276e-01 2.814809999999999812e-01
7.266869999999999719e-01 -5.377799999999999941e-02
4.670839999999999992e-01 -1.835380000000000067e-01
6.374910000000000299e-01 1.285340000000000094e-01
5.874479999999999702e-01 4.837170000000000081e-01
6.705710000000000282e-01 1.967820000000000125e-01
8.085879999999999734e-01 -8.375599999999999712e-02
4.875510000000000121e-01 1.023229999999999973e-01
8.257400000000000295e-01 2.658929999999999905e-01
8.295780000000000376e-01 -6.766999999999999404e-02
5.640530000000000266e-01 -6.289400000000000546e-02
4.851779999999999982e-01 2.080039999999999945e-01
5.116490000000000204e-01 3.391250000000000098e-01
7.516909999999999981e-01 2.115650000000000031e-01
3.863949999999999885e-01 5.722019999999999884e-01
7.324819999999999665e-01 6.444659999999999833e-01
6.441839999999999788e-01 3.979480000000000239e-01
5.871819999999999817e-01 1.368240000000000012e-01
7.535039999999999516e-01 2.419129999999999892e-01
5.705470000000000264e-01 4.062400000000000039e-02
6.429420000000000135e-01 2.033929999999999905e-01
5.819490000000000496e-01 3.254810000000000203e-01
6.495370000000000310e-01 1.220809999999999951e-01
6.339289999999999647e-01 4.594530000000000003e-01
6.783609999999999918e-01 3.705729999999999857e-01
5.468110000000000470e-01 -1.160690000000000055e-01
6.443410000000000526e-01 2.416750000000000009e-01
5.463780000000000303e-01 -1.099200000000000003e-02
4.018630000000000257e-01 4.636500000000000066e-01
6.082720000000000349e-01 3.008179999999999743e-01
6.126350000000000406e-01 3.845990000000000242e-01
5.760039999999999605e-01 1.744899999999999923e-02
5.371740000000000403e-01 2.819699999999999984e-02
7.045690000000000008e-01 1.750220000000000109e-01
4.267090000000000050e-01 3.362910000000000066e-01
5.654500000000000082e-01 1.617010000000000114e-01
7.109680000000000444e-01 1.268819999999999948e-01
5.692500000000000338e-01 6.056770000000000209e-01
6.625780000000000003e-01 6.182440000000000158e-01
5.679400000000000004e-01 5.316020000000000190e-01
6.910450000000000204e-01 1.697940000000000005e-01
5.756379999999999830e-01 4.018209999999999837e-01
-2.501079999999999970e-01 -5.004100000000000215e-01
6.228019999999999667e-01 2.504879999999999884e-01
4.040000000000000258e-01 -3.904239999999999933e-01
7.292229999999999546e-01 1.639760000000000106e-01
4.202790000000000137e-01 -2.665429999999999744e-01
6.129139999999999588e-01 3.899039999999999728e-01
4.872879999999999989e-01 4.983409999999999784e-01
6.582160000000000233e-01 2.469179999999999986e-01
6.130039999999999933e-01 5.179489999999999927e-01
6.419669999999999543e-01 6.689999999999999766e-03
5.870640000000000303e-01 2.940139999999999976e-01
6.562719999999999665e-01 4.476089999999999791e-01
-7.321360000000000090e-01 8.106199999999999517e-02
4.623090000000000255e-01 3.379019999999999802e-01
6.812780000000000502e-01 1.586019999999999930e-01
6.615809999999999746e-01 5.301100000000000256e-02
6.603560000000000541e-01 -9.380700000000000149e-02
7.547380000000000200e-01 4.431760000000000144e-01
6.849269999999999525e-01 3.358970000000000011e-01
2.021550000000000014e-01 -5.366130000000000067e-01
5.608220000000000427e-01 2.864050000000000207e-01
6.097580000000000222e-01 2.834300000000000153e-01
6.527969999999999606e-01 -8.747800000000000020e-02
7.159910000000000441e-01 1.612349999999999894e-01
6.226890000000000480e-01 5.153469999999999995e-01
4.593880000000000186e-01 4.884399999999999853e-02
7.501170000000000337e-01 1.691570000000000018e-01
7.872059999999999613e-01 -8.878999999999999740e-03
8.144400000000000528e-01 2.685049999999999937e-01
5.758769999999999722e-01 5.673200000000000465e-01
7.073420000000000263e-01 -9.756299999999999695e-02
7.150020000000000264e-01 1.853740000000000110e-01
7.165350000000000330e-01 1.837469999999999937e-01
6.289630000000000498e-01 7.036399999999999599e-02
6.531130000000000546e-01 8.995499999999999330e-02
-7.068280000000000118e-01 2.256259999999999932e-01
-6.280090000000000394e-01 5.073630000000000084e-01
7.994040000000000035e-01 1.592069999999999874e-01
7.069149999999999601e-01 -2.429109999999999880e-01
7.686960000000000459e-01 4.755399999999999905e-02
6.136239999999999473e-01 1.607020000000000115e-01
5.255539999999999656e-01 2.634099999999999775e-01
5.267669999999999852e-01 -1.587409999999999932e-01
6.151820000000000066e-01 -1.571029999999999927e-01
7.769089999999999607e-01 -1.878900000000000015e-02
4.615879999999999983e-01 1.507370000000000099e-01
7.341600000000000348e-01 1.955800000000000038e-01
6.697119999999999740e-01 -9.422600000000000420e-02
7.459090000000000442e-01 -9.376700000000000312e-02
8.407829999999999471e-01 2.891299999999999981e-01
7.243730000000000446e-01 1.922399999999999942e-01
7.297010000000000440e-01 1.141589999999999966e-01
8.223439999999999639e-01 5.144300000000000261e-02
6.902270000000000350e-01 1.394859999999999989e-01
5.500930000000000542e-01 5.289730000000000265e-01
5.076019999999999976e-01 1.222189999999999943e-01
3.931609999999999827e-01 3.645519999999999872e-01
5.479929999999999524e-01 -1.040750000000000008e-01
5.934190000000000298e-01 4.592199999999999754e-02
7.269879999999999676e-01 1.699160000000000115e-01
6.432179999999999565e-01 -1.740190000000000070e-01
7.150400000000000089e-01 -2.970869999999999900e-01
5.138850000000000362e-01 2.321799999999999975e-01
5.556729999999999725e-01 1.664460000000000106e-01
-4.880610000000000226e-01 4.075019999999999754e-01
-4.088640000000000052e-01 2.970709999999999740e-01
-6.429820000000000535e-01 6.261799999999999311e-02
-5.211430000000000229e-01 -3.932299999999999685e-02
-5.021390000000000020e-01 4.214729999999999865e-01
6.556669999999999998e-01 2.142310000000000048e-01
-7.089910000000000379e-01 3.286359999999999837e-01
-4.460290000000000088e-01 -7.527499999999999469e-02
4.829030000000000267e-01 2.710779999999999856e-01
4.414139999999999731e-01 3.561670000000000114e-01
7.090239999999999876e-01 1.838639999999999997e-01
5.501709999999999656e-01 -1.204640000000000016e-01
6.557020000000000071e-01 2.439590000000000092e-01
6.982530000000000125e-01 1.971410000000000107e-01
4.986419999999999741e-01 1.991680000000000117e-01
7.411090000000000177e-01 5.600000000000000117e-02
7.422119999999999829e-01 4.078899999999999748e-01
5.419190000000000396e-01 5.748469999999999969e-01
7.155540000000000234e-01 8.736599999999999921e-02
6.376060000000000061e-01 6.381000000000000387e-03
7.357740000000000391e-01 1.909289999999999876e-01
6.207780000000000520e-01 5.389270000000000449e-01
6.480050000000000532e-01 -1.765289999999999915e-01
6.709859999999999713e-01 2.930400000000000019e-02
7.824780000000000069e-01 -6.714900000000000035e-02
4.766400000000000081e-01 1.080549999999999983e-01
7.961030000000000051e-01 4.128760000000000208e-01
6.881610000000000227e-01 2.394360000000000099e-01
6.707480000000000109e-01 2.758860000000000201e-01
4.808569999999999789e-01 3.518999999999999906e-02
6.902500000000000302e-01 1.356080000000000063e-01
6.319040000000000212e-01 5.815989999999999771e-01
7.199499999999999789e-01 2.605549999999999811e-01
7.158639999999999448e-01 -1.883410000000000084e-01
7.323530000000000317e-01 3.866009999999999724e-01
7.264739999999999531e-01 9.350400000000000378e-02
7.177000000000000046e-01 3.737999999999999656e-02
6.403229999999999755e-01 4.042229999999999990e-01
5.193729999999999736e-01 -1.872139999999999915e-01
6.589380000000000237e-01 -3.620000000000000301e-02
6.725299999999999612e-01 -2.372130000000000072e-01
6.146509999999999474e-01 2.259809999999999874e-01
8.572509999999999852e-01 2.124989999999999934e-01
4.231539999999999746e-01 -2.459099999999999828e-02
7.097059999999999480e-01 1.189960000000000045e-01
4.552010000000000223e-01 4.373029999999999973e-01
5.628039999999999710e-01 4.439310000000000200e-01
7.124810000000000310e-01 5.168110000000000204e-01
7.066299999999999804e-01 2.501689999999999747e-01
6.778760000000000341e-01 4.286600000000000132e-02
5.945040000000000324e-01 2.375130000000000019e-01
5.782180000000000097e-01 3.606320000000000081e-01
4.738870000000000027e-01 5.514959999999999862e-01
6.539340000000000153e-01 1.771079999999999877e-01
7.636880000000000335e-01 2.179010000000000113e-01
6.065469999999999473e-01 -6.836100000000000509e-02
4.625819999999999932e-01 4.425899999999999834e-01
7.511860000000000204e-01 -2.806589999999999918e-01
6.384170000000000122e-01 -2.109669999999999879e-01
7.002669999999999728e-01 -3.073299999999999990e-02
6.896029999999999660e-01 -1.305169999999999941e-01
6.509859999999999536e-01 1.341120000000000090e-01
6.949999999999999512e-01 4.743169999999999886e-01
8.303970000000000518e-01 -4.099200000000000066e-02
6.432229999999999892e-01 1.414300000000000002e-01
4.356579999999999897e-01 -1.808079999999999965e-01
7.959159999999999568e-01 -2.275409999999999933e-01
6.511059999999999626e-01 3.420200000000000323e-02
5.179820000000000535e-01 -6.193800000000000000e-02
6.120459999999999789e-01 5.187570000000000237e-01
7.459189999999999987e-01 -2.144909999999999872e-01
7.166130000000000555e-01 3.932999999999999691e-02
6.272590000000000110e-01 -1.373479999999999979e-01
6.018059999999999521e-01 -2.340109999999999968e-01
7.681489999999999707e-01 -1.926219999999999877e-01
7.504480000000000040e-01 3.297809999999999908e-01
6.377159999999999496e-01 -8.514299999999999646e-02
5.993789999999999951e-01 1.650030000000000108e-01
5.493890000000000162e-01 -1.903829999999999967e-01
6.596870000000000234e-01 -4.104100000000000109e-02
6.806769999999999765e-01 2.654569999999999985e-01
7.361990000000000478e-01 1.232290000000000052e-01
6.591660000000000297e-01 4.591319999999999846e-01
1.833869999999999945e-01 5.508119999999999683e-01
6.108200000000000296e-01 3.503100000000000103e-01
6.591909999999999714e-01 2.702140000000000097e-01
6.666530000000000511e-01 5.583259999999999890e-01
3.853280000000000038e-01 -1.075030000000000013e-01
7.433629999999999960e-01 3.866970000000000129e-01
5.704960000000000031e-01 2.275169999999999970e-01
7.368470000000000297e-01 2.236789999999999889e-01
6.246159999999999490e-01 1.127329999999999999e-01
6.742280000000000495e-01 2.907069999999999932e-01
5.907609999999999806e-01 -1.311930000000000041e-01
5.232069999999999776e-01 1.573249999999999926e-01
5.495769999999999822e-01 -7.911500000000000477e-02
-5.270679999999999810e-01 1.718719999999999970e-01
-4.111429999999999807e-01 4.907340000000000035e-01
-5.644169999999999465e-01 2.698450000000000015e-01
-7.038419999999999677e-01 8.511699999999999822e-02
-7.133950000000000014e-01 3.862229999999999830e-01
-6.265460000000000473e-01 -1.800000000000000113e-04
-4.496249999999999969e-01 6.257610000000000117e-01
-3.641849999999999810e-01 4.965370000000000061e-01
-5.101250000000000506e-01 -4.264899999999999941e-02
-7.055109999999999992e-01 4.109419999999999740e-01
-5.100259999999999794e-01 -7.179000000000000659e-02
-5.890680000000000360e-01 5.232160000000000144e-01
6.687689999999999468e-01 3.124700000000000047e-02
5.829450000000000465e-01 2.883410000000000140e-01
5.771730000000000471e-01 2.478960000000000052e-01
5.923559999999999937e-01 4.198709999999999942e-01
4.428019999999999734e-01 3.153750000000000164e-01
4.319999999999999951e-01 1.264059999999999906e-01
-6.180010000000000225e-01 3.712070000000000092e-01
-6.129210000000000491e-01 5.029730000000000034e-01
-6.843609999999999971e-01 3.792579999999999840e-01
-6.848300000000000498e-01 2.194460000000000022e-01
-5.750199999999999756e-01 6.472970000000000113e-01
-7.386669999999999625e-01 4.664139999999999953e-01
-5.041430000000000078e-01 3.275259999999999838e-01
-6.213619999999999699e-01 6.157690000000000108e-01
-6.740899999999999670e-01 1.640040000000000109e-01
-2.226529999999999898e-01 5.656700000000000061e-01
-7.060710000000000042e-01 4.802350000000000230e-01
-6.660899999999999599e-01 2.765469999999999873e-01
-6.476039999999999575e-01 4.521240000000000259e-01
-4.505950000000000233e-01 6.392090000000000272e-01
-4.876809999999999756e-01 5.197249999999999925e-01
-6.415260000000000407e-01 3.151089999999999725e-01
-6.551989999999999759e-01 5.158220000000000027e-01
-5.261369999999999658e-01 5.932429999999999648e-01
5.940429999999999877e-01 2.967710000000000070e-01
-6.803719999999999768e-01 4.395789999999999975e-01
4.543249999999999789e-01 1.435690000000000022e-01
1.458689999999999987e-01 7.058299999999999574e-01
3.404570000000000096e-01 5.094539999999999624e-01
-6.603780000000000205e-01 -6.904100000000000514e-02
5.821129999999999916e-01 3.685800000000000187e-01
5.433580000000000076e-01 2.109600000000000086e-01
4.977369999999999850e-01 4.785200000000000009e-01
-7.016909999999999537e-01 2.187270000000000048e-01
-6.978520000000000278e-01 9.704799999999999538e-02
4.393020000000000258e-01 -3.272550000000000181e-01
-8.763910000000000311e-01 1.924019999999999897e-01
4.060190000000000188e-01 -4.764010000000000189e-01
5.511099999999999888e-01 -5.301299999999999762e-02
5.894200000000000550e-01 -8.823499999999999399e-02
5.992439999999999989e-01 5.264349999999999863e-01
6.224739999999999718e-01 4.449899999999999689e-02
6.289810000000000123e-01 2.204109999999999958e-01
5.970079999999999831e-01 5.132609999999999673e-01
4.259839999999999738e-01 -2.148760000000000114e-01
6.341069999999999762e-01 -3.580470000000000041e-01
6.024850000000000483e-01 6.188960000000000017e-01
6.099609999999999754e-01 3.359800000000000286e-02
6.561489999999999823e-01 2.207060000000000133e-01
6.481980000000000519e-01 -2.216999999999999874e-02
7.211030000000000495e-01 -4.141199999999999742e-02
5.961109999999999465e-01 2.790469999999999895e-01
8.349860000000000060e-01 -2.719500000000000042e-02
6.507399999999999851e-01 5.870480000000000143e-01
5.732770000000000366e-01 4.113720000000000154e-01
7.051610000000000378e-01 2.038419999999999954e-01
5.150259999999999838e-01 4.535959999999999992e-01
2.608400000000000163e-01 6.755349999999999966e-01
8.566300000000000026e-01 -3.120699999999999863e-02
5.681450000000000111e-01 5.539089999999999847e-01
7.378869999999999596e-01 3.796669999999999767e-01
5.914350000000000440e-01 -9.624199999999999422e-02
7.389689999999999870e-01 -1.002190000000000025e-01
-7.066899999999999571e-02 -4.249919999999999809e-01
5.344889999999999919e-01 1.132309999999999983e-01
2.890829999999999789e-01 1.840839999999999976e-01
6.831930000000000502e-01 3.903349999999999875e-01
6.639000000000000457e-01 3.764700000000000268e-01
5.378600000000000048e-01 -2.050899999999999945e-01
5.489009999999999723e-01 -3.546799999999999953e-02
8.121429999999999483e-01 -1.357579999999999898e-01
7.146069999999999922e-01 -7.675400000000000278e-02
4.429480000000000084e-01 4.213939999999999908e-01
6.485950000000000326e-01 -2.219700000000000145e-02
6.015420000000000211e-01 2.014400000000000079e-01
6.578699999999999548e-01 -3.356399999999999662e-02
6.509620000000000406e-01 2.159800000000000053e-01
4.989069999999999894e-01 3.537020000000000164e-01
6.030579999999999830e-01 4.919799999999999729e-01
6.784299999999999775e-01 1.402579999999999938e-01
5.674979999999999469e-01 3.589069999999999760e-01
5.977869999999999573e-01 -1.525249999999999939e-01
7.934660000000000046e-01 -1.553339999999999999e-01
6.440940000000000554e-01 5.281199999999999783e-02
6.035009999999999541e-01 2.922089999999999965e-01
6.541810000000000125e-01 -2.291060000000000041e-01
7.372319999999999984e-01 -1.391910000000000092e-01
7.910150000000000237e-01 2.663090000000000179e-01
6.580420000000000158e-01 -1.962210000000000065e-01
4.992059999999999831e-01 2.434530000000000027e-01
6.002779999999999783e-01 7.328999999999999578e-03
7.214540000000000397e-01 2.216190000000000104e-01
6.911730000000000373e-01 3.571320000000000050e-01
5.130970000000000253e-01 6.471189999999999998e-01
5.189540000000000264e-01 -1.845110000000000083e-01
5.918959999999999777e-01 1.946170000000000122e-01
6.388939999999999619e-01 3.298889999999999878e-01
7.550369999999999582e-01 3.075849999999999973e-01
5.866770000000000040e-01 2.985479999999999801e-01
5.385069999999999579e-01 3.047239999999999949e-01
7.513959999999999528e-01 3.645000000000000323e-02
5.003090000000000037e-01 3.030320000000000236e-01
6.862110000000000154e-01 4.554549999999999987e-01
6.074079999999999480e-01 -3.837900000000000339e-02
6.301240000000000174e-01 1.247370000000000007e-01
4.566600000000000104e-01 -5.397500000000000214e-02
4.062470000000000248e-01 4.457289999999999863e-01
3.262100000000000000e-01 4.841150000000000175e-01
5.085939999999999905e-01 -1.052229999999999971e-01
6.462679999999999536e-01 2.272599999999999898e-01
6.301480000000000414e-01 1.646309999999999996e-01
5.038550000000000528e-01 4.596589999999999843e-01
7.228670000000000373e-01 1.066310000000000036e-01
5.418640000000000123e-01 7.243199999999999639e-02
4.411720000000000086e-01 4.337050000000000072e-01
5.947850000000000081e-01 8.029999999999999638e-02
6.473799999999999555e-01 1.227739999999999942e-01
5.921830000000000149e-01 -2.626350000000000073e-01
7.560649999999999871e-01 5.149800000000000211e-02
5.839050000000000074e-01 -3.181320000000000259e-01
6.020010000000000083e-01 -9.134699999999999764e-02
5.777949999999999475e-01 -1.537040000000000073e-01
8.629790000000000516e-01 -7.508099999999999496e-02
6.166479999999999739e-01 4.661910000000000220e-01
-6.988299999999999512e-01 4.093649999999999789e-01
-4.473239999999999994e-01 2.860829999999999762e-01
-5.190649999999999986e-01 1.692829999999999890e-01
-6.739939999999999820e-01 1.616200000000000137e-01
-5.617659999999999876e-01 -3.684500000000000275e-02
-6.784019999999999495e-01 3.937080000000000024e-01
-5.556189999999999740e-01 -8.742700000000000471e-02
-6.549209999999999754e-01 2.791040000000000187e-01
-5.709950000000000303e-01 2.097209999999999908e-01
-7.159579999999999833e-01 5.394660000000000011e-01
-5.891910000000000203e-01 3.218100000000000127e-02
-3.741940000000000266e-01 6.525849999999999707e-01
-6.891329999999999956e-01 3.165029999999999788e-01
-6.693759999999999710e-01 4.787259999999999849e-01
-3.797380000000000200e-01 6.161889999999999867e-01
3.935899999999999815e-02 -4.077120000000000188e-01
5.612129999999999619e-01 6.331040000000000001e-01
5.499249999999999972e-01 5.944000000000000394e-01
6.635159999999999947e-01 5.436280000000000001e-01
7.863430000000000142e-01 1.980480000000000018e-01
6.938549999999999995e-01 6.958999999999999908e-02
8.577810000000000157e-01 -8.290000000000000147e-02
4.603789999999999827e-01 1.910699999999999898e-02
3.585599999999999898e-01 -2.833040000000000003e-01
6.751700000000000479e-01 4.323790000000000133e-01
8.172779999999999490e-01 2.213310000000000000e-01
7.244930000000000536e-01 2.331439999999999901e-01
7.933240000000000292e-01 3.231809999999999961e-01
5.685850000000000071e-01 1.488000000000000086e-02
6.054899999999999727e-01 5.789300000000000002e-02
6.980979999999999963e-01 2.902959999999999985e-01
6.272980000000000222e-01 1.672019999999999895e-01
8.233369999999999855e-01 2.018580000000000096e-01
5.867250000000000520e-01 2.746219999999999772e-01
5.194560000000000288e-01 3.721490000000000076e-01
5.186220000000000274e-01 9.434099999999999431e-02
5.930199999999999916e-01 1.621980000000000088e-01
5.762289999999999912e-01 3.285959999999999992e-01
-4.215430000000000010e-01 4.609989999999999921e-01
-4.680880000000000041e-01 4.617859999999999743e-01
-5.315260000000000540e-01 -2.297300000000000036e-02
-5.345529999999999449e-01 3.210660000000000180e-01
6.082170000000000076e-01 2.441889999999999894e-01
6.567380000000000440e-01 4.200000000000000174e-04
6.023150000000000448e-01 -1.070519999999999944e-01
7.095839999999999925e-01 -1.160869999999999957e-01
7.548730000000000162e-01 9.093900000000000594e-02
4.945789999999999909e-01 1.329249999999999876e-01
6.925080000000000124e-01 -2.490300000000000152e-02
7.264730000000000354e-01 -3.067969999999999864e-01
6.526880000000000459e-01 3.577879999999999949e-01
7.408510000000000373e-01 2.759800000000000031e-01
6.935210000000000541e-01 1.936799999999999911e-01
5.145229999999999526e-01 3.229210000000000136e-01
7.670339999999999936e-01 1.120759999999999951e-01
6.926740000000000119e-01 2.729420000000000179e-01
5.702789999999999804e-01 2.544509999999999827e-01
6.043039999999999523e-01 3.358059999999999934e-01
5.985449999999999937e-01 4.603600000000000053e-02
8.413140000000000063e-01 2.031100000000000128e-01
3.674799999999999733e-01 3.132110000000000172e-01
5.564879999999999827e-01 -1.238339999999999996e-01
6.266439999999999788e-01 1.117370000000000030e-01
2.767890000000000073e-01 3.754000000000000115e-01
4.473750000000000226e-01 2.216599999999999959e-01
6.767520000000000202e-01 -3.477219999999999756e-01
6.553649999999999753e-01 1.894319999999999893e-01
5.947930000000000161e-01 3.111200000000000077e-02
7.078780000000000072e-01 -6.549800000000000066e-02
5.359260000000000135e-01 4.795459999999999723e-01
5.949210000000000331e-01 5.222940000000000360e-01
5.923690000000000344e-01 1.084870000000000001e-01
3.611920000000000130e-01 6.127799999999999914e-01
6.643970000000000153e-01 9.775699999999999668e-02
5.956029999999999935e-01 -1.512779999999999958e-01
4.189439999999999831e-01 5.939999999999999968e-03
6.994230000000000169e-01 3.319190000000000196e-01
4.023070000000000257e-01 -1.256029999999999924e-01
5.726020000000000554e-01 -2.796830000000000149e-01
5.088230000000000253e-01 -1.259830000000000116e-01
4.632930000000000104e-01 2.069390000000000118e-01
5.388309999999999489e-01 6.436389999999999612e-01
8.020890000000000519e-01 3.525659999999999905e-01
5.814869999999999761e-01 -1.517540000000000000e-01
5.152409999999999490e-01 3.812499999999999917e-02
6.016740000000000421e-01 6.536200000000000343e-02
6.069989999999999553e-01 -2.661499999999999977e-01
5.115410000000000235e-01 -1.671420000000000128e-01
5.570969999999999533e-01 -1.869000000000000106e-01
6.201609999999999623e-01 7.166599999999999360e-02
5.423480000000000523e-01 2.428609999999999935e-01
4.873040000000000149e-01 4.679799999999999932e-02
4.215530000000000110e-01 1.121459999999999957e-01
6.618490000000000206e-01 -1.239330000000000015e-01
6.150980000000000336e-01 1.334200000000000108e-01
6.025300000000000100e-01 2.933319999999999816e-01
3.978499999999999814e-01 -2.138200000000000170e-02
5.199979999999999603e-01 5.452209999999999557e-01
6.336870000000000003e-01 4.983549999999999924e-01
6.565210000000000212e-01 4.793479999999999963e-01
-3.992199999999999915e-02 -5.868339999999999668e-01
5.712369999999999948e-01 1.919339999999999935e-01
5.331690000000000040e-01 2.597180000000000044e-01
7.775220000000000464e-01 4.105019999999999780e-01
6.324670000000000014e-01 3.556779999999999942e-01
5.454360000000000319e-01 -3.229499999999999732e-02
6.005009999999999515e-01 4.109740000000000060e-01
6.059830000000000494e-01 6.232469999999999954e-01
7.572039999999999882e-01 3.571269999999999722e-01
