-1.062068965517241503e+00 3.295807338444780221e-04 7.666434850185805132e-05 8.917358110553111816e-04 8.710570731259191166e-04 7.451394669536382138e-04 6.193874363696766643e-05 2.494714700722667697e-03 9.373628317798735629e-04 1.809332477966791555e-04 2.035335281357984451e-05 0.000000000000000000e+00 0.000000000000000000e+00
-9.862068965517242214e-01 1.091191723959943072e-02 2.426670983812983194e-04 1.120222432280340574e-02 4.587854840399765988e-03 1.128632795909186894e-02 3.576265329016790288e-03 7.220096339729835042e-03 1.315905289729875968e-03 5.164895153842231565e-03 9.784920490087428875e-04 1.383324721891438652e-02 1.623345790811801456e-03
-9.103448275862069394e-01 8.872720832903427390e-02 4.589365257920166759e-03 1.013708243112947244e-01 1.083915752694950517e-02 1.017241752616155764e-01 2.355371142721574690e-02 3.576359071468914602e-02 3.090360957570961221e-03 6.119626201926037928e-02 1.569575019319755654e-02 7.144900306290856429e-02 1.749660915810661785e-03
-8.344827586206897685e-01 3.961898966931191035e-01 3.806930340101227772e-02 4.421501863499033291e-01 8.143809480257313202e-03 4.268978125822565639e-01 9.897492950432022762e-02 1.256568401989031636e-01 4.245076467964786250e-03 3.036980004928018229e-01 7.682322917026909725e-02 3.400125147227444633e-01 1.145602709773394130e-02
-7.586206896551723755e-01 9.726485122123840199e-01 6.410812233750971811e-02 1.072737927115740009e+00 1.005849647258118436e-02 9.116466921684269753e-01 2.227357419022422680e-01 2.935083162985090977e-01 9.287890229642792664e-03 7.902855406177149433e-01 1.922155759421316223e-01 8.047835037893036336e-01 1.309984379144737456e-02
-6.827586206896552046e-01 1.481535842141155079e+00 7.982815772563063572e-02 1.681050525957438646e+00 1.811228334244149168e-02 1.220474245633464072e+00 2.904080969503275433e-01 3.553520568555114112e-01 2.061533990571409562e-03 1.248052785093640704e+00 2.549158683424856409e-01 1.108058940574455198e+00 1.686051089914137463e-02
-6.068965517241380336e-01 1.553507525063678951e+00 7.477478401357594284e-02 1.585690994639934903e+00 9.163990846946322433e-03 1.102275156690869728e+00 2.473630283089017223e-01 3.215587612560656394e-01 2.545250294148162021e-02 1.313001547092077725e+00 2.484502690908495515e-01 1.112543200811412003e+00 1.123609655885327713e-02
-5.310344827586206407e-01 1.236924341267139571e+00 5.638624594202949064e-02 1.169268521384307480e+00 2.183770748594700967e-02 7.702544365694787842e-01 1.668619486924318163e-01 2.638758452511859032e-01 2.755634271660764925e-03 1.052996008975858988e+00 1.971773104110668140e-01 8.762872698682495631e-01 3.691499479970888897e-02
-4.551724137931034142e-01 8.143387323280768531e-01 4.065369862842090065e-02 7.482287006300641918e-01 9.157847423137122772e-03 4.607739610595157354e-01 9.937098028888952106e-02 1.402114171523815012e-01 1.854092327824690897e-03 6.766727569874386727e-01 1.342988012365080863e-01 5.752992762734661092e-01 9.615389714892544695e-03
-3.793103448275861322e-01 5.063260782526125547e-01 2.591308886958527263e-02 4.237542100283718804e-01 3.497415954950405456e-03 2.704021300182812837e-01 6.598891384456527509e-02 9.338024917579851314e-02 8.326798198775634680e-03 3.989902195920412287e-01 8.833704057041093238e-02 3.491223698037273504e-01 2.041155896860783955e-02
-3.034482758620689058e-01 3.160784097455048847e-01 1.846937787898119201e-02 2.584707388981991039e-01 1.491799701262326930e-02 1.650348351360799160e-01 3.883289992994977402e-02 5.461090641035643012e-02 9.454234480933907661e-04 2.221544190535596486e-01 5.745295814403124368e-02 2.225098940997652375e-01 1.513965618064224946e-03
-2.275862068965516793e-01 2.019987079126429053e-01 1.004512220166930113e-02 1.805163559000347306e-01 2.519598994428510520e-03 1.068673706438338089e-01 2.092023561167650342e-02 3.624703765919114196e-02 2.449732060811182950e-03 1.311720463905998724e-01 3.162576776133074058e-02 1.501172207166431294e-01 7.131335444022995386e-03
-1.517241379310343974e-01 1.507037461427228608e-01 1.060435721104687271e-02 1.327162243801860986e-01 7.557825259164975724e-03 7.496266050543048953e-02 1.587663737977271575e-02 3.898573438873444152e-02 8.367615970450936963e-04 9.149952408894596045e-02 2.340444071040947635e-02 1.012067202052505388e-01 3.374758474677684583e-03
-7.586206896551717094e-02 1.203893555359754480e-01 4.517269309976677978e-03 9.481262031108525501e-02 5.364019269930557325e-03 6.523148621854549245e-02 1.249681302839540480e-02 3.671719973086565864e-02 3.253962642385917030e-03 6.719221417185954059e-02 1.529762333434079268e-02 8.790065904846586231e-02 1.714144948283637072e-03
1.110223024625156540e-16 1.167443212928006291e-01 3.104113782085111441e-03 9.152210493235821143e-02 2.466099491649679544e-03 5.716263500058942071e-02 1.154141158276210388e-02 5.610572628147421359e-02 2.274985615144110764e-03 5.661897411128555269e-02 9.442690068624035385e-03 7.986378005959944570e-02 2.302079657699148893e-03
7.586206896551739298e-02 1.244455723752557474e-01 5.187075031519145993e-03 1.106470440026776081e-01 3.997176890507932873e-03 6.131333695775606496e-02 1.197418911882835828e-02 8.023716095599936482e-02 9.069700537557847178e-03 6.080215150347713371e-02 5.293300497150591442e-03 7.752467543697172392e-02 6.333806095863371045e-03
1.517241379310345639e-01 1.627703850724691315e-01 1.553423109786968535e-02 1.388201808031744311e-01 1.508979052925743178e-02 1.071863596939496288e-01 2.057079914876627433e-02 1.290773521194382434e-01 4.927120408268063564e-03 8.825977011921203041e-02 3.306639363002312343e-03 1.107994182462266886e-01 3.371694895036306955e-03
2.275862068965518459e-01 2.422488904044465818e-01 2.169781220925681708e-02 2.043410625672830161e-01 8.356215815821445292e-03 1.929542021980190092e-01 3.575739641165681659e-02 2.666396342944410969e-01 6.116404727622027498e-03 1.293532602133963816e-01 1.531268279070526969e-02 1.521357766565019087e-01 5.395274979403631363e-03
3.034482758620691278e-01 3.661894317066344273e-01 5.079388343699854647e-02 3.714936656839926687e-01 4.878096795086547983e-03 3.658927244255513189e-01 5.849325340606710555e-02 5.197951602463597442e-01 1.155645074009236696e-02 2.370596049165099584e-01 3.723252177034743621e-02 2.568260230538550459e-01 1.065603395415348244e-02
3.793103448275864098e-01 5.814276139740026661e-01 6.141978651569030001e-02 5.994938806892973204e-01 1.926132617130439997e-02 6.750644703129005109e-01 8.915346514849088744e-02 9.858406756016705463e-01 9.773130113535716951e-03 4.485841767813642522e-01 1.089588125496256110e-01 5.470030122759232949e-01 1.581921988736945811e-02
4.551724137931036918e-01 8.619357153737932098e-01 6.833479888373017452e-02 8.742984741692112483e-01 2.037790190902481063e-02 1.060816907002199327e+00 6.932710595535275522e-02 1.593628745395564206e+00 5.117595015473694331e-02 8.130760927977150887e-01 2.310569449052376212e-01 9.002730241354098828e-01 5.740752435060896171e-03
5.310344827586208627e-01 1.102772437507210324e+00 6.463006435947037109e-02 1.131080136176596529e+00 2.736413695184854514e-02 1.431813612836448257e+00 9.120318908091190613e-02 2.112321584630072469e+00 1.887046729809678178e-02 1.256714736096117502e+00 3.561087119415132785e-01 1.347794831871581778e+00 1.009737828080642733e-02
6.068965517241381447e-01 1.177652562369812195e+00 5.551259523979728411e-02 1.162261125899276770e+00 6.912264621131602310e-03 1.696599487630869874e+00 3.361786899400331929e-01 2.444630496831234012e+00 3.206195213514340114e-02 1.612170574717157745e+00 3.998994351093993482e-01 1.631599215667870251e+00 1.141611111769782333e-02
6.827586206896554266e-01 9.550667806641178759e-01 3.919498142337505403e-02 9.961563651136611242e-01 2.030054000674670622e-02 1.575071390934558391e+00 5.357334527358607046e-01 2.126853869292591348e+00 1.687416992097972093e-02 1.556800679281049815e+00 2.777637696341690443e-01 1.618140969768685045e+00 6.391229022742037427e-03
7.586206896551725976e-01 5.990701644435187934e-01 2.305693394299766080e-02 6.003691707180236481e-01 9.178683184143481694e-03 1.044167375526901864e+00 4.404695773861387331e-01 1.454681446799451994e+00 1.734265346561223928e-02 1.108357053515431234e+00 4.692524310753054539e-02 1.147074666337998261e+00 1.192558914641949838e-02
8.344827586206898795e-01 2.687832154367782445e-01 1.873840277694538772e-02 2.467301513184582407e-01 4.331874971431417393e-03 4.314905471924825320e-01 1.957532068626854360e-01 7.127256405666403394e-01 7.779054285162265853e-03 5.602982634994546629e-01 6.740913745085697073e-02 6.130146373654710157e-01 1.899458151997089964e-02
9.103448275862071615e-01 7.790529027021866892e-02 3.299298248929348476e-03 6.223171429715327468e-02 1.269408011729843523e-03 1.005392033647116712e-01 3.946765695911721300e-02 1.888088113651827937e-01 1.337587064312545718e-02 1.766088851111564662e-01 5.076412617607662520e-02 1.769786986129147088e-01 1.368608695843987573e-03
9.862068965517243324e-01 1.177217187373264320e-02 1.780601416059260323e-03 7.693133588416610144e-03 2.176003334276845058e-03 1.061233788462405576e-02 3.437901842553369672e-03 2.230559601467261427e-02 3.125293276206324647e-03 3.081812156330693969e-02 1.231983115213110096e-02 2.618935390403116445e-02 2.950511622546155965e-03
1.062068965517241503e+00 6.055936377183817644e-04 5.519571156936600026e-05 0.000000000000000000e+00 0.000000000000000000e+00 7.389791245960581484e-04 1.760746328284775765e-04 7.653334725632867730e-04 6.885724808182636016e-04 2.220502795930692514e-03 1.378574613669437780e-03 1.658096411655475078e-03 1.305331040906209479e-03
