6.837940000000000129e-01 -1.066970000000000002e-01
4.630779999999999896e-01 1.597490000000000021e-01
5.943530000000000202e-01 1.925030000000000074e-01
6.558800000000000185e-01 6.289400000000000546e-02
7.311370000000000369e-01 -6.304700000000000581e-02
7.115869999999999695e-01 2.891700000000000173e-02
6.616309999999999691e-01 1.414630000000000054e-01
7.012340000000000240e-01 2.037699999999999928e-02
8.227320000000000189e-01 1.002590000000000009e-01
6.162400000000000100e-01 3.028259999999999841e-01
8.344580000000000330e-01 1.050500000000000045e-02
-8.167370000000000463e-01 -9.860000000000000708e-03
-5.936639999999999695e-01 -1.669630000000000003e-01
-6.881589999999999652e-01 3.305170000000000052e-01
-6.148449999999999749e-01 -3.676690000000000236e-01
-4.877679999999999794e-01 6.991500000000000492e-02
-5.167399999999999771e-01 7.295999999999999708e-02
-8.408809999999999896e-01 1.928539999999999976e-01
-7.572200000000000042e-01 6.812799999999999412e-02
-8.688639999999999697e-01 6.487500000000000211e-02
-5.992020000000000124e-01 -9.971900000000000208e-02
-5.581329999999999902e-01 -1.797060000000000046e-01
-7.148120000000000029e-01 1.025540000000000063e-01
-5.167289999999999939e-01 -8.253399999999999626e-02
-7.063939999999999664e-01 -2.376639999999999864e-01
-5.807379999999999765e-01 -2.912500000000000158e-02
-7.168529999999999625e-01 -1.817370000000000096e-01
-6.047949999999999715e-01 -1.665040000000000131e-01
-5.672530000000000072e-01 -3.184719999999999773e-01
-6.421430000000000193e-01 2.603550000000000031e-01
-6.785579999999999945e-01 -8.630599999999999383e-02
-6.461810000000000054e-01 1.301160000000000094e-01
-7.432600000000000318e-01 1.063869999999999955e-01
-6.120440000000000325e-01 -9.816900000000000626e-02
6.354379999999999473e-01 -5.154000000000000248e-02
8.478769999999999918e-01 -4.812700000000000311e-02
7.533250000000000224e-01 -2.278300000000000117e-02
7.720529999999999893e-01 3.246399999999999980e-02
7.502539999999999765e-01 2.104599999999999874e-02
8.269689999999999541e-01 3.976999999999999980e-02
7.714750000000000218e-01 2.257609999999999895e-01
8.159239999999999826e-01 1.318100000000000105e-01
6.601630000000000553e-01 -1.162060000000000037e-01
8.068779999999999841e-01 3.563999999999999807e-02
7.622989999999999489e-01 2.102400000000000102e-01
7.667599999999999971e-01 3.242419999999999747e-01
7.687500000000000444e-01 2.483660000000000034e-01
6.258510000000000462e-01 1.795350000000000001e-01
6.596980000000000066e-01 6.138199999999999906e-02
7.673879999999999590e-01 9.967700000000000171e-02
7.651790000000000536e-01 1.009999999999999960e-02
5.995629999999999571e-01 1.488339999999999941e-01
8.650339999999999696e-01 1.818680000000000019e-01
8.115040000000000031e-01 3.027699999999999836e-02
5.193250000000000366e-01 5.469770000000000465e-01
3.770129999999999870e-01 7.055240000000000400e-01
4.793279999999999763e-01 4.896719999999999962e-01
7.177130000000000454e-01 3.120959999999999845e-01
6.805989999999999540e-01 5.555700000000000222e-02
7.971719999999999917e-01 7.032199999999999562e-02
5.653049999999999464e-01 4.801799999999999818e-02
6.339230000000000143e-01 1.873460000000000125e-01
7.676830000000000043e-01 3.957829999999999959e-01
7.417850000000000277e-01 1.199700000000000072e-02
6.309000000000000163e-01 -2.224599999999999841e-02
9.293069999999999942e-01 1.279289999999999872e-01
7.888929999999999554e-01 1.073749999999999982e-01
7.208369999999999500e-01 1.742070000000000007e-01
7.594849999999999657e-01 1.186289999999999983e-01
6.059489999999999599e-01 5.505970000000000031e-01
7.033610000000000140e-01 -2.201740000000000086e-01
7.304570000000000229e-01 1.065400000000000028e-02
7.978229999999999489e-01 -5.129700000000000232e-02
7.719610000000000083e-01 1.060510000000000064e-01
7.576009999999999689e-01 2.571390000000000065e-01
6.484969999999999901e-01 1.260739999999999916e-01
7.422670000000000101e-01 1.528420000000000056e-01
7.783219999999999583e-01 2.175489999999999924e-01
5.819590000000000041e-01 2.351840000000000042e-01
8.382119999999999571e-01 5.645300000000000318e-02
7.234890000000000487e-01 1.410119999999999985e-01
7.917629999999999946e-01 -7.839999999999999747e-04
5.796839999999999771e-01 -1.629600000000000146e-02
4.519190000000000151e-01 1.248329999999999995e-01
6.480930000000000302e-01 -8.686599999999999877e-02
5.330610000000000070e-01 4.848000000000000226e-02
8.070079999999999476e-01 1.040459999999999996e-01
8.009680000000000133e-01 -7.855199999999999683e-02
6.536170000000000035e-01 3.830100000000000171e-02
5.788879999999999582e-01 1.552060000000000106e-01
6.320519999999999472e-01 3.116840000000000166e-01
9.011909999999999643e-01 1.315759999999999985e-01
7.853329999999999478e-01 -4.332199999999999940e-02
7.308599999999999541e-01 2.959000000000000172e-02
6.601110000000000033e-01 -1.219199999999999971e-02
7.131520000000000081e-01 1.646400000000000086e-01
7.967419999999999503e-01 1.820759999999999879e-01
4.440189999999999970e-01 5.239800000000000013e-02
7.145489999999999897e-01 1.837699999999999889e-01
5.423449999999999660e-01 -5.226999999999999702e-02
7.936109999999999554e-01 7.599000000000000199e-02
8.131009999999999627e-01 7.146500000000000075e-02
7.709819999999999451e-01 1.031129999999999963e-01
8.366879999999999873e-01 1.947639999999999927e-01
6.549549999999999539e-01 1.459700000000000060e-02
7.219079999999999941e-01 2.587409999999999988e-01
6.026270000000000238e-01 -3.389999999999999784e-03
7.307219999999999827e-01 1.744199999999999917e-01
6.949290000000000189e-01 1.848120000000000041e-01
8.032789999999999653e-01 6.428000000000000380e-02
7.092580000000000551e-01 1.358620000000000105e-01
6.416439999999999921e-01 1.374450000000000116e-01
7.531780000000000141e-01 -6.153100000000000236e-02
-7.305669999999999664e-01 3.657000000000000094e-03
5.797010000000000218e-01 1.853720000000000090e-01
7.025930000000000231e-01 8.950700000000000323e-02
6.960060000000000136e-01 1.209029999999999966e-01
7.219419999999999726e-01 1.277369999999999894e-01
7.510270000000000001e-01 2.173319999999999974e-01
6.770770000000000399e-01 3.482999999999999985e-03
6.737990000000000368e-01 9.989499999999999769e-02
8.384089999999999598e-01 1.236040000000000055e-01
6.435779999999999834e-01 -1.304949999999999999e-01
7.221800000000000441e-01 1.286219999999999863e-01
7.313939999999999886e-01 -3.917500000000000149e-02
7.024340000000000028e-01 -5.765699999999999992e-02
8.320840000000000458e-01 -2.476400000000000129e-02
8.065639999999999477e-01 1.214500000000000024e-01
8.823309999999999764e-01 -5.276499999999999940e-02
6.334370000000000278e-01 -2.215100000000000055e-02
6.814299999999999802e-01 4.396699999999999914e-02
7.167109999999999870e-01 -6.517299999999999482e-02
5.514139999999999597e-01 1.624430000000000041e-01
6.982080000000000508e-01 2.295600000000000071e-02
6.975860000000000394e-01 1.370030000000000137e-01
7.000650000000000484e-01 -8.724899999999999323e-02
4.771659999999999791e-01 1.426219999999999988e-01
7.553760000000000474e-01 -1.831520000000000092e-01
5.793160000000000531e-01 6.862300000000000344e-02
6.383100000000000440e-01 2.293040000000000078e-01
5.475539999999999852e-01 2.133699999999999833e-02
5.843589999999999618e-01 -1.369120000000000059e-01
6.638709999999999889e-01 -1.022860000000000019e-01
5.430610000000000159e-01 -2.331580000000000041e-01
7.938269999999999493e-01 -1.129259999999999986e-01
6.277009999999999534e-01 1.598670000000000091e-01
5.641490000000000116e-01 7.775200000000000167e-02
6.806240000000000068e-01 1.961800000000000002e-02
6.786799999999999500e-01 -8.584600000000000564e-02
5.250829999999999664e-01 8.560900000000000454e-02
8.233749999999999680e-01 7.600200000000000011e-02
6.552710000000000479e-01 2.165610000000000035e-01
7.794740000000000002e-01 -3.005000000000000032e-02
6.807060000000000333e-01 3.984999999999999827e-03
6.967280000000000140e-01 8.658599999999999630e-02
6.243980000000000086e-01 1.222609999999999947e-01
7.327000000000000179e-01 6.988999999999999380e-02
7.019039999999999724e-01 1.689759999999999873e-01
6.264870000000000161e-01 -8.140400000000000413e-02
8.412370000000000125e-01 1.640500000000000014e-01
3.371759999999999757e-01 2.058039999999999869e-01
6.790279999999999649e-01 4.454199999999999826e-02
6.085899999999999643e-01 1.572550000000000059e-01
6.504180000000000517e-01 2.020909999999999929e-01
6.824090000000000433e-01 -2.549600000000000130e-02
4.680889999999999773e-01 3.046999999999999795e-03
5.445659999999999945e-01 4.496249999999999969e-01
7.918859999999999788e-01 1.466929999999999901e-01
7.081349999999999589e-01 -5.345300000000000051e-02
7.353399999999999936e-01 -1.215299999999999991e-01
7.536960000000000326e-01 9.007400000000000129e-02
6.116530000000000022e-01 2.540560000000000040e-01
8.417959999999999887e-01 9.167400000000000548e-02
5.495109999999999717e-01 9.209699999999999831e-02
-7.317179999999999795e-01 1.775600000000000095e-02
-5.975810000000000288e-01 2.030750000000000055e-01
7.836239999999999872e-01 1.565120000000000122e-01
8.007900000000000018e-01 -1.036320000000000019e-01
4.449509999999999854e-01 3.384090000000000154e-01
8.636310000000000375e-01 1.254500000000000060e-01
8.013789999999999525e-01 7.801900000000000501e-02
6.910220000000000251e-01 1.875549999999999995e-01
6.064129999999999798e-01 -3.608600000000000002e-02
3.604220000000000201e-01 5.788090000000000179e-01
5.999499999999999833e-01 2.208499999999999908e-01
-7.004230000000000178e-01 -3.670400000000000051e-02
-6.667729999999999491e-01 -2.611499999999999932e-02
-6.328540000000000276e-01 -2.794269999999999810e-01
-6.115040000000000475e-01 -1.311930000000000041e-01
-6.115629999999999677e-01 -2.236859999999999959e-01
5.788739999999999997e-01 2.199089999999999934e-01
6.878680000000000350e-01 -1.187799999999999967e-02
6.250440000000000440e-01 -4.521599999999999925e-02
6.455389999999999739e-01 2.508509999999999907e-01
6.672670000000000545e-01 -8.567900000000000515e-02
6.944390000000000285e-01 1.871799999999999853e-02
7.540919999999999845e-01 1.588029999999999997e-01
4.247179999999999844e-01 3.926939999999999875e-01
6.838880000000000514e-01 -3.036200000000000010e-02
6.929480000000000084e-01 1.885799999999999976e-01
6.845320000000000293e-01 9.943699999999999761e-02
7.095089999999999453e-01 -2.384969999999999868e-01
6.347239999999999549e-01 5.007799999999999752e-02
4.767140000000000266e-01 3.262300000000000200e-01
7.370940000000000270e-01 -1.100629999999999942e-01
8.688789999999999569e-01 -1.288489999999999913e-01
6.376540000000000541e-01 1.048010000000000053e-01
7.345369999999999955e-01 -6.080599999999999894e-02
7.509069999999999911e-01 -9.469999999999999252e-03
6.472849999999999993e-01 6.142100000000000337e-02
6.659119999999999484e-01 1.208869999999999945e-01
7.410889999999999977e-01 1.433349999999999902e-01
6.461660000000000181e-01 1.732309999999999961e-01
6.052210000000000090e-01 2.494840000000000113e-01
6.040330000000000421e-01 1.187919999999999948e-01
5.646569999999999645e-01 7.337899999999999978e-02
6.701650000000000107e-01 6.381000000000000560e-02
6.969739999999999824e-01 6.442799999999999916e-02
6.227489999999999970e-01 -1.820999999999999919e-03
7.639200000000000434e-01 -1.437000000000000083e-02
6.733419999999999961e-01 8.121000000000000441e-02
7.524880000000000457e-01 -3.901799999999999713e-02
6.914000000000000146e-01 1.892939999999999900e-01
6.879509999999999792e-01 1.972190000000000054e-01
6.319010000000000460e-01 5.435999999999999860e-03
4.826239999999999974e-01 4.392599999999999838e-01
6.880330000000000057e-01 1.504689999999999916e-01
7.087139999999999551e-01 5.535700000000000343e-02
5.323219999999999619e-01 7.219799999999999829e-02
5.939799999999999525e-01 2.895369999999999888e-01
6.139210000000000500e-01 3.287769999999999859e-01
6.899039999999999617e-01 2.102710000000000135e-01
4.933750000000000080e-01 2.124080000000000135e-01
5.970760000000000511e-01 1.127500000000000030e-01
7.053739999999999455e-01 3.126220000000000110e-01
8.077320000000000055e-01 1.010630000000000001e-01
5.848250000000000393e-01 2.960590000000000166e-01
7.038259999999999517e-01 1.076740000000000058e-01
7.700380000000000003e-01 1.758139999999999981e-01
7.083779999999999522e-01 5.150500000000000217e-02
6.585940000000000127e-01 4.753180000000000183e-01
6.045570000000000110e-01 7.804600000000000426e-02
6.113870000000000138e-01 8.991699999999999693e-02
8.308710000000000262e-01 1.803319999999999923e-01
7.498909999999999743e-01 9.504999999999999560e-02
7.254920000000000258e-01 2.197620000000000129e-01
7.039130000000000109e-01 1.660169999999999979e-01
6.547650000000000414e-01 1.846339999999999926e-01
8.250579999999999581e-01 7.096299999999999830e-02
5.973680000000000101e-01 6.959400000000000308e-02
5.689330000000000220e-01 2.884269999999999889e-01
8.039009999999999767e-01 1.919999999999999832e-02
7.813350000000000017e-01 1.049849999999999950e-01
7.432159999999999878e-01 1.718149999999999955e-01
7.113009999999999611e-01 1.412660000000000027e-01
7.438620000000000232e-01 -1.638300000000000173e-02
4.737480000000000024e-01 3.077299999999999827e-02
5.845660000000000300e-01 -1.624980000000000036e-01
6.436389999999999612e-01 2.192900000000000127e-01
7.683950000000000502e-01 2.155680000000000096e-01
7.104939999999999589e-01 1.512840000000000018e-01
7.868509999999999671e-01 2.484030000000000127e-01
7.925870000000000415e-01 2.404709999999999903e-01
6.890950000000000131e-01 1.509570000000000078e-01
6.533940000000000303e-01 8.082000000000000642e-03
6.936170000000000391e-01 -9.834999999999999992e-03
7.800690000000000124e-01 1.655409999999999937e-01
5.601270000000000415e-01 3.638560000000000128e-01
7.063660000000000494e-01 1.917659999999999920e-01
7.666969999999999619e-01 1.907709999999999961e-01
7.702569999999999695e-01 -7.379000000000000142e-03
6.659260000000000179e-01 2.744500000000000065e-02
7.297879999999999923e-01 1.363280000000000047e-01
7.855659999999999865e-01 3.245000000000000055e-03
8.304740000000000455e-01 -8.841200000000000447e-02
7.422180000000000444e-01 7.668000000000000337e-03
6.127559999999999674e-01 1.927059999999999884e-01
6.361740000000000173e-01 1.641759999999999886e-01
6.876830000000000442e-01 -1.134499999999999918e-02
4.482869999999999910e-01 2.840619999999999812e-01
7.328759999999999719e-01 2.392579999999999985e-01
7.352049999999999974e-01 5.781900000000000234e-02
7.770850000000000257e-01 -9.521499999999999408e-02
7.296019999999999728e-01 7.923499999999999988e-02
5.815519999999999579e-01 1.103149999999999964e-01
7.568420000000000147e-01 -4.490600000000000147e-02
7.426420000000000243e-01 1.723830000000000084e-01
6.171969999999999956e-01 1.516969999999999985e-01
6.368690000000000184e-01 1.664539999999999909e-01
7.072720000000000118e-01 1.085999999999999986e-02
6.522419999999999884e-01 -4.761999999999999740e-03
8.470969999999999889e-01 1.357790000000000108e-01
4.988960000000000061e-01 1.153249999999999970e-01
6.533290000000000486e-01 -1.001940000000000053e-01
5.924669999999999659e-01 2.426679999999999948e-01
7.496589999999999643e-01 1.948700000000000085e-02
7.964980000000000393e-01 2.527899999999999939e-02
7.179309999999999858e-01 1.795599999999999974e-02
9.222449999999999815e-01 2.005240000000000078e-01
7.497059999999999835e-01 1.146230000000000027e-01
7.257989999999999720e-01 -1.591300000000000006e-02
8.614370000000000083e-01 8.656600000000000406e-02
8.032960000000000100e-01 4.122399999999999676e-02
7.615279999999999827e-01 -2.702900000000000094e-02
7.522450000000000525e-01 1.933219999999999938e-01
4.615960000000000063e-01 1.152050000000000018e-01
7.992209999999999592e-01 -2.433400000000000146e-02
5.152900000000000258e-01 8.130900000000000627e-02
6.318160000000000442e-01 1.114529999999999965e-01
6.928389999999999826e-01 3.695699999999999680e-02
6.985949999999999660e-01 -3.379299999999999665e-02
5.974850000000000438e-01 -8.018100000000000227e-02
4.979640000000000177e-01 2.183910000000000018e-01
5.575139999999999540e-01 -3.104900000000000021e-02
5.048359999999999514e-01 -1.370399999999999917e-02
7.194960000000000244e-01 3.900499999999999801e-02
7.118259999999999588e-01 -1.858980000000000077e-01
5.139190000000000147e-01 1.834040000000000115e-01
7.747119999999999562e-01 1.724549999999999972e-01
6.684360000000000301e-01 -1.158700000000000008e-02
7.211239999999999872e-01 2.697950000000000070e-01
7.505540000000000544e-01 1.487970000000000126e-01
7.874269999999999881e-01 1.086469999999999936e-01
8.511379999999999502e-01 9.624299999999999522e-02
7.183329999999999993e-01 -9.695499999999999952e-02
6.357359999999999678e-01 1.081980000000000025e-01
8.318459999999999743e-01 4.851199999999999957e-02
6.331980000000000386e-01 -5.153499999999999748e-02
5.447840000000000460e-01 1.077820000000000028e-01
7.815520000000000245e-01 8.600800000000000112e-02
8.255430000000000268e-01 1.101239999999999997e-01
5.684310000000000196e-01 2.760429999999999828e-01
8.310969999999999747e-01 1.323650000000000104e-01
7.238480000000000469e-01 2.246099999999999833e-02
8.788829999999999698e-01 8.559400000000000341e-02
7.837520000000000042e-01 1.476939999999999920e-01
8.115940000000000376e-01 -1.144099999999999978e-02
7.846750000000000114e-01 1.629410000000000025e-01
7.721749999999999448e-01 1.573259999999999936e-01
6.736210000000000253e-01 2.517400000000000193e-01
8.161709999999999798e-01 -1.458500000000000074e-01
7.831989999999999785e-01 2.909729999999999817e-01
6.637070000000000469e-01 2.932969999999999744e-01
8.331849999999999534e-01 2.530080000000000107e-01
6.323309999999999764e-01 1.502249999999999974e-01
6.453689999999999705e-01 3.175310000000000077e-01
6.413539999999999797e-01 1.721129999999999882e-01
7.290680000000000494e-01 2.521470000000000100e-01
5.945230000000000237e-01 1.028300000000000047e-01
7.899019999999999930e-01 6.914499999999999813e-02
7.061359999999999859e-01 1.580779999999999963e-01
6.653660000000000130e-01 1.241040000000000060e-01
7.486019999999999897e-01 2.478970000000000062e-01
7.860310000000000352e-01 -1.235900000000000019e-02
6.199879999999999836e-01 2.718920000000000226e-01
5.690220000000000278e-01 7.143000000000000044e-03
8.073320000000000496e-01 -6.144000000000000156e-03
6.987039999999999917e-01 -5.529699999999999893e-02
5.848849999999999882e-01 2.409540000000000015e-01
7.321419999999999595e-01 3.585749999999999771e-01
6.747520000000000184e-01 -1.144000000000000052e-02
6.134030000000000316e-01 1.119850000000000012e-01
7.259999999999999787e-01 5.263500000000000123e-02
6.456030000000000380e-01 1.648209999999999953e-01
8.834539999999999615e-01 -3.775300000000000183e-02
6.726539999999999742e-01 -1.462500000000000085e-02
7.606690000000000396e-01 -2.082380000000000064e-01
8.448890000000000011e-01 1.575000000000000011e-01
7.940970000000000528e-01 7.960999999999999327e-03
7.093909999999999938e-01 1.250500000000000049e-02
7.721000000000000085e-01 -4.045499999999999791e-02
8.689729999999999954e-01 -5.820199999999999679e-02
8.295029999999999903e-01 1.947570000000000134e-01
8.781160000000000077e-01 7.884800000000000142e-02
6.942300000000000137e-01 2.826599999999999946e-02
7.325270000000000392e-01 1.312770000000000048e-01
7.951589999999999492e-01 3.957700000000000107e-02
7.622520000000000406e-01 1.131540000000000046e-01
8.411980000000000013e-01 2.340170000000000028e-01
6.772540000000000227e-01 1.788210000000000077e-01
6.726980000000000182e-01 2.343639999999999890e-01
7.884759999999999547e-01 1.385440000000000005e-01
6.128130000000000521e-01 7.861999999999999197e-03
8.014470000000000205e-01 1.244220000000000048e-01
8.134299999999999864e-01 1.198639999999999983e-01
8.369259999999999478e-01 -1.075599999999999994e-02
9.187119999999999731e-01 1.842630000000000101e-01
8.336989999999999679e-01 3.004419999999999868e-01
7.298630000000000395e-01 1.258299999999999974e-01
6.654280000000000195e-01 2.588670000000000138e-01
8.257280000000000175e-01 2.898350000000000093e-01
7.733339999999999659e-01 -2.016300000000000037e-02
7.776440000000000019e-01 1.936489999999999878e-01
7.238759999999999639e-01 2.115609999999999991e-01
5.694139999999999757e-01 2.158150000000000068e-01
8.099420000000000508e-01 1.681499999999999939e-01
8.084740000000000260e-01 2.355869999999999909e-01
6.322839999999999572e-01 5.913199999999999706e-02
8.880130000000000523e-01 1.113429999999999975e-01
8.173559999999999715e-01 1.315310000000000090e-01
7.429299999999999793e-01 -1.311440000000000106e-01
8.006499999999999728e-01 1.751250000000000029e-01
7.061300000000000354e-01 1.305379999999999874e-01
8.090720000000000134e-01 1.088849999999999957e-01
7.439320000000000377e-01 2.253189999999999915e-01
8.456759999999999833e-01 1.168949999999999989e-01
8.515350000000000419e-01 1.404839999999999978e-01
6.837990000000000457e-01 6.101299999999999779e-02
6.442290000000000516e-01 3.658499999999999946e-02
6.946989999999999554e-01 4.067999999999999568e-03
6.601230000000000153e-01 1.978560000000000041e-01
7.086689999999999934e-01 -5.225400000000000184e-02
6.887950000000000461e-01 1.622540000000000093e-01
7.719230000000000258e-01 6.797699999999999576e-02
7.806939999999999991e-01 5.079100000000000281e-02
9.383110000000000062e-01 9.144800000000000151e-02
6.255779999999999674e-01 5.512700000000000239e-02
8.999249999999999750e-01 1.019469999999999960e-01
7.135519999999999641e-01 2.722069999999999768e-01
5.442799999999999860e-01 1.420200000000000073e-01
7.443589999999999929e-01 2.520700000000000024e-02
7.813139999999999530e-01 1.859020000000000117e-01
7.302830000000000155e-01 7.630900000000000183e-02
7.972439999999999527e-01 8.526100000000000345e-02
8.378120000000000012e-01 -3.145599999999999785e-02
7.456129999999999702e-01 7.475099999999999800e-02
6.667199999999999793e-01 7.867100000000000481e-02
7.616870000000000029e-01 8.945000000000000173e-02
6.822209999999999663e-01 1.448109999999999953e-01
8.556780000000000497e-01 1.605989999999999918e-01
6.064859999999999696e-01 -2.767100000000000115e-02
7.429200000000000248e-01 2.613170000000000215e-01
7.602409999999999446e-01 -1.868300000000000169e-02
5.090310000000000112e-01 1.434630000000000072e-01
5.442620000000000235e-01 1.066560000000000008e-01
7.362790000000000168e-01 2.116800000000000070e-01
7.241400000000000059e-01 2.007780000000000120e-01
6.304969999999999741e-01 2.646060000000000079e-01
7.807549999999999768e-01 -8.392399999999999860e-02
7.112270000000000536e-01 1.079890000000000017e-01
7.627939999999999721e-01 -9.753000000000000558e-02
7.897980000000000000e-01 1.254899999999999904e-01
7.878910000000000080e-01 2.232599999999999862e-02
7.635629999999999917e-01 1.210579999999999989e-01
8.131019999999999914e-01 -3.397300000000000320e-02
6.785949999999999482e-01 1.714710000000000123e-01
6.212010000000000032e-01 2.414779999999999982e-01
6.859129999999999949e-01 2.333389999999999909e-01
6.550979999999999581e-01 -2.405000000000000020e-03
6.605339999999999545e-01 1.197109999999999980e-01
-7.172739999999999672e-01 -2.703740000000000032e-01
-6.876489999999999547e-01 2.026700000000000029e-02
6.528289999999999926e-01 3.284999999999999726e-02
4.385000000000000009e-01 6.045019999999999838e-01
7.101589999999999847e-01 1.198509999999999992e-01
4.571029999999999816e-01 1.209670000000000051e-01
7.899129999999999763e-01 1.041669999999999957e-01
7.101239999999999775e-01 2.379600000000000048e-01
4.907839999999999980e-01 5.264499999999999735e-02
5.944669999999999677e-01 1.201450000000000018e-01
7.519360000000000488e-01 1.752289999999999959e-01
6.125800000000000134e-01 3.476699999999999791e-01
7.283129999999999882e-01 -1.702210000000000112e-01
8.704479999999999995e-01 1.553609999999999991e-01
7.197599999999999554e-01 8.722799999999999998e-02
7.423889999999999656e-01 1.576089999999999991e-01
6.991549999999999709e-01 2.850420000000000176e-01
7.884940000000000282e-01 7.531100000000000294e-02
6.023410000000000153e-01 2.144739999999999980e-01
7.633809999999999762e-01 7.249800000000000688e-02
7.062009999999999676e-01 1.185029999999999972e-01
6.314440000000000053e-01 4.426039999999999974e-01
4.930919999999999748e-01 -2.187999999999999945e-01
7.464640000000000164e-01 -3.722799999999999720e-02
6.710629999999999651e-01 1.384239999999999915e-01
8.014759999999999662e-01 3.628900000000000181e-02
4.986789999999999834e-01 -4.682000000000000398e-03
7.159180000000000543e-01 2.466520000000000101e-01
6.603170000000000428e-01 6.009599999999999664e-02
4.101290000000000213e-01 -9.574100000000000665e-02
7.808329999999999993e-01 1.190149999999999958e-01
8.848190000000000222e-01 4.966899999999999787e-02
7.141910000000000203e-01 2.426949999999999941e-01
7.796769999999999534e-01 7.701399999999999912e-02
8.196170000000000400e-01 6.464399999999999313e-02
7.275439999999999685e-01 1.464670000000000138e-01
6.461810000000000054e-01 1.295310000000000072e-01
7.092450000000000143e-01 1.727019999999999944e-01
6.896879999999999677e-01 1.864530000000000076e-01
6.658950000000000147e-01 -7.690999999999999920e-03
4.532909999999999995e-01 5.556200000000000028e-02
8.304570000000000007e-01 1.327800000000000091e-01
7.157139999999999613e-01 1.359509999999999885e-01
7.539329999999999643e-01 7.299400000000000333e-02
8.377310000000000034e-01 6.782799999999999940e-02
5.844989999999999908e-01 3.517599999999999894e-02
7.979960000000000386e-01 1.369470000000000132e-01
7.671780000000000266e-01 5.529499999999999693e-02
6.725200000000000067e-01 5.912400000000000294e-02
6.047400000000000553e-01 1.381739999999999913e-01
4.431390000000000051e-01 3.016820000000000057e-01
6.742810000000000192e-01 1.550439999999999874e-01
5.614209999999999479e-01 4.179410000000000069e-01
4.217099999999999738e-01 2.980590000000000184e-01
7.386369999999999880e-01 1.365290000000000115e-01
7.767359999999999820e-01 8.032999999999999863e-02
7.664800000000000502e-01 2.520540000000000003e-01
5.948440000000000394e-01 3.199629999999999974e-01
7.466120000000000534e-01 2.073049999999999893e-01
6.989450000000000385e-01 1.666860000000000008e-01
6.021069999999999478e-01 4.437399999999999678e-02
6.058059999999999556e-01 8.911800000000000277e-02
6.358070000000000110e-01 9.852900000000000547e-02
8.240840000000000387e-01 3.573400000000000187e-02
7.957030000000000491e-01 1.731900000000000106e-02
7.616380000000000372e-01 5.985399999999999748e-02
6.909149999999999459e-01 2.503879999999999995e-01
5.946780000000000399e-01 8.200399999999999356e-02
6.768290000000000139e-01 2.144830000000000070e-01
6.044519999999999893e-01 -1.171989999999999976e-01
7.452299999999999480e-01 7.660899999999999654e-02
7.811630000000000518e-01 2.058349999999999902e-01
6.281780000000000141e-01 -7.463200000000000389e-02
6.900060000000000082e-01 3.628669999999999951e-01
6.880089999999999817e-01 3.384079999999999866e-01
8.119239999999999791e-01 -1.155780000000000002e-01
7.303370000000000140e-01 1.649090000000000000e-01
8.069530000000000314e-01 -4.696999999999999786e-02
7.105890000000000262e-01 8.892600000000000504e-02
6.345340000000000424e-01 2.219069999999999931e-01
7.716150000000000508e-01 2.395639999999999992e-01
7.405960000000000321e-01 -5.601099999999999829e-02
7.218590000000000284e-01 1.566049999999999942e-01
6.600829999999999753e-01 1.706090000000000106e-01
6.870039999999999480e-01 1.796240000000000059e-01
7.954130000000000367e-01 1.351330000000000031e-01
6.203739999999999810e-01 2.541809999999999903e-01
6.730260000000000131e-01 7.064199999999999646e-02
5.672490000000000032e-01 8.999899999999999567e-02
7.002570000000000183e-01 1.295779999999999987e-01
5.830999999999999517e-01 2.595799999999999844e-02
5.342120000000000202e-01 1.777700000000000113e-01
5.810899999999999954e-01 -4.340100000000000208e-02
6.742879999999999985e-01 9.015000000000000444e-03
8.131089999999999707e-01 -1.949700000000000044e-02
7.361069999999999558e-01 2.233749999999999902e-01
7.252429999999999710e-01 1.696040000000000048e-01
2.917640000000000233e-01 4.744280000000000164e-01
7.884609999999999674e-01 2.208779999999999910e-01
7.211300000000000487e-01 1.548660000000000037e-01
5.484860000000000291e-01 -1.833999999999999866e-02
6.362670000000000270e-01 -7.173599999999999421e-02
6.318270000000000275e-01 1.370089999999999919e-01
6.031459999999999599e-01 5.211199999999999860e-02
6.053049999999999820e-01 4.132069999999999910e-01
7.433330000000000215e-01 2.686259999999999759e-01
7.354659999999999531e-01 2.019100000000000061e-01
7.423739999999999783e-01 1.451429999999999942e-01
8.068100000000000271e-01 9.781900000000000317e-02
7.205559999999999743e-01 1.155150000000000066e-01
5.675869999999999527e-01 3.069100000000000161e-01
6.971340000000000314e-01 1.312599999999999878e-01
7.107280000000000264e-01 -1.057550000000000018e-01
4.704539999999999833e-01 2.920099999999999918e-01
8.007229999999999626e-01 2.314749999999999863e-01
7.551769999999999872e-01 -7.352499999999999314e-02
7.521029999999999660e-01 2.902770000000000072e-01
7.808739999999999570e-01 8.920500000000000651e-02
-7.515209999999999946e-01 -4.795200000000000157e-02
-7.314530000000000198e-01 1.181800000000000038e-02
7.796140000000000292e-01 3.467419999999999947e-01
4.316090000000000204e-01 5.861699999999999688e-01
6.742129999999999512e-01 1.704549999999999954e-01
6.128649999999999931e-01 1.413739999999999997e-01
8.293650000000000189e-01 3.300999999999999768e-02
7.108910000000000506e-01 6.650599999999999568e-02
5.570089999999999764e-01 1.323890000000000067e-01
5.960530000000000550e-01 1.033130000000000021e-01
7.265920000000000156e-01 -1.719000000000000042e-03
7.686450000000000227e-01 2.564949999999999730e-01
6.261539999999999884e-01 -1.985190000000000010e-01
5.372909999999999631e-01 2.227570000000000106e-01
7.181720000000000326e-01 2.820299999999999890e-02
7.923379999999999868e-01 1.355240000000000056e-01
6.224480000000000013e-01 1.132760000000000017e-01
6.729800000000000226e-01 1.543059999999999987e-01
8.009830000000000005e-01 1.747160000000000102e-01
6.156620000000000426e-01 1.498099999999999987e-01
6.800009999999999666e-01 1.678399999999999892e-01
8.066349999999999909e-01 3.223719999999999919e-01
5.133990000000000498e-01 4.673629999999999729e-01
5.949959999999999694e-01 1.499679999999999902e-01
4.470430000000000237e-01 3.520710000000000228e-01
7.049410000000000398e-01 4.727200000000000152e-02
8.197809999999999819e-01 3.601300000000000334e-02
5.776529999999999720e-01 3.877570000000000183e-01
8.382490000000000219e-01 9.754799999999999582e-02
6.247089999999999588e-01 5.232599999999999751e-02
7.664649999999999519e-01 1.428310000000000135e-01
7.390729999999999800e-01 9.986799999999999844e-02
7.740219999999999878e-01 -6.376999999999999336e-02
6.603440000000000420e-01 2.825099999999999834e-02
8.223479999999999679e-01 7.794500000000000040e-02
7.700569999999999915e-01 2.855630000000000113e-01
8.233470000000000510e-01 -2.026499999999999829e-02
4.264850000000000030e-01 6.583899999999999475e-02
6.392010000000000192e-01 -2.191999999999999851e-02
6.622190000000000021e-01 2.949629999999999752e-01
6.807969999999999855e-01 4.922699999999999992e-02
6.493740000000000068e-01 -6.093200000000000005e-02
6.410000000000000142e-01 8.709200000000000275e-02
7.539820000000000411e-01 3.306499999999999717e-02
7.225970000000000448e-01 1.017279999999999990e-01
8.510929999999999884e-01 8.997700000000000142e-02
5.924199999999999466e-01 2.511299999999999991e-02
6.985719999999999708e-01 -1.991599999999999968e-02
7.289999999999999813e-01 5.286300000000000027e-02
7.716220000000000301e-01 2.139810000000000045e-01
7.862660000000000204e-01 -1.775300000000000142e-02
6.163530000000000397e-01 2.304029999999999967e-01
6.601730000000000098e-01 2.443849999999999911e-01
6.617049999999999876e-01 9.010400000000000353e-02
7.647709999999999786e-01 1.163890000000000063e-01
7.146200000000000330e-01 2.103569999999999884e-01
7.615640000000000187e-01 -2.343800000000000050e-02
6.834500000000000020e-01 1.337029999999999885e-01
7.813149999999999817e-01 2.570049999999999835e-01
7.762459999999999916e-01 1.826969999999999983e-01
7.040640000000000231e-01 2.349680000000000102e-01
6.462259999999999671e-01 2.293749999999999956e-01
7.104000000000000314e-01 1.333299999999999937e-02
6.171320000000000139e-01 1.243130000000000068e-01
5.610420000000000407e-01 1.198960000000000026e-01
7.020859999999999879e-01 3.398600000000000232e-02
-6.885050000000000336e-01 -1.529850000000000099e-01
-8.346270000000000078e-01 -7.187000000000000333e-02
-6.091280000000000028e-01 3.028379999999999961e-01
-6.542149999999999910e-01 -8.743700000000000083e-02
-6.438209999999999766e-01 -3.327430000000000110e-01
-6.135469999999999535e-01 -1.485259999999999914e-01
-6.578850000000000531e-01 3.973999999999999755e-02
-6.956269999999999953e-01 5.827600000000000141e-02
-6.331430000000000113e-01 4.790400000000000214e-02
-7.216510000000000424e-01 -1.189039999999999958e-01
-5.726879999999999749e-01 6.758599999999999330e-02
-6.366819999999999702e-01 6.467100000000000626e-02
-6.328869999999999774e-01 -1.460889999999999966e-01
-5.130219999999999780e-01 -1.507350000000000079e-01
-6.801810000000000356e-01 -1.118370000000000059e-01
-6.645990000000000508e-01 1.424209999999999920e-01
-5.675229999999999997e-01 -2.194379999999999942e-01
-7.036419999999999897e-01 1.700659999999999950e-01
-5.748769999999999714e-01 -1.484599999999999982e-02
-6.375979999999999981e-01 5.090299999999999686e-02
-7.304570000000000229e-01 1.827950000000000130e-01
-8.019579999999999487e-01 4.469800000000000162e-02
-6.080309999999999881e-01 -1.548869999999999969e-01
-6.115260000000000140e-01 -2.303830000000000044e-01
-7.707810000000000494e-01 1.509939999999999893e-01
-5.425670000000000215e-01 -1.850849999999999995e-01
-7.292939999999999978e-01 -1.132299999999999973e-02
-6.805909999999999460e-01 -1.702420000000000044e-01
-6.113070000000000448e-01 -2.229099999999999970e-01
-5.446379999999999555e-01 -6.453000000000000402e-02
-8.039539999999999464e-01 7.062999999999999834e-03
-5.387640000000000207e-01 -2.442000000000000073e-02
-6.126120000000000454e-01 -1.966539999999999955e-01
-6.024840000000000195e-01 9.505199999999999760e-02
-5.479389999999999539e-01 -1.954919999999999991e-01
-5.566039999999999877e-01 -2.283999999999999919e-02
-7.505349999999999522e-01 -1.808309999999999917e-01
-6.685600000000000431e-01 1.506589999999999874e-01
-5.818429999999999991e-01 -3.724330000000000140e-01
-7.036689999999999889e-01 -2.413099999999999967e-02
-6.508089999999999709e-01 1.686999999999999915e-03
-5.035279999999999756e-01 -9.410799999999999721e-02
-5.874669999999999614e-01 -1.808670000000000000e-01
-6.528239999999999599e-01 1.974279999999999924e-01
-6.753879999999999884e-01 2.156839999999999868e-01
-7.804210000000000313e-01 -1.173059999999999936e-01
-7.670019999999999616e-01 -8.063000000000000722e-03
-6.604480000000000350e-01 2.146959999999999980e-01
-5.394250000000000433e-01 -1.129050000000000054e-01
-7.296030000000000015e-01 8.627500000000000446e-02
-5.669729999999999492e-01 -2.380750000000000088e-01
-6.296009999999999662e-01 -2.311269999999999991e-01
-6.963150000000000173e-01 -1.447549999999999948e-01
-6.357099999999999973e-01 -1.553299999999999959e-01
-7.527380000000000182e-01 -2.294630000000000003e-01
-7.468150000000000066e-01 2.986249999999999738e-01
-7.679399999999999560e-01 -1.257250000000000034e-01
-7.221670000000000034e-01 -9.790999999999999703e-02
-6.774040000000000061e-01 -2.345440000000000025e-01
-6.015829999999999789e-01 -7.004299999999999415e-02
-6.310989999999999656e-01 2.145410000000000095e-01
-6.074389999999999512e-01 9.147500000000000075e-02
-7.147409999999999597e-01 -2.251249999999999918e-01
-7.185580000000000300e-01 8.687100000000000377e-02
-5.853080000000000505e-01 1.559999999999999928e-02
-6.954390000000000294e-01 -4.736300000000000232e-02
-6.800049999999999706e-01 1.339339999999999975e-01
-6.157820000000000515e-01 -2.274130000000000040e-01
-4.958000000000000185e-01 -2.013610000000000122e-01
-7.686610000000000387e-01 -7.893899999999999528e-02
-5.642070000000000141e-01 -4.554500000000000215e-02
-7.389029999999999765e-01 -2.344299999999999856e-02
-6.620639999999999858e-01 -1.529639999999999889e-01
-6.180889999999999995e-01 1.237000000000000079e-02
-7.161490000000000355e-01 -8.518699999999999883e-02
-7.210689999999999600e-01 -7.562499999999999778e-02
-7.591090000000000337e-01 -6.076700000000000157e-02
-5.463639999999999608e-01 3.603300000000000253e-02
-5.076009999999999689e-01 -5.335100000000000259e-02
-5.954749999999999766e-01 6.016599999999999726e-02
-6.207059999999999800e-01 -7.982999999999999818e-02
-7.545720000000000205e-01 4.940599999999999853e-02
-6.557290000000000063e-01 1.403800000000000048e-01
-6.275150000000000450e-01 1.899760000000000060e-01
-7.441339999999999621e-01 3.143399999999999667e-02
-5.591329999999999911e-01 -4.485370000000000190e-01
-5.488840000000000385e-01 1.659970000000000057e-01
-7.580299999999999816e-01 -1.152149999999999980e-01
-8.776540000000000452e-01 3.204599999999999810e-02
-5.859389999999999876e-01 1.943200000000000136e-02
-5.574000000000000066e-01 -1.357230000000000103e-01
-6.021900000000000031e-01 -3.486199999999999716e-02
-7.035709999999999464e-01 -1.923150000000000137e-01
-6.357789999999999830e-01 -2.144330000000000125e-01
-6.384769999999999612e-01 -2.508099999999999774e-01
-7.178970000000000073e-01 2.371499999999999997e-02
-7.270400000000000196e-01 -1.905820000000000014e-01
-6.451740000000000252e-01 -6.239600000000000007e-02
-6.617530000000000356e-01 -1.026299999999999990e-01
-6.840039999999999454e-01 -1.475819999999999910e-01
-6.992140000000000022e-01 6.414699999999999569e-02
-6.824050000000000393e-01 -3.226600000000000301e-02
-5.144589999999999996e-01 1.130850000000000050e-01
-7.171229999999999549e-01 2.301779999999999937e-01
-4.949990000000000223e-01 7.151299999999999324e-02
-4.645900000000000030e-01 -1.539580000000000115e-01
-4.733950000000000102e-01 -1.949009999999999909e-01
-6.172800000000000509e-01 6.899999999999999667e-04
-6.575490000000000501e-01 -1.984690000000000065e-01
-8.435650000000000093e-01 -2.580500000000000155e-02
-6.764339999999999797e-01 3.108719999999999817e-01
-5.644369999999999665e-01 -4.840000000000000010e-04
-6.447399999999999798e-01 -1.346690000000000109e-01
-7.009279999999999955e-01 3.288090000000000179e-01
-7.798650000000000304e-01 1.670689999999999953e-01
-8.039739999999999664e-01 -1.293590000000000018e-01
-7.386800000000000033e-01 1.046949999999999964e-01
-7.832230000000000025e-01 1.908849999999999991e-01
-7.898950000000000138e-01 2.701799999999999757e-01
-8.001540000000000319e-01 2.368039999999999867e-01
-8.041800000000000059e-01 -5.243500000000000244e-02
-6.643120000000000136e-01 -5.554900000000000115e-02
-7.362819999999999920e-01 1.792199999999999904e-01
-6.050670000000000215e-01 -7.298000000000000320e-02
-7.980089999999999684e-01 1.582000000000000073e-03
-4.680590000000000028e-01 -3.077989999999999893e-01
-5.618739999999999846e-01 -1.339559999999999917e-01
-7.260999999999999677e-01 -4.377999999999999947e-03
-6.385300000000000420e-01 1.271829999999999905e-01
-5.964540000000000397e-01 -1.967550000000000132e-01
-7.779760000000000009e-01 1.344399999999999935e-02
-7.455049999999999732e-01 2.751730000000000009e-01
-6.066859999999999475e-01 -3.245879999999999876e-01
-6.727659999999999751e-01 3.026099999999999901e-01
-7.809730000000000283e-01 1.940719999999999945e-01
-6.659620000000000539e-01 1.272689999999999932e-01
-7.283830000000000027e-01 -4.037400000000000017e-02
-6.617250000000000076e-01 5.976299999999999668e-02
-6.386530000000000262e-01 -1.543480000000000130e-01
-5.713120000000000420e-01 -1.096899999999999958e-02
-5.930530000000000523e-01 -2.943459999999999965e-01
-5.526640000000000441e-01 1.244590000000000002e-01
-6.836699999999999999e-01 -1.931249999999999911e-01
-6.481869999999999576e-01 -1.514290000000000080e-01
-5.950020000000000309e-01 -2.048449999999999993e-01
-4.415549999999999753e-01 -1.803349999999999953e-01
-6.455600000000000227e-01 -3.422410000000000174e-01
-7.507629999999999582e-01 -4.554799999999999821e-02
-7.759840000000000071e-01 -1.215989999999999988e-01
-5.390500000000000291e-01 -2.916799999999999948e-02
-6.857269999999999754e-01 -9.370000000000000551e-02
-7.960559999999999858e-01 -7.309200000000000419e-02
-5.421070000000000055e-01 -1.872040000000000093e-01
-4.745300000000000074e-01 -1.491740000000000010e-01
-6.245709999999999873e-01 -8.803400000000000114e-02
-6.915580000000000060e-01 -6.940300000000000635e-02
-5.262350000000000083e-01 -1.343169999999999920e-01
-5.581739999999999480e-01 -2.045210000000000083e-01
-7.391360000000000152e-01 3.271390000000000131e-01
-6.050060000000000437e-01 3.030579999999999941e-01
-5.872549999999999715e-01 1.019059999999999966e-01
-5.836160000000000236e-01 7.046600000000000086e-02
-7.542940000000000200e-01 -1.357889999999999930e-01
-5.624230000000000063e-01 -7.599000000000000199e-02
-7.775710000000000122e-01 -2.494099999999999928e-01
-7.030370000000000230e-01 1.477860000000000007e-01
-6.649469999999999548e-01 2.852830000000000088e-01
-7.917269999999999586e-01 -3.090299999999999991e-02
-5.505029999999999646e-01 -8.707399999999999862e-02
-6.719870000000000010e-01 1.436080000000000134e-01
-7.016769999999999952e-01 -3.457029999999999825e-01
-6.165429999999999522e-01 9.447700000000000542e-02
-6.240620000000000056e-01 -1.829399999999999915e-01
-5.510319999999999663e-01 5.660899999999999960e-02
-6.182819999999999983e-01 6.320099999999999330e-02
-6.183699999999999752e-01 -1.511309999999999876e-01
-6.423630000000000173e-01 -3.690100000000000324e-02
-6.135150000000000325e-01 -1.021419999999999967e-01
-7.110370000000000301e-01 -1.975030000000000119e-01
-6.194359999999999866e-01 -2.513360000000000039e-01
-6.445929999999999715e-01 -1.339249999999999885e-01
-5.559680000000000177e-01 -2.503710000000000102e-01
-7.252729999999999455e-01 -1.006920000000000037e-01
-7.496410000000000018e-01 -1.165250000000000036e-01
-7.034759999999999902e-01 -1.123000000000000040e-02
-6.867609999999999548e-01 -2.098389999999999977e-01
-7.087499999999999911e-01 -2.321550000000000002e-01
-6.778119999999999701e-01 -8.660600000000000243e-02
-6.105070000000000219e-01 1.302010000000000112e-01
-8.206280000000000241e-01 -1.556790000000000118e-01
-6.171280000000000099e-01 2.919100000000000167e-02
-6.535220000000000473e-01 -7.543000000000000226e-03
-5.182740000000000125e-01 -1.671050000000000035e-01
-6.721120000000000427e-01 -3.499110000000000276e-01
-7.268799999999999706e-01 8.409899999999999320e-02
-6.625780000000000003e-01 -3.906999999999999883e-03
-6.055350000000000454e-01 -4.545600000000000335e-02
-8.217430000000000012e-01 -9.486300000000000288e-02
-6.678319999999999812e-01 -2.301559999999999995e-01
-6.070200000000000040e-01 -1.187840000000000007e-01
-7.264979999999999771e-01 -4.917599999999999749e-02
-7.485829999999999984e-01 -1.368369999999999864e-01
-6.555379999999999541e-01 -3.819499999999999978e-02
-7.550940000000000429e-01 -1.217929999999999985e-01
-6.643299999999999761e-01 6.802900000000000613e-02
-6.827320000000000055e-01 -1.113579999999999987e-01
-6.879889999999999617e-01 9.256899999999999851e-02
-7.298860000000000348e-01 -1.176040000000000002e-01
-7.285779999999999479e-01 1.506139999999999979e-01
-6.190989999999999549e-01 2.264100000000000140e-02
-7.141619999999999635e-01 -1.684199999999999933e-02
-6.181630000000000180e-01 -9.453999999999999904e-02
-5.377999999999999448e-01 -6.222500000000000253e-02
-5.372989999999999711e-01 -1.606019999999999948e-01
-4.657259999999999733e-01 -1.218140000000000056e-01
-6.420679999999999721e-01 -1.078640000000000015e-01
-6.600260000000000016e-01 2.047879999999999978e-01
-6.896900000000000253e-01 -1.616160000000000097e-01
-4.944459999999999966e-01 -3.743999999999999932e-03
-5.442489999999999828e-01 -1.315639999999999865e-01
-5.602890000000000370e-01 -2.566300000000000248e-01
-6.233379999999999477e-01 -9.803800000000000014e-02
-6.536899999999999933e-01 -2.840770000000000239e-01
-5.310430000000000428e-01 1.106000000000000039e-02
-7.338390000000000191e-01 -1.410649999999999959e-01
-4.944830000000000059e-01 3.326599999999999696e-02
-5.894490000000000007e-01 -1.399060000000000026e-01
-8.211509999999999643e-01 6.606499999999999873e-02
-8.221720000000000139e-01 1.070389999999999953e-01
-7.257139999999999702e-01 1.540759999999999907e-01
-6.385300000000000420e-01 -1.931849999999999956e-01
-7.620599999999999596e-01 -7.038800000000000612e-02
-7.294089999999999741e-01 -2.436599999999999877e-02
-6.464929999999999843e-01 -1.488150000000000028e-01
-7.766049999999999898e-01 1.828220000000000123e-01
-6.875830000000000553e-01 2.998599999999999877e-02
-6.821700000000000541e-01 -9.135100000000000164e-02
-7.106430000000000247e-01 -3.846499999999999919e-02
-6.205380000000000340e-01 -2.266029999999999989e-01
-6.387709999999999777e-01 -1.161800000000000055e-01
-5.224010000000000042e-01 -2.118950000000000000e-01
-6.880600000000000049e-01 -3.985199999999999854e-02
-5.942300000000000360e-01 -6.147899999999999893e-02
-5.804479999999999640e-01 -2.504359999999999919e-01
-5.223280000000000145e-01 -3.566840000000000011e-01
-5.892979999999999885e-01 -7.668300000000000116e-02
-6.752270000000000216e-01 -1.946450000000000125e-01
-6.143899999999999917e-01 -1.000240000000000018e-01
-5.657579999999999831e-01 -9.457799999999999541e-02
-6.384429999999999827e-01 -4.139899999999999830e-02
-4.638059999999999961e-01 -2.146019999999999872e-01
-6.284149999999999459e-01 1.473790000000000100e-01
-5.612770000000000259e-01 -1.930469999999999964e-01
-7.235800000000000010e-01 8.240100000000000202e-02
-6.348000000000000309e-01 -5.227199999999999902e-02
-6.260200000000000209e-01 1.969800000000000023e-02
-5.605430000000000135e-01 -2.030230000000000090e-01
-7.081429999999999669e-01 1.180780000000000024e-01
-6.455560000000000187e-01 -1.490029999999999966e-01
-6.045120000000000493e-01 5.339999999999999695e-04
-7.784889999999999866e-01 4.592240000000000211e-01
-6.893890000000000295e-01 -1.674509999999999887e-01
-5.046540000000000470e-01 1.014209999999999973e-01
-6.380940000000000500e-01 -4.129000000000000031e-02
-7.310969999999999969e-01 5.271620000000000195e-01
-6.747560000000000224e-01 2.834389999999999965e-01
-7.420080000000000009e-01 -2.609500000000000014e-02
-7.593119999999999870e-01 1.071040000000000048e-01
7.569069999999999965e-01 -9.032400000000000151e-02
6.158970000000000278e-01 2.628469999999999973e-01
7.679390000000000382e-01 -8.949699999999999322e-02
6.219479999999999453e-01 5.103940000000000143e-01
4.717089999999999894e-01 8.151600000000000512e-02
6.366089999999999804e-01 1.897899999999999865e-01
7.527390000000000470e-01 1.688300000000000078e-01
7.524020000000000152e-01 1.051180000000000031e-01
7.028459999999999708e-01 1.397980000000000056e-01
7.919819999999999638e-01 2.032059999999999977e-01
6.618349999999999511e-01 1.325699999999999934e-01
7.009670000000000067e-01 1.741010000000000058e-01
6.255629999999999802e-01 2.155100000000000071e-02
6.896189999999999820e-01 1.633189999999999920e-01
6.692749999999999533e-01 2.790909999999999780e-01
6.445380000000000553e-01 1.820940000000000059e-01
6.854559999999999542e-01 1.926440000000000097e-01
7.613379999999999592e-01 2.792669999999999875e-01
6.513360000000000261e-01 6.486599999999999311e-02
5.947050000000000392e-01 -1.465180000000000093e-01
7.138060000000000516e-01 1.199230000000000018e-01
8.088560000000000194e-01 -8.601799999999999724e-02
8.686779999999999502e-01 1.226509999999999961e-01
6.622209999999999486e-01 3.057500000000000218e-01
7.462029999999999497e-01 -2.757199999999999929e-02
5.342620000000000147e-01 -1.370069999999999899e-01
6.591169999999999529e-01 6.242199999999999832e-02
7.196179999999999799e-01 1.227369999999999989e-01
7.295519999999999783e-01 -1.307740000000000014e-01
5.963169999999999860e-01 2.743709999999999760e-01
7.203800000000000203e-01 1.896599999999999953e-01
7.779620000000000424e-01 4.483000000000000006e-03
6.851450000000000040e-01 -4.539599999999999885e-02
6.167780000000000484e-01 6.913700000000000401e-02
7.197540000000000049e-01 1.964069999999999983e-01
5.879959999999999631e-01 1.906499999999999861e-01
7.870359999999999578e-01 -9.279900000000000648e-02
7.595779999999999754e-01 1.823160000000000058e-01
7.740029999999999966e-01 9.695499999999999952e-02
4.232029999999999959e-01 1.371110000000000106e-01
6.865729999999999889e-01 2.392380000000000062e-01
5.172219999999999596e-01 5.273459999999999814e-01
6.854139999999999677e-01 -3.577799999999999730e-02
7.744499999999999718e-01 3.806939999999999769e-01
7.782480000000000508e-01 -5.158399999999999791e-02
6.274849999999999595e-01 1.378759999999999986e-01
7.631900000000000350e-01 6.727400000000000047e-02
7.374100000000000099e-01 4.690500000000000225e-02
6.760429999999999495e-01 1.440359999999999974e-01
6.367279999999999607e-01 3.927499999999999741e-02
7.127139999999999587e-01 3.285859999999999892e-01
8.092540000000000289e-01 2.249999999999999917e-02
5.658480000000000176e-01 3.166660000000000030e-01
7.067099999999999493e-01 4.803099999999999731e-02
8.542710000000000026e-01 1.315870000000000095e-01
7.037870000000000514e-01 -6.797699999999999576e-02
7.240750000000000242e-01 2.474020000000000108e-01
7.523590000000000000e-01 2.070329999999999948e-01
7.847110000000000474e-01 4.136599999999999999e-02
7.106649999999999912e-01 1.353109999999999868e-01
7.427589999999999471e-01 2.698360000000000203e-01
7.379310000000000036e-01 2.678170000000000273e-01
5.300409999999999844e-01 1.775090000000000001e-01
7.371619999999999839e-01 4.479779999999999873e-01
7.247860000000000413e-01 -4.960799999999999932e-02
6.398789999999999756e-01 4.340700000000000114e-02
6.286829999999999918e-01 8.326300000000000368e-02
7.156259999999999843e-01 -1.722999999999999879e-02
4.022959999999999869e-01 2.056689999999999907e-01
5.331700000000000328e-01 1.639909999999999979e-01
5.227490000000000192e-01 1.204059999999999991e-01
5.038719999999999866e-01 5.357690000000000508e-01
7.912740000000000329e-01 -3.801800000000000318e-02
5.956449999999999800e-01 -1.175760000000000000e-01
7.626230000000000508e-01 2.016959999999999864e-01
6.610850000000000337e-01 3.632900000000000018e-02
5.064180000000000348e-01 5.197100000000000330e-02
6.692059999999999675e-01 -9.265800000000000425e-02
7.004380000000000051e-01 4.490399999999999947e-02
6.073100000000000165e-01 -1.776499999999999954e-02
6.406800000000000272e-01 1.276720000000000077e-01
7.736279999999999824e-01 1.374309999999999976e-01
6.117289999999999672e-01 1.470619999999999983e-01
6.862390000000000434e-01 -2.229599999999999985e-02
7.623320000000000096e-01 1.679100000000000037e-01
6.805879999999999708e-01 1.476750000000000007e-01
7.803259999999999641e-01 1.975999999999999979e-01
8.474690000000000278e-01 3.581100000000000255e-02
7.230689999999999618e-01 2.068300000000000000e-02
7.729730000000000212e-01 6.417499999999999594e-02
6.371350000000000069e-01 1.392349999999999977e-01
7.899239999999999595e-01 -3.543700000000000322e-02
6.550580000000000291e-01 1.645439999999999958e-01
7.700200000000000378e-01 -2.134600000000000039e-02
7.685520000000000129e-01 1.294690000000000007e-01
7.202589999999999826e-01 1.455000000000000043e-02
6.548209999999999864e-01 -3.960099999999999731e-02
6.312349999999999905e-01 3.339610000000000078e-01
7.403889999999999638e-01 1.606160000000000088e-01
7.769810000000000327e-01 1.543160000000000087e-01
7.405199999999999561e-01 8.965499999999999858e-02
7.440830000000000499e-01 9.261999999999999400e-03
6.560230000000000228e-01 1.790569999999999939e-01
6.466119999999999646e-01 5.911700000000000288e-02
8.178010000000000002e-01 4.972499999999999837e-02
4.056469999999999798e-01 1.697430000000000050e-01
4.821199999999999930e-01 2.256690000000000085e-01
7.732139999999999569e-01 1.952929999999999944e-01
8.172620000000000440e-01 3.018399999999999903e-02
8.053289999999999615e-01 7.310700000000000531e-02
7.420649999999999746e-01 5.423200000000000243e-02
6.715440000000000298e-01 1.636380000000000057e-01
6.669340000000000268e-01 1.537999999999999923e-01
6.964299999999999935e-01 1.419930000000000081e-01
6.552430000000000199e-01 6.229599999999999721e-02
7.136409999999999698e-01 2.543019999999999725e-01
7.470849999999999991e-01 -7.527000000000000357e-02
6.251440000000000330e-01 3.388499999999999845e-02
7.273140000000000160e-01 2.994769999999999932e-01
6.492350000000000065e-01 2.243809999999999971e-01
7.146879999999999900e-01 2.815300000000000094e-02
3.936839999999999784e-01 8.276699999999999335e-02
6.630049999999999555e-01 1.925939999999999874e-01
7.731179999999999719e-01 7.848399999999999821e-02
7.843700000000000117e-01 1.531889999999999918e-01
6.121529999999999472e-01 8.619999999999999191e-03
7.837140000000000217e-01 1.529790000000000039e-01
6.768629999999999924e-01 2.184280000000000110e-01
6.139229999999999965e-01 -1.940000000000000101e-03
5.772159999999999513e-01 -4.020000000000000136e-03
6.816179999999999461e-01 -1.988200000000000037e-02
6.377340000000000231e-01 1.100440000000000029e-01
7.707770000000000454e-01 6.339699999999999502e-02
7.683349999999999902e-01 3.038190000000000057e-01
7.618700000000000472e-01 -9.745199999999999696e-02
7.912369999999999681e-01 1.701769999999999949e-01
6.777779999999999916e-01 -4.707000000000000246e-03
7.932949999999999724e-01 1.341859999999999997e-01
7.366859999999999520e-01 1.435970000000000024e-01
6.381470000000000198e-01 -5.229400000000000021e-02
7.251349999999999740e-01 8.390699999999999548e-02
6.524600000000000399e-01 7.284599999999999409e-02
5.827219999999999622e-01 2.832259999999999778e-01
5.390179999999999971e-01 2.127040000000000042e-01
4.708720000000000128e-01 7.374100000000000099e-02
6.134840000000000293e-01 3.187220000000000053e-01
8.157889999999999864e-01 1.056659999999999960e-01
8.296759999999999691e-01 -4.674699999999999689e-02
6.932120000000000504e-01 9.404400000000000259e-02
6.926489999999999592e-01 -2.641200000000000145e-02
6.829579999999999540e-01 3.082759999999999945e-01
6.782669999999999533e-01 2.560279999999999778e-01
8.028760000000000341e-01 1.389630000000000032e-01
6.803909999999999680e-01 2.559300000000000117e-02
7.722099999999999520e-01 3.161809999999999898e-01
7.064169999999999616e-01 4.782200000000000339e-02
7.313239999999999741e-01 9.575599999999999390e-02
5.555480000000000418e-01 1.159489999999999965e-01
6.029229999999999867e-01 -8.342399999999999816e-02
4.848469999999999724e-01 1.491869999999999863e-01
7.438839999999999897e-01 1.310699999999999921e-01
8.290340000000000487e-01 -1.011620000000000019e-01
7.369539999999999980e-01 -1.111900000000000041e-02
7.909540000000000459e-01 5.739699999999999663e-02
7.650810000000000111e-01 1.584049999999999903e-01
7.304359999999999742e-01 -3.151000000000000155e-03
7.261760000000000437e-01 -1.617999999999999994e-02
6.241430000000000033e-01 2.828189999999999871e-01
6.404450000000000420e-01 -2.097310000000000008e-01
7.302089999999999970e-01 2.533949999999999814e-01
6.999239999999999906e-01 2.362460000000000115e-01
6.189369999999999594e-01 1.511170000000000013e-01
5.479490000000000194e-01 1.938570000000000015e-01
6.987389999999999990e-01 2.534139999999999726e-01
7.704590000000000050e-01 7.761999999999999456e-02
7.490200000000000191e-01 7.220699999999999341e-02
7.078689999999999705e-01 1.203079999999999983e-01
6.833550000000000457e-01 8.314299999999999469e-02
7.623579999999999801e-01 7.438000000000000167e-02
6.787159999999999860e-01 9.809700000000000364e-02
6.195969999999999533e-01 2.397499999999999909e-01
7.044430000000000414e-01 1.500090000000000034e-01
7.903540000000000010e-01 1.009680000000000022e-01
6.967299999999999605e-01 3.417089999999999850e-01
6.575180000000000469e-01 2.477000000000000035e-02
5.041480000000000405e-01 2.292200000000000140e-02
6.906430000000000069e-01 2.256039999999999990e-01
7.005829999999999558e-01 2.386729999999999963e-01
5.867329999999999490e-01 3.634500000000000230e-02
6.282109999999999639e-01 2.313010000000000066e-01
5.869079999999999853e-01 1.103530000000000066e-01
8.800580000000000069e-01 -2.129299999999999943e-02
6.741409999999999902e-01 1.124710000000000015e-01
8.540020000000000389e-01 1.615439999999999932e-01
6.258299999999999974e-01 3.745970000000000133e-01
7.910279999999999534e-01 1.421860000000000068e-01
6.235089999999999799e-01 1.291370000000000018e-01
6.822709999999999608e-01 -1.057749999999999940e-01
8.555530000000000079e-01 -2.170300000000000007e-02
7.893970000000000153e-01 1.179349999999999982e-01
6.791859999999999564e-01 -2.423799999999999913e-02
7.415059999999999985e-01 1.058980000000000060e-01
7.163869999999999960e-01 -1.030210000000000015e-01
6.485539999999999639e-01 2.298759999999999970e-01
4.762149999999999994e-01 -3.438069999999999737e-01
5.765090000000000492e-01 3.118670000000000053e-01
7.176449999999999774e-01 -1.729610000000000036e-01
6.907839999999999536e-01 2.174079999999999901e-01
8.111129999999999729e-01 2.322299999999999920e-01
7.518650000000000055e-01 -1.575999999999999970e-02
6.835329999999999462e-01 3.378749999999999809e-01
2.725429999999999797e-01 1.259440000000000004e-01
5.656020000000000492e-01 3.799150000000000027e-01
8.023620000000000196e-01 2.425339999999999996e-01
7.077689999999999815e-01 2.503999999999999976e-02
6.778650000000000508e-01 1.373739999999999961e-01
7.434469999999999690e-01 1.240779999999999939e-01
8.405629999999999491e-01 7.173000000000000209e-02
7.704029999999999490e-01 2.727559999999999985e-01
6.587129999999999930e-01 2.349080000000000057e-01
8.133489999999999887e-01 6.903900000000000314e-02
7.670869999999999633e-01 1.213840000000000058e-01
7.261849999999999694e-01 1.985270000000000090e-01
8.003090000000000481e-01 2.427259999999999973e-01
6.474410000000000442e-01 2.358399999999999941e-01
7.542659999999999920e-01 4.451800000000000201e-02
6.935179999999999678e-01 3.006110000000000171e-01
7.144530000000000047e-01 5.149399999999999811e-02
7.333709999999999951e-01 -1.753199999999999897e-02
6.637750000000000039e-01 1.110030000000000044e-01
7.144979999999999665e-01 3.322060000000000013e-01
6.609789999999999832e-01 2.757269999999999999e-01
6.784580000000000055e-01 -1.785499999999999934e-02
5.257530000000000259e-01 1.470940000000000025e-01
4.837989999999999791e-01 2.191059999999999952e-01
6.389700000000000379e-01 6.514399999999999358e-02
7.568040000000000322e-01 1.020800000000000041e-01
7.210760000000000502e-01 1.100069999999999937e-01
7.322319999999999940e-01 2.556880000000000264e-01
6.180630000000000290e-01 -1.474000000000000050e-03
5.990189999999999682e-01 9.044699999999999962e-02
6.405769999999999520e-01 -2.487699999999999981e-02
7.093040000000000456e-01 1.083149999999999946e-01
7.187620000000000120e-01 8.140699999999999326e-02
7.800460000000000171e-01 2.687629999999999741e-01
7.672520000000000451e-01 2.683519999999999794e-01
7.363560000000000105e-01 1.273880000000000012e-01
6.526309999999999611e-01 2.339440000000000131e-01
7.352579999999999671e-01 2.479999999999999982e-01
7.580139999999999656e-01 2.508870000000000267e-01
6.433649999999999647e-01 -2.558300000000000157e-02
8.545239999999999503e-01 3.827840000000000131e-01
8.091009999999999591e-01 2.389799999999999910e-02
6.990340000000000442e-01 2.449880000000000113e-01
6.197970000000000423e-01 1.611799999999999899e-01
5.883589999999999653e-01 -6.975900000000000156e-02
8.384629999999999583e-01 1.491220000000000045e-01
7.314929999999999488e-01 7.421200000000000019e-02
7.829409999999999981e-01 3.920409999999999728e-01
7.546760000000000135e-01 1.224940000000000057e-01
7.286529999999999951e-01 1.440950000000000009e-01
5.199310000000000320e-01 2.291769999999999918e-01
7.864149999999999752e-01 4.395999999999999908e-02
2.875630000000000130e-01 3.608379999999999921e-01
5.752000000000000446e-01 8.769000000000000405e-02
7.627260000000000151e-01 2.175330000000000041e-01
7.841829999999999634e-01 1.532700000000000035e-02
6.820190000000000419e-01 1.174079999999999985e-01
6.513949999999999463e-01 6.991300000000000292e-02
6.446380000000000443e-01 1.575229999999999964e-01
6.406760000000000232e-01 1.040839999999999960e-01
6.676590000000000025e-01 -4.147900000000000198e-02
6.144039999999999502e-01 -3.334399999999999864e-02
6.597779999999999756e-01 -1.648099999999999912e-02
4.613610000000000211e-01 2.276430000000000120e-01
5.507769999999999611e-01 2.947380000000000000e-01
6.571219999999999839e-01 1.480349999999999999e-01
7.537850000000000383e-01 -7.712199999999999611e-02
7.604419999999999513e-01 2.151129999999999987e-01
6.951399999999999801e-01 8.105199999999999905e-02
6.110449999999999493e-01 3.521699999999999831e-02
7.917910000000000226e-01 1.267389999999999906e-01
5.291909999999999670e-01 1.813849999999999907e-01
6.480869999999999687e-01 1.759519999999999973e-01
8.502089999999999925e-01 -6.429899999999999505e-02
6.819760000000000266e-01 2.221750000000000114e-01
8.030629999999999713e-01 4.957199999999999801e-02
7.757849999999999469e-01 1.052479999999999943e-01
7.411109999999999642e-01 -4.727499999999999758e-02
5.743200000000000527e-01 2.907139999999999724e-01
6.528180000000000094e-01 2.730179999999999829e-01
7.655520000000000103e-01 5.598999999999999810e-03
8.026520000000000321e-01 1.170289999999999941e-01
7.089889999999999803e-01 1.845539999999999958e-01
6.973279999999999479e-01 -3.461700000000000194e-02
5.739959999999999507e-01 1.026620000000000033e-01
7.172809999999999464e-01 2.540399999999999880e-01
6.483630000000000226e-01 -2.084380000000000122e-01
6.473090000000000233e-01 1.852939999999999865e-01
6.226329999999999920e-01 2.356600000000000084e-01
7.280050000000000132e-01 -1.748100000000000001e-02
7.705859999999999932e-01 1.505829999999999946e-01
7.271069999999999478e-01 2.043299999999999977e-02
7.157740000000000213e-01 8.311599999999999544e-02
6.083030000000000381e-01 1.515330000000000010e-01
6.732559999999999656e-01 1.878559999999999952e-01
7.675220000000000375e-01 3.146729999999999805e-01
5.864420000000000188e-01 5.528500000000000081e-02
6.245070000000000343e-01 6.848400000000000321e-02
6.426589999999999803e-01 -5.065999999999999670e-02
8.224669999999999481e-01 -9.859700000000000408e-02
6.878999999999999559e-01 2.224150000000000016e-01
6.601920000000000011e-01 2.099200000000000024e-02
6.226340000000000208e-01 1.729690000000000116e-01
7.550620000000000109e-01 6.544899999999999329e-02
8.059500000000000552e-01 1.344269999999999909e-01
4.501870000000000038e-01 9.962100000000000122e-02
7.569120000000000292e-01 2.840000000000000076e-03
6.907140000000000502e-01 1.273160000000000125e-01
7.560710000000000486e-01 1.623459999999999903e-01
7.586190000000000433e-01 8.417499999999999982e-02
7.000539999999999541e-01 -3.276699999999999752e-02
6.577359999999999873e-01 3.313820000000000099e-01
9.018199999999999550e-01 1.328590000000000049e-01
6.762920000000000043e-01 -2.095400000000000040e-02
6.674269999999999925e-01 7.907500000000000639e-02
7.722860000000000280e-01 2.327100000000000002e-02
7.649259999999999948e-01 2.293229999999999991e-01
8.126069999999999682e-01 1.257230000000000014e-01
8.027549999999999963e-01 -3.297300000000000231e-02
6.647170000000000023e-01 1.793949999999999989e-01
7.794520000000000337e-01 7.232900000000000440e-02
9.291540000000000354e-01 1.092790000000000011e-01
8.689510000000000289e-01 -4.901599999999999707e-02
7.015940000000000509e-01 1.320550000000000057e-01
8.388339999999999685e-01 1.425200000000000078e-02
5.495470000000000077e-01 5.880400000000000210e-02
7.544699999999999740e-01 1.248559999999999948e-01
4.947759999999999936e-01 2.017199999999999896e-02
7.292269999999999586e-01 1.998010000000000064e-01
5.450460000000000305e-01 3.096149999999999736e-01
7.160590000000000011e-01 1.407879999999999965e-01
6.216669999999999696e-01 2.178759999999999863e-01
4.903009999999999868e-01 1.453520000000000090e-01
7.972749999999999559e-01 1.985520000000000063e-01
8.765209999999999946e-01 3.946999999999999988e-03
6.934420000000000028e-01 -3.888099999999999890e-02
7.847840000000000371e-01 -9.913999999999999202e-03
6.089290000000000536e-01 -9.119099999999999429e-02
6.419709999999999583e-01 1.328749999999999931e-01
5.871629999999999905e-01 4.854080000000000061e-01
7.741630000000000456e-01 2.151280000000000137e-01
8.304329999999999767e-01 1.152780000000000055e-01
7.727150000000000407e-01 2.582019999999999871e-01
4.858739999999999726e-01 2.686749999999999972e-01
7.201849999999999641e-01 9.382300000000000362e-02
7.272180000000000311e-01 1.188799999999999996e-01
7.288890000000000091e-01 2.112749999999999906e-01
4.814430000000000098e-01 2.359479999999999911e-01
6.188559999999999617e-01 1.133880000000000027e-01
5.428589999999999804e-01 5.523200000000000331e-02
4.968659999999999743e-01 1.761900000000000133e-01
6.562679999999999625e-01 6.307899999999999618e-02
6.709000000000000519e-01 -3.450000000000000289e-02
6.448120000000000518e-01 -9.223000000000000295e-03
4.770739999999999981e-01 3.964399999999999868e-02
8.292329999999999979e-01 1.276319999999999955e-01
9.255330000000000501e-01 -2.211799999999999877e-02
7.865510000000000002e-01 6.411799999999999444e-02
7.954039999999999999e-01 -1.068820000000000048e-01
7.335549999999999571e-01 1.174899999999999972e-01
8.019699999999999607e-01 1.912719999999999976e-01
8.517190000000000039e-01 7.943100000000000160e-02
5.495630000000000237e-01 1.719960000000000100e-01
6.266030000000000211e-01 -7.625300000000000133e-02
6.734219999999999651e-01 -7.918300000000000338e-02
4.759059999999999957e-01 8.729399999999999660e-02
8.144169999999999465e-01 3.317809999999999926e-01
5.654430000000000289e-01 1.093640000000000029e-01
5.661669999999999758e-01 1.143630000000000063e-01
8.078729999999999523e-01 -2.155899999999999830e-02
5.679100000000000259e-01 7.470599999999999463e-02
6.895769999999999955e-01 2.532099999999999976e-02
7.618639999999999857e-01 2.958799999999999972e-02
6.563459999999999850e-01 2.384350000000000080e-01
8.199400000000000022e-01 -2.434400000000000105e-02
7.171779999999999822e-01 7.557300000000000129e-02
6.311219999999999608e-01 -1.266999999999999897e-03
5.194440000000000168e-01 1.225920000000000065e-01
7.579150000000000054e-01 -5.614000000000000067e-03
6.230130000000000390e-01 2.699299999999999963e-02
8.243190000000000239e-01 9.338299999999999379e-02
5.947440000000000504e-01 -2.272199999999999914e-02
7.670879999999999921e-01 2.905500000000000096e-02
7.756490000000000329e-01 1.615959999999999896e-01
7.513060000000000294e-01 1.191839999999999983e-01
5.663639999999999786e-01 1.509030000000000094e-01
6.054589999999999694e-01 1.349450000000000094e-01
7.196909999999999696e-01 -1.478600000000000053e-02
5.820109999999999451e-01 -6.817700000000000149e-02
8.139459999999999473e-01 3.362419999999999853e-01
6.241670000000000273e-01 -8.805799999999999739e-02
7.027750000000000385e-01 2.611470000000000180e-01
7.033880000000000132e-01 2.104280000000000039e-01
6.309369999999999701e-01 1.494040000000000090e-01
7.283330000000000082e-01 7.763100000000000556e-02
6.167000000000000259e-01 1.143099999999999949e-01
7.316500000000000226e-01 1.347049999999999914e-01
7.454009999999999803e-01 -5.778799999999999909e-02
7.339059999999999473e-01 1.160360000000000003e-01
7.064059999999999784e-01 -1.644800000000000081e-02
7.124869999999999814e-01 2.961039999999999783e-01
7.605760000000000298e-01 1.180100000000000073e-02
7.222039999999999571e-01 1.529800000000000083e-02
8.136050000000000226e-01 7.011199999999999377e-02
5.233630000000000226e-01 2.585120000000000196e-01
4.852449999999999819e-01 2.221579999999999944e-01
7.192250000000000032e-01 4.719999999999999803e-04
7.707169999999999854e-01 1.627929999999999933e-01
7.198090000000000321e-01 1.269230000000000080e-01
4.920829999999999926e-01 2.463730000000000087e-01
5.210339999999999971e-01 2.721350000000000158e-01
8.162409999999999943e-01 1.231870000000000048e-01
7.214049999999999629e-01 4.133099999999999968e-02
7.226029999999999953e-01 4.005000000000000226e-02
7.073009999999999575e-01 1.236990000000000034e-01
6.794120000000000159e-01 1.474600000000000043e-02
6.761570000000000080e-01 2.587420000000000275e-01
6.200830000000000508e-01 1.559339999999999893e-01
8.287039999999999962e-01 6.562999999999999390e-02
5.437760000000000371e-01 1.510599999999999964e-02
6.395319999999999894e-01 1.381550000000000000e-01
7.621059999999999501e-01 9.675899999999999779e-02
6.408920000000000172e-01 1.802439999999999876e-01
7.936779999999999946e-01 1.942240000000000077e-01
7.824529999999999541e-01 2.596720000000000139e-01
8.361910000000000176e-01 6.421999999999999757e-03
7.468169999999999531e-01 -3.380699999999999678e-02
6.406300000000000328e-01 2.459719999999999962e-01
2.954760000000000164e-01 -3.225399999999999795e-02
7.440740000000000132e-01 2.837419999999999942e-01
6.445640000000000258e-01 -1.381600000000000016e-02
7.265160000000000506e-01 1.773669999999999969e-01
6.756870000000000376e-01 -1.546669999999999989e-01
7.417249999999999677e-01 2.573719999999999897e-01
4.857670000000000043e-01 4.662199999999999678e-02
8.388079999999999981e-01 -7.106899999999999329e-02
6.011729999999999574e-01 1.566909999999999969e-01
7.480679999999999552e-01 6.238699999999999801e-02
7.324600000000000000e-01 3.102690000000000170e-01
5.534909999999999553e-01 4.548429999999999973e-01
7.752200000000000202e-01 -3.620199999999999807e-02
8.070190000000000419e-01 8.427000000000000463e-03
7.478029999999999955e-01 -7.979100000000000081e-02
6.915219999999999700e-01 7.080500000000000682e-02
6.332010000000000138e-01 2.448009999999999908e-01
6.134600000000000053e-01 4.146110000000000073e-01
6.675600000000000422e-01 1.206949999999999967e-01
6.331090000000000328e-01 1.334359999999999991e-01
8.234909999999999730e-01 1.035610000000000003e-01
6.693299999999999805e-01 1.113859999999999989e-01
7.161149999999999460e-01 -5.364900000000000224e-02
8.072869999999999768e-01 1.115339999999999943e-01
7.487470000000000514e-01 6.905600000000000627e-02
6.506359999999999921e-01 3.897709999999999786e-01
5.902220000000000244e-01 1.046890000000000043e-01
8.075719999999999565e-01 2.790000000000000054e-04
8.731959999999999722e-01 1.390059999999999907e-01
7.314990000000000103e-01 1.020339999999999997e-01
7.989669999999999828e-01 -1.725300000000000097e-02
6.650490000000000013e-01 -4.558000000000000419e-03
7.404089999999999838e-01 1.297310000000000130e-01
6.252919999999999590e-01 5.177359999999999740e-01
7.748709999999999765e-01 1.811860000000000137e-01
7.480719999999999592e-01 1.040549999999999947e-01
7.597899999999999654e-01 5.777199999999999697e-02
6.729789999999999939e-01 3.703879999999999950e-01
7.914769999999999861e-01 -2.073889999999999900e-01
6.433720000000000550e-01 -1.868769999999999876e-01
7.481299999999999617e-01 -5.077399999999999969e-02
6.627870000000000150e-01 -3.761199999999999960e-02
6.334910000000000263e-01 1.313580000000000025e-01
6.980709999999999971e-01 6.383900000000000685e-02
8.391950000000000243e-01 1.778820000000000123e-01
7.104500000000000259e-01 2.352700000000000069e-01
7.934999999999999831e-01 -1.131319999999999965e-01
5.701629999999999754e-01 1.124560000000000004e-01
7.771829999999999572e-01 7.942499999999999560e-02
7.204819999999999558e-01 9.646100000000000507e-02
5.981539999999999635e-01 -8.908199999999999452e-02
7.041089999999999849e-01 1.475130000000000052e-01
8.472300000000000386e-01 -1.349009999999999931e-01
6.032359999999999944e-01 2.588639999999999830e-01
7.418519999999999559e-01 1.424850000000000005e-01
8.599940000000000362e-01 1.819359999999999866e-01
5.290960000000000107e-01 5.456199999999999939e-02
4.961180000000000034e-01 2.714700000000000099e-02
7.766009999999999858e-01 1.769880000000000064e-01
8.148429999999999840e-01 1.309999999999999967e-03
6.446309999999999540e-01 3.670220000000000149e-01
6.912500000000000311e-01 -1.570910000000000084e-01
8.325960000000000027e-01 1.338380000000000125e-01
7.246380000000000043e-01 2.410640000000000005e-01
6.483060000000000489e-01 7.491799999999999848e-02
7.658599999999999852e-01 4.198299999999999949e-02
6.474969999999999892e-01 1.834300000000000166e-02
7.161520000000000108e-01 2.561640000000000028e-01
6.797999999999999599e-01 -1.595999999999999979e-03
7.003859999999999530e-01 -1.338550000000000018e-01
7.276049999999999462e-01 -2.095599999999999893e-02
6.873770000000000158e-01 -2.421959999999999946e-01
7.573400000000000132e-01 6.499599999999999822e-02
8.059899999999999842e-01 6.276400000000000035e-02
7.441210000000000324e-01 8.784699999999999454e-02
5.679309999999999636e-01 -1.104269999999999974e-01
7.657209999999999850e-01 3.879200000000000009e-02
7.973130000000000495e-01 2.926969999999999850e-01
6.194669999999999899e-01 1.910320000000000074e-01
5.860300000000000509e-01 3.800699999999999912e-02
-6.358530000000000015e-01 5.435399999999999954e-02
-7.108590000000000186e-01 -2.253630000000000078e-01
-6.272480000000000278e-01 -4.706099999999999867e-02
7.774250000000000327e-01 1.095549999999999996e-01
7.041439999999999921e-01 2.753439999999999777e-01
7.067059999999999453e-01 -1.666600000000000026e-02
6.194530000000000314e-01 2.578219999999999956e-01
4.223669999999999924e-01 1.366910000000000069e-01
6.718750000000000000e-01 2.007780000000000120e-01
5.231759999999999744e-01 -6.515799999999999370e-02
7.377719999999999834e-01 3.128000000000000138e-03
6.035519999999999774e-01 2.888399999999999995e-02
7.612250000000000405e-01 9.163499999999999424e-02
6.301539999999999919e-01 1.013239999999999974e-01
5.448450000000000237e-01 -8.438900000000000567e-02
6.683590000000000364e-01 1.449650000000000105e-01
6.996989999999999599e-01 -1.035599999999999993e-01
8.373950000000000005e-01 1.357980000000000020e-01
6.924780000000000380e-01 5.805699999999999750e-02
7.223950000000000093e-01 -6.031500000000000056e-02
6.377789999999999848e-01 1.204930000000000029e-01
5.726489999999999636e-01 2.975679999999999992e-01
6.325089999999999879e-01 8.440999999999999892e-02
6.439139999999999864e-01 1.707079999999999986e-01
6.355589999999999851e-01 9.960800000000000209e-02
8.035989999999999522e-01 3.913300000000000112e-02
6.050379999999999647e-01 -2.623759999999999981e-01
5.459559999999999969e-01 2.984609999999999763e-01
7.168870000000000520e-01 -9.671299999999999342e-02
8.102289999999999770e-01 6.183199999999999807e-02
7.078149999999999720e-01 -3.699800000000000311e-02
7.181889999999999663e-01 3.312490000000000157e-01
6.479080000000000394e-01 1.880310000000000037e-01
4.244950000000000112e-01 4.323699999999999766e-01
6.009210000000000385e-01 3.448640000000000039e-01
1.870840000000000003e-01 6.879579999999999584e-01
3.365049999999999986e-01 5.364170000000000327e-01
5.736419999999999852e-01 4.138669999999999849e-01
5.837609999999999744e-01 4.456399999999999806e-01
4.964749999999999996e-01 5.766790000000000527e-01
6.359369999999999745e-01 6.038080000000000114e-01
2.204609999999999903e-01 5.587520000000000264e-01
4.285829999999999917e-01 6.967309999999999892e-01
5.667379999999999640e-01 4.622620000000000062e-01
5.792829999999999924e-01 5.687670000000000226e-01
5.181789999999999452e-01 6.521369999999999667e-01
6.546140000000000292e-01 5.420660000000000478e-01
4.070639999999999814e-01 5.071059999999999457e-01
5.055290000000000061e-01 3.794060000000000210e-01
6.930920000000000414e-01 1.543579999999999952e-01
5.083010000000000028e-01 3.420039999999999747e-01
5.989379999999999704e-01 3.687750000000000195e-01
7.101279999999999815e-01 2.738039999999999918e-01
5.156600000000000072e-01 4.190849999999999853e-01
3.927390000000000048e-01 4.346659999999999968e-01
4.187069999999999959e-01 5.866580000000000128e-01
6.748809999999999532e-01 5.292350000000000110e-01
4.905880000000000241e-01 6.073669999999999902e-01
6.069890000000000008e-01 4.522410000000000041e-01
7.514710000000000001e-01 3.305239999999999845e-01
8.028600000000000181e-01 3.961350000000000149e-01
6.640099999999999891e-01 4.359859999999999847e-01
5.641019999999999923e-01 4.184359999999999746e-01
2.942339999999999955e-01 8.101570000000000160e-01
4.929700000000000193e-01 4.208549999999999791e-01
8.585810000000000386e-01 2.293679999999999886e-01
4.865929999999999978e-01 7.297660000000000258e-01
5.741939999999999822e-01 6.043939999999999868e-01
6.085460000000000313e-01 4.075960000000000139e-01
5.231369999999999632e-01 5.831279999999999797e-01
3.644339999999999802e-01 4.419089999999999963e-01
4.645610000000000017e-01 4.320789999999999909e-01
5.195009999999999906e-01 4.620500000000000163e-01
5.177559999999999940e-01 5.324529999999999541e-01
6.922669999999999657e-01 4.176110000000000100e-01
6.316460000000000408e-01 4.829129999999999812e-01
6.963359999999999550e-01 4.288699999999999735e-01
7.205139999999999878e-01 4.727729999999999988e-01
6.575180000000000469e-01 3.741019999999999901e-01
5.913829999999999920e-01 5.014920000000000488e-01
6.670070000000000165e-01 3.420920000000000072e-01
6.477819999999999689e-01 3.928749999999999742e-01
5.477579999999999671e-01 3.913980000000000237e-01
4.682069999999999843e-01 3.944019999999999748e-01
4.731360000000000010e-01 5.664010000000000433e-01
5.068989999999999885e-01 4.001799999999999802e-01
3.591400000000000148e-02 4.628940000000000277e-01
4.297929999999999806e-01 3.408550000000000191e-01
4.418929999999999803e-01 2.696770000000000000e-01
7.608139999999999903e-01 2.107030000000000014e-01
4.452699999999999991e-01 6.790490000000000137e-01
5.868550000000000155e-01 3.346640000000000170e-01
2.776779999999999804e-01 5.346459999999999546e-01
5.052870000000000417e-01 4.685130000000000128e-01
6.255730000000000457e-01 2.840679999999999872e-01
3.390859999999999985e-01 5.676430000000000087e-01
4.502010000000000178e-01 5.669750000000000068e-01
3.104000000000000092e-01 7.126909999999999634e-01
4.840030000000000165e-01 5.239700000000000468e-01
6.080039999999999889e-01 3.885689999999999977e-01
7.208940000000000348e-01 4.882349999999999746e-01
6.738969999999999683e-01 -1.504330000000000112e-01
4.681250000000000133e-01 4.825320000000000165e-01
6.813190000000000079e-01 5.405999999999999694e-02
7.127050000000000329e-01 -8.045000000000000068e-03
6.540319999999999467e-01 -1.796000000000000070e-03
7.604180000000000383e-01 -1.311160000000000103e-01
6.450019999999999643e-01 -7.197000000000000619e-02
7.738300000000000178e-01 4.125600000000000100e-02
8.132840000000000069e-01 6.706600000000000061e-02
7.564689999999999470e-01 2.126909999999999912e-01
7.596070000000000322e-01 -1.488699999999999919e-02
7.694480000000000208e-01 1.148199999999999915e-02
4.380299999999999749e-01 1.287560000000000093e-01
3.976589999999999847e-01 -4.031200000000000061e-02
6.813270000000000159e-01 7.831100000000000561e-02
5.716069999999999762e-01 2.465120000000000089e-01
8.216409999999999547e-01 9.144700000000000051e-02
5.706839999999999691e-01 -1.099259999999999959e-01
6.659699999999999509e-01 1.445230000000000126e-01
6.911540000000000461e-01 -2.870599999999999888e-02
6.277939999999999632e-01 1.996120000000000116e-01
8.398440000000000349e-01 8.114399999999999391e-02
6.144920000000000382e-01 9.543000000000000094e-02
6.512059999999999516e-01 3.119669999999999943e-01
5.941539999999999599e-01 1.590390000000000137e-01
7.101030000000000397e-01 5.430299999999999710e-02
7.978410000000000224e-01 1.154099999999999918e-02
5.686600000000000543e-01 1.046669999999999962e-01
5.668860000000000010e-01 2.277220000000000077e-01
7.247810000000000086e-01 2.256380000000000052e-01
5.149759999999999893e-01 -9.605000000000000690e-03
7.697749999999999870e-01 5.941099999999999853e-02
6.403299999999999548e-01 1.108839999999999965e-01
8.763410000000000366e-01 2.055699999999999888e-02
7.107639999999999514e-01 -2.928499999999999853e-02
8.304160000000000430e-01 8.862999999999999351e-03
5.189979999999999594e-01 3.508399999999999713e-02
8.105160000000000142e-01 2.436180000000000012e-01
6.125460000000000349e-01 2.982339999999999991e-01
7.503060000000000285e-01 -1.007580000000000003e-01
6.057660000000000267e-01 -8.984999999999999931e-03
7.817190000000000527e-01 -1.847699999999999898e-01
8.418889999999999985e-01 -1.192209999999999936e-01
6.980530000000000346e-01 3.119529999999999803e-01
6.252090000000000147e-01 -4.328400000000000303e-02
5.708590000000000053e-01 1.132900000000000018e-01
7.537289999999999823e-01 1.579859999999999876e-01
6.953709999999999614e-01 4.157000000000000278e-02
6.843879999999999963e-01 1.356439999999999868e-01
8.374960000000000182e-01 -1.376259999999999983e-01
6.944329999999999670e-01 7.969500000000000195e-02
7.314690000000000358e-01 4.270399999999999890e-02
5.883030000000000204e-01 -6.651999999999999927e-03
6.303320000000000034e-01 2.102289999999999992e-01
6.967809999999999837e-01 3.913099999999999912e-02
6.596429999999999794e-01 5.737699999999999745e-02
5.857179999999999609e-01 3.027119999999999811e-01
7.107860000000000289e-01 -5.913899999999999713e-02
5.486659999999999870e-01 -1.313040000000000040e-01
3.259230000000000183e-01 -2.899399999999999894e-02
7.992080000000000295e-01 -1.190819999999999934e-01
7.063690000000000246e-01 -1.076399999999999926e-02
6.971889999999999477e-01 5.718999999999999778e-02
6.813979999999999482e-01 -1.509840000000000071e-01
5.819039999999999768e-01 1.104109999999999953e-01
6.461970000000000214e-01 6.635900000000000132e-02
5.652639999999999887e-01 6.818699999999999761e-02
7.796570000000000444e-01 4.326100000000000084e-02
6.734170000000000433e-01 7.917000000000000426e-03
6.334889999999999688e-01 6.162900000000000322e-02
6.953679999999999861e-01 1.091519999999999990e-01
6.615069999999999562e-01 -1.412029999999999952e-01
5.306340000000000501e-01 -2.900600000000000053e-02
8.694009999999999794e-01 1.355000000000000093e-01
4.766239999999999921e-01 5.506899999999999989e-02
6.466060000000000141e-01 1.464810000000000001e-01
7.336129999999999596e-01 1.613229999999999942e-01
6.595469999999999944e-01 2.197949999999999904e-01
8.224839999999999929e-01 1.247290000000000065e-01
6.651709999999999567e-01 -1.600519999999999998e-01
6.273119999999999807e-01 1.368489999999999984e-01
6.797269999999999701e-01 7.628300000000000358e-02
6.869509999999999783e-01 -5.043999999999999873e-03
4.524349999999999761e-01 -1.709730000000000139e-01
6.933639999999999803e-01 2.539330000000000198e-01
7.224580000000000446e-01 -1.120430000000000037e-01
5.683120000000000394e-01 -4.356800000000000256e-02
6.459719999999999906e-01 1.058899999999999980e-01
5.058240000000000514e-01 4.941000000000000079e-03
5.142139999999999489e-01 2.407899999999999971e-02
6.905780000000000252e-01 -7.552200000000000579e-02
6.638009999999999744e-01 -5.853900000000000076e-02
7.798500000000000432e-01 5.861100000000000337e-02
7.670580000000000176e-01 4.259999999999999898e-03
6.587929999999999620e-01 -7.900300000000000378e-02
6.390400000000000524e-01 1.869770000000000043e-01
6.757880000000000553e-01 -1.574100000000000152e-02
6.465009999999999923e-01 -5.263999999999999582e-03
7.224040000000000461e-01 2.404200000000000087e-02
5.872279999999999722e-01 4.029110000000000191e-01
7.136080000000000201e-01 3.260899999999999910e-02
7.941110000000000113e-01 4.887099999999999778e-02
6.206070000000000197e-01 2.150809999999999944e-01
7.213289999999999980e-01 -5.733000000000000249e-03
6.659950000000000037e-01 1.846359999999999946e-01
6.934749999999999526e-01 1.904180000000000039e-01
6.119539999999999980e-01 -2.342529999999999890e-01
6.893310000000000271e-01 -7.910100000000000464e-02
7.103000000000000425e-01 -1.947919999999999929e-01
6.212760000000000504e-01 2.419179999999999942e-01
6.074220000000000175e-01 9.116399999999999504e-02
7.815659999999999830e-01 -1.125199999999999985e-02
7.245190000000000241e-01 -3.761699999999999766e-02
7.823449999999999571e-01 7.168399999999999772e-02
6.950589999999999824e-01 -2.831999999999999882e-03
8.304259999999999975e-01 6.184599999999999820e-02
7.010480000000000045e-01 1.836399999999999977e-01
5.748109999999999609e-01 1.715139999999999998e-01
7.377179999999999849e-01 -1.105599999999999986e-02
7.213169999999999860e-01 -2.059130000000000127e-01
6.605659999999999865e-01 1.231280000000000013e-01
7.750110000000000054e-01 2.064620000000000066e-01
6.096949999999999870e-01 -1.683479999999999976e-01
7.616690000000000405e-01 -1.023800000000000057e-02
6.479700000000000459e-01 1.758720000000000006e-01
6.665950000000000486e-01 6.431399999999999617e-02
7.274190000000000378e-01 7.187999999999999945e-03
7.253739999999999633e-01 2.334360000000000046e-01
6.796119999999999939e-01 4.428100000000000092e-02
7.071039999999999548e-01 1.456919999999999882e-01
8.099939999999999918e-01 7.211299999999999655e-02
9.335860000000000269e-01 7.916800000000000226e-02
8.092390000000000416e-01 3.545800000000000340e-02
7.532440000000000246e-01 -2.663099999999999842e-02
6.549509999999999499e-01 2.432999999999999833e-03
6.061849999999999739e-01 2.018349999999999866e-01
8.315369999999999706e-01 1.291309999999999958e-01
6.561829999999999607e-01 1.349920000000000009e-01
7.180480000000000196e-01 9.500699999999999423e-02
8.254270000000000218e-01 -3.933400000000000091e-02
7.047729999999999828e-01 1.686400000000000052e-02
5.899839999999999529e-01 -3.624260000000000259e-01
8.227809999999999846e-01 8.892999999999999516e-02
5.750570000000000404e-01 1.752390000000000059e-01
7.068029999999999591e-01 2.577599999999999891e-01
5.603430000000000355e-01 1.768329999999999902e-01
5.003260000000000485e-01 4.580290000000000195e-01
7.476159999999999473e-01 3.080999999999999971e-03
6.863590000000000524e-01 1.570409999999999862e-01
6.545029999999999459e-01 1.956400000000000153e-02
7.899389999999999468e-01 1.535479999999999901e-01
8.733199999999999852e-01 1.580239999999999978e-01
7.229179999999999495e-01 2.963230000000000031e-01
5.809320000000000039e-01 2.030049999999999910e-01
7.296369999999999800e-01 3.119299999999999851e-02
8.089899999999999869e-01 -5.130900000000000044e-02
6.362440000000000317e-01 1.095880000000000049e-01
6.391820000000000279e-01 -4.987799999999999873e-02
6.353929999999999856e-01 1.096120000000000011e-01
6.071170000000000178e-01 7.368600000000000150e-02
7.622630000000000239e-01 3.991000000000000103e-02
8.344080000000000386e-01 3.430719999999999881e-01
6.100389999999999979e-01 2.027559999999999918e-01
5.513179999999999747e-01 1.642730000000000024e-01
5.783040000000000402e-01 5.296700000000000019e-02
3.987910000000000066e-01 8.338800000000000379e-02
7.678559999999999830e-01 1.520299999999999950e-02
7.371900000000000119e-01 -9.286200000000000010e-02
6.995660000000000212e-01 4.757800000000000223e-02
7.826520000000000143e-01 2.598400000000000154e-01
8.062049999999999494e-01 2.829999999999999877e-02
7.872940000000000493e-01 1.747680000000000067e-01
8.222549999999999581e-01 -7.190499999999999670e-02
7.384230000000000516e-01 2.982900000000000135e-02
5.330219999999999958e-01 -1.347490000000000077e-01
7.741559999999999553e-01 -8.877200000000000368e-02
6.970739999999999714e-01 2.974220000000000197e-01
7.952219999999999844e-01 1.532749999999999946e-01
7.657190000000000385e-01 1.788530000000000120e-01
7.495239999999999680e-01 9.902800000000000491e-02
5.933680000000000065e-01 1.472209999999999908e-01
7.211560000000000192e-01 6.183400000000000007e-02
6.942540000000000378e-01 -5.585199999999999887e-02
6.927799999999999514e-01 -1.217889999999999945e-01
6.901800000000000157e-01 8.670500000000000429e-02
7.445749999999999869e-01 -7.534799999999999831e-02
8.286940000000000417e-01 3.713910000000000267e-01
6.412579999999999947e-01 -5.529099999999999987e-02
7.957279999999999909e-01 7.118299999999999628e-02
7.989100000000000090e-01 1.923439999999999872e-01
6.933080000000000354e-01 1.156439999999999968e-01
7.366249999999999742e-01 1.535749999999999893e-01
7.556530000000000191e-01 -9.107999999999999430e-02
7.732069999999999776e-01 1.333979999999999888e-01
5.941220000000000390e-01 9.273999999999999258e-03
7.051570000000000338e-01 3.485300000000000203e-02
7.592430000000000012e-01 4.198799999999999755e-02
6.761850000000000360e-01 1.491879999999999873e-01
7.182560000000000056e-01 1.517139999999999878e-01
4.475850000000000106e-01 9.482200000000000351e-02
6.686790000000000234e-01 4.605999999999999678e-02
3.837599999999999900e-01 2.266739999999999866e-01
6.220069999999999766e-01 9.458800000000000541e-02
7.586349999999999483e-01 7.032199999999999562e-02
6.021119999999999806e-01 2.379969999999999863e-01
7.890019999999999811e-01 -1.147669999999999940e-01
6.507690000000000419e-01 4.665400000000000102e-02
9.468189999999999662e-01 1.897099999999999828e-02
6.857250000000000290e-01 -3.932499999999999885e-02
8.333880000000000177e-01 8.710000000000000728e-03
6.019210000000000393e-01 2.217729999999999979e-01
6.725470000000000059e-01 4.320829999999999949e-01
5.815759999999999819e-01 -2.599890000000000256e-01
7.207559999999999523e-01 -1.102520000000000028e-01
6.470749999999999558e-01 -2.034040000000000015e-01
6.701110000000000122e-01 2.153220000000000134e-01
7.343380000000000463e-01 8.882299999999999918e-02
7.878249999999999975e-01 -3.344899999999999957e-02
6.389320000000000555e-01 3.197499999999999787e-01
5.137519999999999865e-01 2.209840000000000138e-01
7.601059999999999484e-01 5.684299999999999770e-02
6.559930000000000483e-01 9.291699999999999959e-02
5.775599999999999623e-01 1.943259999999999987e-01
7.538580000000000281e-01 2.865039999999999809e-01
