5.810400000000000009e-01 -1.003340000000000065e-01
5.288559999999999928e-01 -2.680179999999999785e-01
4.693559999999999954e-01 4.800530000000000075e-01
5.335229999999999695e-01 -3.662949999999999817e-01
7.285639999999999894e-01 1.440849999999999909e-01
5.754249999999999643e-01 3.362400000000000111e-02
6.236059999999999937e-01 1.666769999999999918e-01
5.560359999999999747e-01 2.170549999999999979e-01
4.523030000000000106e-01 3.413939999999999753e-01
5.425539999999999807e-01 3.426799999999999985e-02
5.254159999999999942e-01 3.955440000000000067e-01
-6.983850000000000335e-01 4.870650000000000257e-01
-7.523699999999999832e-01 2.031479999999999952e-01
-7.065740000000000354e-01 1.790190000000000115e-01
-3.937939999999999774e-01 7.315169999999999728e-01
-8.661769999999999747e-01 4.481280000000000263e-01
-6.228460000000000107e-01 5.573150000000000048e-01
-6.393820000000000059e-01 3.425980000000000136e-01
-3.255879999999999885e-01 4.109119999999999995e-01
-5.127840000000000176e-01 6.855419999999999847e-01
-7.747359999999999802e-01 4.716759999999999842e-01
-6.382670000000000288e-01 4.705119999999999858e-01
-4.991700000000000026e-01 5.324740000000000029e-01
-2.433480000000000087e-01 5.215809999999999613e-01
7.545429999999999637e-01 -4.769099999999999728e-02
6.983200000000000518e-01 -2.136300000000000004e-02
7.187909999999999577e-01 3.438519999999999910e-01
8.225770000000000026e-01 2.699940000000000118e-01
6.332510000000000083e-01 3.938380000000000214e-01
7.922369999999999690e-01 9.535399999999999432e-02
3.616969999999999907e-01 -1.144529999999999992e-01
7.085169999999999524e-01 3.360409999999999786e-01
6.390970000000000262e-01 -3.594900000000000179e-02
6.684989999999999544e-01 8.914099999999999802e-02
7.352610000000000534e-01 -1.123289999999999983e-01
6.153149999999999453e-01 2.104290000000000049e-01
6.227840000000000042e-01 -9.409099999999999409e-02
7.258609999999999784e-01 2.069900000000000073e-01
5.609579999999999567e-01 2.205040000000000056e-01
6.463389999999999969e-01 3.506900000000000295e-02
4.692999999999999949e-01 2.629770000000000163e-01
5.433440000000000492e-01 -1.468990000000000018e-01
6.891279999999999628e-01 4.676660000000000261e-01
7.647979999999999778e-01 2.949930000000000052e-01
8.200650000000000439e-01 1.636559999999999959e-01
5.550659999999999483e-01 1.234289999999999971e-01
5.524580000000000046e-01 -1.726300000000000057e-02
5.426790000000000225e-01 8.612000000000000210e-02
7.214000000000000412e-01 1.158320000000000044e-01
6.080579999999999874e-01 -9.488499999999999712e-02
5.340040000000000342e-01 3.894909999999999761e-01
6.412339999999999707e-01 4.236849999999999783e-01
4.806579999999999742e-01 -1.396610000000000074e-01
6.598429999999999573e-01 1.277900000000000043e-02
5.957820000000000338e-01 -6.688900000000000401e-02
7.628909999999999858e-01 -4.478779999999999983e-01
6.141959999999999642e-01 1.273900000000000032e-01
5.591340000000000199e-01 7.211199999999999555e-02
-4.447980000000000267e-01 6.111389999999999878e-01
-6.275830000000000020e-01 -5.426600000000000174e-02
-4.994230000000000058e-01 -5.496399999999999897e-02
-7.249790000000000401e-01 1.783440000000000025e-01
-5.171419999999999906e-01 3.053299999999999903e-01
-3.468120000000000092e-01 4.897400000000000087e-01
-7.845490000000000519e-01 1.987140000000000017e-01
-6.529449999999999976e-01 4.012009999999999743e-01
-1.954019999999999924e-01 5.242809999999999970e-01
5.325339999999999518e-01 4.310169999999999835e-01
-4.420339999999999825e-01 3.334699999999999886e-01
6.809429999999999650e-01 3.737420000000000186e-01
6.725849999999999884e-01 -1.288610000000000033e-01
6.119470000000000187e-01 1.103979999999999961e-01
5.188319999999999599e-01 4.758740000000000192e-01
4.038630000000000275e-01 4.248370000000000202e-01
6.364840000000000497e-01 5.620300000000000296e-02
5.760330000000000172e-01 -1.883529999999999927e-01
7.559470000000000356e-01 1.084050000000000014e-01
7.730350000000000277e-01 -6.627399999999999958e-02
7.277150000000000007e-01 8.095399999999999818e-02
6.459390000000000409e-01 -1.947949999999999959e-01
6.245549999999999713e-01 -2.942150000000000043e-01
5.241299999999999848e-01 1.983540000000000025e-01
6.474259999999999460e-01 1.748260000000000092e-01
8.108079999999999732e-01 1.886529999999999874e-01
6.525680000000000369e-01 3.271379999999999844e-01
5.269909999999999872e-01 -3.594740000000000157e-01
4.607229999999999936e-01 2.037599999999999828e-02
4.830110000000000237e-01 5.378700000000000148e-02
4.324919999999999876e-01 -1.488269999999999871e-01
4.887099999999999778e-01 1.771030000000000104e-01
7.005909999999999638e-01 1.332589999999999886e-01
6.894749999999999490e-01 3.003250000000000086e-01
5.669640000000000235e-01 -1.652919999999999945e-01
7.807800000000000296e-01 1.709839999999999971e-01
6.713459999999999983e-01 1.716020000000000045e-01
5.862159999999999593e-01 -3.037199999999999969e-02
6.802839999999999998e-01 1.634309999999999929e-01
6.010959999999999637e-01 2.531869999999999954e-01
7.513419999999999543e-01 -1.407200000000000117e-01
5.635310000000000041e-01 -1.936259999999999926e-01
5.954690000000000261e-01 3.084500000000000020e-01
7.897170000000000023e-01 2.381149999999999933e-01
5.522089999999999499e-01 5.159000000000000252e-01
7.881610000000000005e-01 -7.688000000000000389e-02
5.008099999999999774e-01 5.088709999999999622e-01
7.829420000000000268e-01 2.985369999999999968e-01
7.083169999999999744e-01 -2.058300000000000060e-02
7.416859999999999564e-01 1.192620000000000069e-01
6.915419999999999900e-01 4.916260000000000074e-01
8.264169999999999572e-01 2.012819999999999887e-01
4.401550000000000185e-01 1.906140000000000057e-01
5.987620000000000164e-01 -1.122299999999999964e-01
6.501780000000000337e-01 3.826809999999999934e-01
7.630789999999999518e-01 4.394989999999999730e-01
8.666639999999999899e-01 7.108299999999999341e-02
5.518180000000000307e-01 5.013140000000000374e-01
4.370760000000000201e-01 8.391500000000000348e-02
5.386729999999999574e-01 6.388970000000000482e-01
5.724270000000000191e-01 3.178969999999999851e-01
5.997569999999999846e-01 -9.722400000000000486e-02
5.197330000000000005e-01 8.303099999999999370e-02
3.420920000000000072e-01 5.649760000000000337e-01
6.925890000000000102e-01 5.804249999999999687e-01
5.735510000000000330e-01 3.071119999999999961e-01
5.636109999999999731e-01 5.368829999999999991e-01
5.128260000000000041e-01 4.351530000000000120e-01
6.164110000000000422e-01 2.433019999999999905e-01
5.495670000000000277e-01 2.572769999999999779e-01
7.490879999999999761e-01 -7.390700000000000047e-02
4.367750000000000243e-01 2.451699999999999990e-01
3.220790000000000042e-01 4.446829999999999949e-01
5.172379999999999756e-01 5.395240000000000036e-01
5.516130000000000200e-01 6.220360000000000333e-01
3.163460000000000161e-01 3.683060000000000223e-01
6.545910000000000339e-01 1.159759999999999958e-01
8.012329999999999730e-01 -2.214720000000000022e-01
7.496669999999999723e-01 3.608299999999999702e-02
5.250519999999999632e-01 -1.561990000000000045e-01
6.656069999999999487e-01 1.180319999999999980e-01
6.625560000000000338e-01 -3.106539999999999857e-01
7.659449999999999870e-01 -2.772300000000000111e-02
7.326059999999999794e-01 1.338400000000000006e-02
6.461799999999999766e-01 -1.461929999999999896e-01
4.693129999999999802e-01 -3.629390000000000116e-01
4.401499999999999857e-01 -2.640719999999999734e-01
3.952890000000000015e-01 5.116650000000000365e-01
4.551680000000000170e-01 -1.857610000000000094e-01
4.925640000000000018e-01 -2.469400000000000067e-02
6.506250000000000089e-01 -1.405889999999999918e-01
6.842120000000000424e-01 -2.985479999999999801e-01
7.169309999999999850e-01 -2.005639999999999923e-01
7.998279999999999834e-01 -3.206200000000000022e-02
7.018849999999999811e-01 1.614659999999999984e-01
3.156970000000000054e-01 6.573550000000000226e-01
5.459150000000000391e-01 5.510319999999999663e-01
1.032610000000000056e-01 6.781099999999999628e-02
4.513670000000000182e-01 3.389780000000000015e-01
5.914369999999999905e-01 2.824929999999999941e-01
4.227090000000000014e-01 -6.540200000000000180e-02
6.831890000000000462e-01 4.915640000000000009e-01
6.389420000000000099e-01 5.597499999999999698e-01
5.896409999999999707e-01 2.939169999999999838e-01
5.960619999999999807e-01 2.331330000000000069e-01
6.111680000000000446e-01 6.161200000000000010e-02
5.419880000000000253e-01 -8.966100000000000458e-02
3.731510000000000105e-01 3.474439999999999751e-01
5.098829999999999751e-01 2.082300000000000123e-02
5.571070000000000189e-01 3.275410000000000266e-01
5.789239999999999942e-01 1.429499999999999937e-01
6.064340000000000286e-01 -2.707809999999999939e-01
5.752009999999999623e-01 2.631800000000000250e-01
3.730850000000000000e-01 1.071509999999999962e-01
3.242680000000000007e-01 -5.288500000000000145e-02
4.277690000000000103e-01 5.343320000000000292e-01
7.140379999999999505e-01 -1.525920000000000054e-01
6.407329999999999970e-01 1.638179999999999914e-01
5.717900000000000205e-01 3.014899999999999802e-01
5.459359999999999769e-01 3.246910000000000074e-01
6.760880000000000223e-01 5.415480000000000294e-01
5.262639999999999540e-01 8.058300000000000185e-02
6.904609999999999914e-01 5.664940000000000531e-01
7.387420000000000098e-01 1.782140000000000113e-01
6.005770000000000275e-01 2.554420000000000024e-01
6.854529999999999790e-01 -2.343900000000000150e-02
5.973169999999999868e-01 2.419300000000000062e-01
8.314409999999999856e-01 2.094689999999999885e-01
6.993850000000000344e-01 9.606399999999999662e-02
5.051179999999999559e-01 -7.948000000000000204e-03
6.867020000000000346e-01 2.635060000000000180e-01
5.845930000000000293e-01 2.872500000000000053e-01
6.932979999999999698e-01 -9.155900000000000150e-02
5.179420000000000135e-01 2.839869999999999894e-01
5.625499999999999945e-01 1.877379999999999882e-01
6.822409999999999863e-01 9.387700000000000211e-02
7.776589999999999892e-01 4.222800000000000165e-02
6.785039999999999960e-01 2.858229999999999937e-01
6.156049999999999578e-01 1.257100000000000058e-02
6.827940000000000120e-01 6.247599999999999681e-02
4.740420000000000189e-01 -2.978790000000000049e-01
5.697379999999999667e-01 -2.693840000000000123e-01
8.174890000000000212e-01 1.060429999999999984e-01
6.979880000000000528e-01 -3.139399999999999830e-02
5.840269999999999628e-01 3.350569999999999937e-01
5.480319999999999636e-01 3.296229999999999993e-01
6.484950000000000436e-01 7.611400000000000110e-02
5.066629999999999745e-01 2.815399999999999847e-02
6.517849999999999477e-01 2.974060000000000037e-01
6.051619999999999777e-01 6.655600000000000405e-02
5.724059999999999704e-01 6.311600000000000543e-02
6.563330000000000553e-01 7.657999999999999877e-03
4.887230000000000185e-01 -1.835699999999999832e-02
6.599739999999999496e-01 -1.823029999999999928e-01
5.612449999999999939e-01 -2.360420000000000018e-01
5.856069999999999887e-01 2.956630000000000091e-01
5.786430000000000184e-01 3.298740000000000006e-01
5.278519999999999879e-01 3.494990000000000041e-01
6.523919999999999719e-01 -6.376199999999999923e-02
5.050580000000000069e-01 -1.372699999999999962e-02
5.397929999999999673e-01 3.766400000000000303e-02
7.003289999999999793e-01 1.100129999999999997e-01
6.254129999999999967e-01 1.730250000000000121e-01
5.227079999999999504e-01 -2.184480000000000033e-01
8.154350000000000209e-01 -9.244399999999999840e-02
5.740340000000000442e-01 -1.366010000000000002e-01
4.938770000000000104e-01 7.455999999999999954e-03
8.122129999999999628e-01 1.186620000000000036e-01
7.027750000000000385e-01 3.927200000000000135e-02
7.300860000000000127e-01 -1.623549999999999993e-01
6.622689999999999966e-01 1.353890000000000093e-01
8.131369999999999987e-01 -1.779999999999999898e-04
8.307679999999999509e-01 2.268409999999999871e-01
4.717689999999999939e-01 -4.218999999999999834e-02
5.700079999999999592e-01 -2.770250000000000212e-01
6.520789999999999642e-01 1.874159999999999993e-01
6.384760000000000435e-01 -2.006729999999999903e-01
6.796200000000000019e-01 4.420620000000000105e-01
6.039539999999999909e-01 6.969499999999999307e-02
7.328459999999999974e-01 -5.755400000000000099e-02
6.264480000000000048e-01 1.348030000000000062e-01
7.252750000000000030e-01 7.293950000000000156e-01
7.478439999999999532e-01 4.835420000000000273e-01
8.252789999999999848e-01 1.347879999999999912e-01
6.980600000000000138e-01 3.864810000000000190e-01
7.429799999999999738e-01 1.433919999999999917e-01
7.000349999999999628e-01 1.444280000000000008e-01
7.323309999999999542e-01 5.999899999999999678e-02
6.841949999999999976e-01 4.004730000000000234e-01
6.859570000000000389e-01 2.349960000000000104e-01
7.552459999999999729e-01 -2.475289999999999990e-01
7.109250000000000291e-01 2.599239999999999884e-01
7.353199999999999736e-01 -5.983100000000000224e-02
5.166410000000000169e-01 2.346719999999999917e-01
7.701550000000000340e-01 -1.421949999999999881e-01
5.787959999999999772e-01 1.656060000000000032e-01
7.681620000000000115e-01 1.433889999999999887e-01
5.258859999999999646e-01 3.948420000000000263e-01
5.952560000000000073e-01 1.804429999999999923e-01
7.169750000000000290e-01 1.366099999999999953e-02
5.659170000000000034e-01 -1.045800000000000028e-02
5.479920000000000346e-01 1.159619999999999956e-01
7.485939999999999817e-01 3.002940000000000054e-01
7.064709999999999601e-01 8.963599999999999346e-02
4.012299999999999756e-01 5.650370000000000115e-01
7.186780000000000390e-01 4.386650000000000271e-01
8.032179999999999875e-01 9.312000000000000832e-03
6.144220000000000237e-01 -8.031399999999999650e-02
8.561419999999999586e-01 1.339210000000000123e-01
5.800969999999999738e-01 1.548509999999999887e-01
4.290470000000000117e-01 4.704809999999999826e-01
7.920690000000000230e-01 -2.553000000000000148e-03
6.288489999999999913e-01 -7.672000000000000000e-03
8.249760000000000426e-01 5.248499999999999693e-02
6.182819999999999983e-01 8.278000000000000635e-02
6.412750000000000394e-01 1.777459999999999873e-01
7.013490000000000002e-01 5.396499999999999908e-02
6.379120000000000346e-01 -1.765809999999999880e-01
7.103469999999999507e-01 3.984399999999999747e-02
7.064909999999999801e-01 1.090649999999999953e-01
7.719089999999999563e-01 1.181590000000000001e-01
7.812050000000000383e-01 -4.354100000000000331e-02
6.550350000000000339e-01 2.386109999999999898e-01
4.821599999999999775e-01 4.859950000000000103e-01
8.144789999999999530e-01 3.345299999999999663e-02
5.866130000000000511e-01 -3.774000000000000271e-02
4.907920000000000060e-01 3.494630000000000236e-01
7.042300000000000226e-01 -2.105650000000000022e-01
6.678209999999999980e-01 7.700200000000000100e-02
8.538189999999999946e-01 1.024980000000000058e-01
6.777100000000000346e-01 1.401509999999999978e-01
8.124350000000000183e-01 4.426200000000000273e-02
7.381199999999999983e-01 2.233940000000000092e-01
6.930429999999999646e-01 -1.796499999999999833e-02
6.966139999999999555e-01 3.665399999999999769e-01
7.130459999999999576e-01 3.904440000000000133e-01
5.661869999999999958e-01 -2.609099999999999753e-01
6.511649999999999938e-01 2.884619999999999962e-01
6.933129999999999571e-01 6.199199999999999849e-02
8.261370000000000102e-01 4.337900000000000089e-02
6.238259999999999916e-01 -2.783800000000000163e-02
7.075810000000000155e-01 5.050099999999999728e-02
7.802580000000000071e-01 7.600300000000000111e-02
4.875419999999999754e-01 -2.123780000000000112e-01
5.783300000000000107e-01 7.078199999999999770e-02
7.417369999999999797e-01 3.970810000000000173e-01
4.165159999999999973e-01 4.179700000000000082e-02
5.887059999999999516e-01 3.989499999999999991e-02
6.380109999999999948e-01 1.319349999999999967e-01
6.369989999999999819e-01 1.003349999999999936e-01
6.360980000000000523e-01 6.206099999999999811e-02
6.409019999999999717e-01 6.638700000000000156e-02
4.466579999999999995e-01 6.477579999999999449e-01
7.737779999999999658e-01 1.087469999999999964e-01
6.854940000000000477e-01 2.777749999999999941e-01
6.236000000000000432e-01 4.940900000000000153e-02
5.469659999999999522e-01 5.793730000000000269e-01
6.954240000000000421e-01 9.199000000000000232e-02
6.879509999999999792e-01 3.715799999999999659e-02
5.602070000000000105e-01 1.258199999999999943e-02
7.027710000000000345e-01 1.767200000000000021e-02
7.106170000000000542e-01 6.389899999999999747e-02
6.949229999999999574e-01 3.200230000000000019e-01
5.157779999999999587e-01 6.734099999999999808e-02
6.867680000000000451e-01 -4.050999999999999913e-03
6.335560000000000080e-01 3.212019999999999875e-01
5.506450000000000511e-01 1.274220000000000075e-01
7.335209999999999786e-01 1.769429999999999892e-01
6.783109999999999973e-01 1.364209999999999867e-01
6.017219999999999791e-01 2.321370000000000100e-01
8.271230000000000526e-01 -1.064800000000000052e-01
4.403309999999999724e-01 1.048509999999999998e-01
6.571059999999999679e-01 -1.330649999999999888e-01
7.377669999999999506e-01 1.361030000000000018e-01
7.393600000000000172e-01 9.574699999999999878e-02
6.764299999999999757e-01 2.061899999999999844e-02
7.379099999999999548e-01 1.737640000000000018e-01
6.183539999999999592e-01 3.028970000000000273e-01
6.259029999999999871e-01 2.018359999999999876e-01
6.775780000000000136e-01 -3.278999999999999970e-02
6.446169999999999956e-01 1.413149999999999962e-01
5.811600000000000099e-01 -1.197399999999999992e-01
6.476920000000000455e-01 -4.653199999999999698e-02
6.250040000000000040e-01 -1.591599999999999959e-02
6.234150000000000524e-01 5.910999999999999588e-03
6.481759999999999744e-01 2.391349999999999865e-01
5.946449999999999791e-01 4.413900000000000046e-01
5.086709999999999843e-01 2.003729999999999956e-01
6.331130000000000368e-01 2.283050000000000079e-01
5.835449999999999804e-01 -5.769500000000000323e-02
7.018079999999999874e-01 9.164300000000000224e-02
5.371559999999999668e-01 3.740600000000000036e-01
7.859490000000000087e-01 1.825000000000000016e-03
7.759369999999999878e-01 -1.012080000000000063e-01
6.998579999999999801e-01 8.276999999999999635e-02
5.849189999999999667e-01 1.465430000000000066e-01
8.725640000000000063e-01 6.062300000000000327e-02
7.004070000000000018e-01 1.218000000000000055e-01
5.842530000000000223e-01 4.233489999999999753e-01
4.944330000000000114e-01 -7.059699999999999309e-02
6.020130000000000203e-01 -5.493300000000000266e-02
3.246879999999999766e-01 -1.260979999999999879e-01
6.908279999999999976e-01 -6.296999999999999646e-03
4.059679999999999955e-01 3.207059999999999911e-01
4.779269999999999907e-01 3.621000000000000087e-03
5.585820000000000229e-01 5.824000000000000184e-03
5.867189999999999905e-01 1.927069999999999894e-01
3.906729999999999925e-01 1.915920000000000123e-01
6.226859999999999618e-01 -1.569999999999999998e-03
6.688699999999999646e-01 1.873370000000000035e-01
4.515689999999999982e-01 -5.436599999999999766e-02
6.041750000000000176e-01 4.027939999999999854e-01
-6.114000000000000545e-01 2.797789999999999999e-01
-4.319129999999999914e-01 1.723959999999999937e-01
3.708429999999999782e-01 4.877889999999999726e-01
6.206949999999999967e-01 1.539830000000000088e-01
6.747410000000000352e-01 2.241239999999999899e-01
6.552189999999999959e-01 1.265640000000000098e-01
5.010820000000000274e-01 4.323890000000000233e-01
2.157560000000000033e-01 3.938340000000000174e-01
3.102989999999999915e-01 5.735200000000000298e-01
5.931340000000000501e-01 4.644369999999999887e-01
7.119419999999999638e-01 1.021220000000000044e-01
5.473729999999999984e-01 4.545500000000000235e-02
5.290319999999999467e-01 3.411210000000000075e-01
6.121400000000000174e-01 2.725380000000000025e-01
6.470679999999999765e-01 1.027509999999999951e-01
5.301059999999999661e-01 4.739570000000000172e-01
5.791870000000000074e-01 4.542570000000000219e-01
7.285390000000000477e-01 -8.874500000000000444e-02
5.757160000000000055e-01 5.722559999999999869e-01
6.175469999999999571e-01 -8.597200000000000675e-02
7.806689999999999463e-01 -2.344999999999999862e-03
7.997619999999999729e-01 2.021299999999999833e-02
8.396749999999999492e-01 1.627349999999999908e-01
6.959640000000000271e-01 1.284949999999999981e-01
6.504760000000000542e-01 3.070459999999999856e-01
6.321569999999999689e-01 -1.261450000000000071e-01
6.767349999999999755e-01 1.329490000000000116e-01
7.506300000000000194e-01 -5.278399999999999759e-02
7.583820000000000006e-01 -3.675199999999999995e-02
8.108910000000000284e-01 1.236580000000000040e-01
8.762250000000000316e-01 1.661860000000000004e-01
8.966180000000000261e-01 1.695859999999999868e-01
6.232839999999999492e-01 -6.843000000000000471e-02
7.264220000000000121e-01 6.255099999999999549e-02
8.848690000000000166e-01 1.525130000000000097e-01
6.420360000000000511e-01 -2.879999999999999921e-02
7.270330000000000403e-01 1.112709999999999949e-01
7.525659999999999572e-01 -2.626900000000000068e-02
6.834350000000000147e-01 2.709010000000000029e-01
5.701079999999999481e-01 -3.140660000000000118e-01
5.906360000000000499e-01 4.177230000000000110e-01
3.480159999999999920e-01 7.054499999999999660e-02
6.080480000000000329e-01 3.382069999999999799e-01
6.726959999999999607e-01 -2.562599999999999947e-02
5.362219999999999764e-01 4.475770000000000026e-01
3.725049999999999750e-01 -4.830439999999999734e-01
3.589089999999999780e-01 -2.566390000000000060e-01
4.306409999999999960e-01 -2.473680000000000045e-01
6.603999999999999870e-01 -1.296950000000000047e-01
4.561299999999999799e-01 5.175549999999999873e-01
5.324510000000000076e-01 -1.945020000000000082e-01
6.407000000000000473e-01 5.076220000000000176e-01
6.952920000000000211e-01 2.469359999999999888e-01
5.902190000000000492e-01 5.199160000000000448e-01
5.265499999999999625e-01 3.159899999999999931e-01
6.793630000000000502e-01 6.466600000000000126e-02
4.674710000000000254e-01 1.335629999999999873e-01
5.562279999999999447e-01 2.048449999999999993e-01
6.445880000000000498e-01 -2.870000000000000155e-03
6.384710000000000107e-01 -1.567500000000000143e-02
5.984230000000000382e-01 2.903890000000000082e-01
5.925259999999999971e-01 -8.123099999999999765e-02
6.142260000000000497e-01 3.369360000000000133e-01
5.798529999999999518e-01 2.361880000000000090e-01
7.167810000000000015e-01 -1.124070000000000069e-01
8.363019999999999898e-01 1.130850000000000050e-01
7.177390000000000159e-01 4.757499999999999923e-02
5.442420000000000035e-01 -5.696899999999999881e-02
4.884330000000000060e-01 3.323409999999999975e-01
4.152500000000000080e-01 5.482839999999999936e-01
7.590230000000000032e-01 3.554399999999999921e-02
2.601220000000000199e-01 7.290940000000000198e-01
6.899180000000000312e-01 -2.668399999999999939e-02
6.393999999999999684e-01 1.171859999999999985e-01
6.875520000000000520e-01 3.134560000000000124e-01
6.021919999999999495e-01 -5.227099999999999802e-02
6.289259999999999851e-01 1.631029999999999980e-01
6.820060000000000011e-01 -1.174309999999999937e-01
7.298339999999999828e-01 4.490669999999999940e-01
5.088470000000000493e-01 1.851720000000000033e-01
6.466319999999999846e-01 2.321469999999999922e-01
5.895610000000000017e-01 7.906199999999999339e-02
3.238150000000000195e-01 6.365039999999999587e-01
5.857149999999999856e-01 -8.399299999999999822e-02
4.993000000000000216e-01 9.404200000000000059e-02
2.809119999999999950e-01 -1.229009999999999964e-01
6.181489999999999485e-01 1.270100000000000118e-01
7.512609999999999566e-01 1.414839999999999987e-01
7.661940000000000417e-01 5.301700000000000162e-02
6.563579999999999970e-01 -3.785029999999999784e-01
4.208339999999999859e-01 -4.464609999999999967e-01
7.225359999999999561e-01 9.389999999999999736e-02
6.450259999999999883e-01 2.223169999999999868e-01
2.031429999999999902e-01 -4.678570000000000229e-01
6.614060000000000494e-01 -1.936950000000000061e-01
6.946329999999999449e-01 -4.301860000000000128e-01
6.579439999999999733e-01 2.975160000000000027e-01
6.049759999999999582e-01 1.917299999999999907e-02
5.719419999999999504e-01 -3.290499999999999675e-02
5.177270000000000483e-01 5.588429999999999787e-01
2.704550000000000010e-01 3.652920000000000056e-01
5.562200000000000477e-01 2.324410000000000087e-01
5.580150000000000388e-01 4.945169999999999844e-01
5.959699999999999998e-01 2.108079999999999954e-01
7.158120000000000038e-01 4.398560000000000247e-01
4.654119999999999924e-01 5.374899999999999817e-02
4.461890000000000023e-01 5.002020000000000355e-01
5.421930000000000360e-01 2.303300000000000070e-01
6.454600000000000337e-01 2.510069999999999801e-01
5.156910000000000105e-01 -3.459099999999999675e-02
3.265099999999999947e-02 5.301510000000000389e-01
6.039839999999999653e-01 1.725810000000000122e-01
6.476899999999999880e-01 3.444799999999999945e-02
6.182039999999999758e-01 -9.097099999999999631e-02
6.276770000000000405e-01 2.813880000000000270e-01
8.486730000000000107e-01 2.698999999999999733e-01
6.346979999999999844e-01 4.027769999999999961e-01
3.164930000000000243e-01 6.555440000000000156e-01
6.079369999999999497e-01 -2.887500000000000136e-02
5.392869999999999608e-01 1.712970000000000048e-01
5.934739999999999460e-01 2.272820000000000118e-01
5.030719999999999636e-01 2.078560000000000130e-01
5.822779999999999623e-01 4.199709999999999832e-01
3.002159999999999829e-01 2.067579999999999973e-01
6.088050000000000406e-01 2.753320000000000212e-01
2.818680000000000074e-01 3.033179999999999765e-01
5.250540000000000207e-01 5.164969999999999839e-01
3.844090000000000007e-01 5.383630000000000360e-01
4.708579999999999988e-01 4.926459999999999728e-01
4.792359999999999953e-01 6.432039999999999980e-01
6.133530000000000371e-01 1.034319999999999962e-01
5.305659999999999821e-01 5.347099999999999770e-02
6.063579999999999526e-01 1.898070000000000035e-01
6.732080000000000286e-01 2.896719999999999851e-01
6.374610000000000554e-01 1.392750000000000099e-01
2.989490000000000203e-01 4.704720000000000013e-01
6.167719999999999869e-01 -9.768000000000000640e-03
4.419879999999999920e-01 1.797529999999999961e-01
4.787750000000000061e-01 3.436999999999999951e-03
7.772679999999999589e-01 2.608010000000000050e-01
5.073330000000000339e-01 6.830739999999999590e-01
3.088139999999999774e-01 3.876560000000000006e-01
7.760380000000000056e-01 -9.824399999999999800e-02
6.019010000000000193e-01 3.299320000000000030e-01
6.662050000000000471e-01 2.518799999999999858e-02
4.015130000000000088e-01 4.054010000000000113e-01
5.389570000000000194e-01 4.849680000000000102e-01
5.043119999999999825e-01 -4.649299999999999961e-02
5.148239999999999483e-01 -2.388550000000000118e-01
5.214710000000000178e-01 5.963700000000000251e-02
8.261060000000000070e-01 6.545299999999999729e-02
5.487079999999999735e-01 5.607109999999999594e-01
4.806199999999999917e-01 2.925240000000000062e-01
3.728110000000000035e-01 4.159039999999999959e-01
6.504210000000000269e-01 1.440649999999999986e-01
4.729499999999999815e-01 2.975079999999999947e-01
5.903429999999999511e-01 6.162400000000000100e-01
5.959130000000000260e-01 3.449820000000000109e-01
4.702609999999999846e-01 4.399759999999999782e-01
5.335010000000000030e-01 2.708090000000000219e-01
4.605069999999999997e-01 5.619999999999999996e-02
6.965879999999999850e-01 2.751899999999999832e-02
4.050199999999999911e-01 7.942599999999999660e-02
5.683540000000000258e-01 5.183069999999999622e-01
4.884069999999999800e-01 9.948200000000000098e-02
5.204039999999999777e-01 4.647180000000000200e-01
5.204499999999999682e-01 4.911809999999999787e-01
5.244410000000000460e-01 3.470949999999999869e-01
4.553200000000000025e-01 -7.262000000000000226e-03
5.028660000000000352e-01 -2.787950000000000150e-01
7.164509999999999490e-01 5.488269999999999538e-01
7.219940000000000246e-01 2.919889999999999985e-01
3.790549999999999753e-01 4.293359999999999954e-01
6.302339999999999609e-01 2.754260000000000042e-01
3.618939999999999935e-01 -2.384650000000000103e-01
5.641340000000000243e-01 4.986340000000000217e-01
5.260580000000000256e-01 -4.670799999999999952e-02
4.988920000000000021e-01 5.054499999999999549e-01
5.150099999999999678e-01 3.334139999999999882e-01
4.926550000000000096e-01 5.776459999999999928e-01
5.636010000000000186e-01 -7.642400000000000582e-02
6.201299999999999590e-01 1.873120000000000063e-01
7.191629999999999967e-01 -9.090099999999999569e-02
3.928070000000000173e-01 5.612449999999999939e-01
7.051870000000000083e-01 1.648159999999999903e-01
-4.886210000000000275e-01 5.726210000000000466e-01
-5.069620000000000237e-01 7.672600000000000531e-01
-6.272870000000000390e-01 3.768259999999999943e-01
-6.676400000000000112e-01 1.000729999999999953e-01
-7.390769999999999840e-01 3.815850000000000075e-01
-8.029870000000000063e-01 2.791980000000000017e-01
-4.900399999999999756e-01 3.571849999999999747e-01
-6.103030000000000399e-01 1.854310000000000125e-01
6.491580000000000128e-01 2.298920000000000130e-01
5.233529999999999571e-01 2.462540000000000007e-01
5.623660000000000325e-01 6.493630000000000235e-01
5.121289999999999454e-01 4.146199999999999886e-01
6.007329999999999615e-01 9.793699999999999628e-02
5.042720000000000535e-01 6.253670000000000062e-01
4.389140000000000263e-01 2.480249999999999955e-01
4.997179999999999955e-01 4.505410000000000248e-01
6.323349999999999804e-01 4.946380000000000221e-01
1.924629999999999952e-01 5.307610000000000383e-01
4.170110000000000205e-01 3.030970000000000053e-01
6.048419999999999908e-01 3.279520000000000213e-01
3.607620000000000271e-01 4.461160000000000125e-01
6.222630000000000106e-01 1.621120000000000061e-01
5.213440000000000296e-01 6.572700000000000209e-01
5.251890000000000169e-01 3.272959999999999758e-01
4.608280000000000154e-01 5.332489999999999730e-01
3.499260000000000148e-01 2.409650000000000125e-01
5.792469999999999564e-01 5.926700000000000301e-01
4.916719999999999979e-01 1.708969999999999934e-01
4.521740000000000204e-01 6.150949999999999473e-01
6.129620000000000068e-01 2.675150000000000028e-01
4.476820000000000244e-01 3.938039999999999874e-01
5.535560000000000480e-01 1.140629999999999977e-01
3.513049999999999784e-01 5.677929999999999922e-01
4.499779999999999891e-01 4.865240000000000120e-01
4.410479999999999956e-01 5.792300000000000226e-02
7.014040000000000274e-01 -1.918399999999999966e-02
5.088549999999999462e-01 5.557560000000000278e-01
3.985770000000000146e-01 5.480420000000000291e-01
4.068010000000000237e-01 5.441629999999999523e-01
5.891809999999999548e-01 -1.361030000000000018e-01
3.984820000000000029e-01 1.327399999999999969e-01
6.250899999999999512e-02 3.532719999999999749e-01
5.680730000000000501e-01 3.234810000000000185e-01
3.862809999999999855e-01 1.274990000000000012e-01
4.678800000000000181e-01 3.273610000000000131e-01
6.618239999999999679e-01 5.069019999999999637e-01
3.741499999999999826e-01 6.144849999999999479e-01
6.486969999999999681e-01 -5.854399999999999882e-02
7.668030000000000124e-01 9.137299999999999589e-02
5.090540000000000065e-01 3.062090000000000090e-01
5.850269999999999637e-01 2.726080000000000170e-01
2.473470000000000113e-01 4.425029999999999797e-01
4.831099999999999839e-01 5.849609999999999532e-01
6.503550000000000164e-01 3.401629999999999932e-01
4.803149999999999920e-01 5.170489999999999808e-01
3.905210000000000070e-01 6.067879999999999940e-01
4.209570000000000256e-01 6.834590000000000387e-01
5.781610000000000360e-01 4.504500000000000171e-01
4.993929999999999758e-01 8.401560000000000139e-01
5.787229999999999874e-01 2.490670000000000106e-01
5.574270000000000058e-01 5.174389999999999823e-01
5.282390000000000141e-01 1.566659999999999997e-01
6.036789999999999656e-01 -5.629300000000000276e-02
4.618720000000000048e-01 5.994129999999999736e-01
7.068830000000000391e-01 3.327609999999999735e-01
4.578880000000000172e-01 3.247369999999999979e-01
6.774369999999999559e-01 7.769199999999999717e-02
7.248510000000000231e-01 8.432800000000000018e-02
2.124969999999999914e-01 -3.291689999999999894e-01
6.685670000000000224e-01 1.623640000000000083e-01
7.232600000000000140e-01 2.850210000000000243e-01
3.891660000000000119e-01 -4.682979999999999920e-01
6.859459999999999447e-01 1.130560000000000037e-01
5.710809999999999498e-01 3.964320000000000066e-01
5.338389999999999525e-01 2.579400000000000096e-02
7.058830000000000382e-01 9.796499999999999653e-02
6.822840000000000016e-01 3.976729999999999987e-01
7.315019999999999856e-01 2.023959999999999926e-01
5.472390000000000310e-01 4.883029999999999871e-01
6.793360000000000509e-01 1.513180000000000081e-01
6.317770000000000330e-01 1.498089999999999977e-01
5.311620000000000230e-01 4.090499999999999692e-02
6.063770000000000548e-01 3.145669999999999855e-01
6.288569999999999993e-01 2.989049999999999763e-01
6.582649999999999890e-01 5.140529999999999822e-01
5.366889999999999716e-01 6.008109999999999840e-01
7.621210000000000484e-01 -1.550299999999999942e-02
7.291440000000000143e-01 3.159499999999999809e-02
5.176150000000000473e-01 3.174799999999999844e-01
8.154679999999999707e-01 2.227429999999999966e-01
7.053850000000000398e-01 2.965949999999999975e-01
6.352090000000000236e-01 3.447890000000000121e-01
6.892789999999999750e-01 -1.158890000000000059e-01
6.654889999999999972e-01 4.736960000000000059e-01
6.171740000000000004e-01 -2.034970000000000112e-01
6.043709999999999916e-01 1.756880000000000108e-01
6.999090000000000034e-01 4.123269999999999991e-01
6.621939999999999493e-01 1.646680000000000088e-01
5.869680000000000453e-01 4.143290000000000028e-01
4.401610000000000245e-01 -4.903790000000000093e-01
5.792730000000000379e-01 2.405950000000000033e-01
6.011309999999999709e-01 1.369680000000000064e-01
6.239930000000000199e-01 5.388950000000000129e-01
7.468489999999999851e-01 3.091800000000000104e-02
6.671359999999999513e-01 4.288609999999999922e-01
5.493959999999999955e-01 -6.429999999999999605e-02
6.956919999999999771e-01 2.760699999999999960e-02
7.479609999999999870e-01 -9.570199999999999541e-02
4.859080000000000066e-01 -9.739499999999999547e-02
5.349270000000000413e-01 -2.335049999999999903e-01
6.090320000000000178e-01 5.943180000000000129e-01
7.311809999999999699e-01 -1.341650000000000065e-01
3.533229999999999982e-01 -4.373560000000000225e-01
7.570890000000000120e-01 -2.326100000000000043e-02
5.183569999999999567e-01 -1.262959999999999916e-01
6.994139999999999802e-01 4.708229999999999915e-01
7.955659999999999954e-01 5.050850000000000062e-01
6.345870000000000122e-01 -5.502499999999999752e-02
8.312469999999999581e-01 -5.213999999999999885e-03
6.742169999999999552e-01 2.460150000000000114e-01
7.348040000000000127e-01 -6.304800000000000681e-02
5.442730000000000068e-01 -5.245100000000000318e-01
5.407300000000000439e-01 3.109759999999999747e-01
6.001030000000000530e-01 1.227469999999999950e-01
6.761139999999999928e-01 2.388309999999999877e-01
5.161829999999999474e-01 -7.434200000000000530e-02
7.044569999999999999e-01 2.167989999999999917e-01
5.803350000000000453e-01 1.176630000000000037e-01
3.957260000000000222e-01 -1.260799999999999976e-01
6.792430000000000412e-01 -6.198300000000000337e-02
5.745139999999999691e-01 1.821349999999999913e-01
3.934619999999999784e-01 2.092219999999999913e-01
5.931260000000000421e-01 1.895820000000000005e-01
5.744920000000000027e-01 3.846899999999999764e-01
6.581930000000000280e-01 5.354489999999999528e-01
8.157109999999999639e-01 1.395250000000000101e-01
7.021629999999999816e-01 4.943489999999999829e-01
6.620679999999999898e-01 2.413889999999999925e-01
6.104509999999999659e-01 3.980770000000000142e-01
6.895930000000000115e-01 3.627299999999999969e-01
5.213849999999999874e-01 -3.171229999999999882e-01
5.348739999999999606e-01 4.531459999999999932e-01
5.128089999999999593e-01 2.197099999999999886e-01
6.549449999999999994e-01 4.048869999999999969e-01
6.912589999999999568e-01 1.847949999999999871e-01
4.083100000000000063e-01 6.362109999999999710e-01
6.146460000000000257e-01 3.614330000000000043e-01
7.308829999999999494e-01 4.528399999999999787e-02
6.660960000000000214e-01 3.314030000000000031e-01
4.009710000000000218e-01 5.731300000000000283e-01
1.558229999999999893e-01 4.968429999999999791e-01
6.221440000000000303e-01 5.194149999999999601e-01
3.774799999999999822e-01 4.569400000000000128e-01
6.411000000000000032e-01 -3.444000000000000013e-03
7.264720000000000066e-01 9.152000000000000413e-03
6.863590000000000524e-01 2.123790000000000122e-01
6.705929999999999946e-01 2.376689999999999914e-01
7.508599999999999719e-01 -2.378720000000000001e-01
6.539279999999999538e-01 -2.308400000000000035e-02
5.872370000000000090e-01 -1.387660000000000005e-01
7.156019999999999603e-01 1.782950000000000090e-01
6.096909999999999830e-01 -1.176589999999999997e-01
5.678549999999999986e-01 2.811000000000000165e-01
5.895160000000000400e-01 3.503029999999999755e-01
3.187760000000000038e-01 1.586999999999999869e-02
6.566809999999999592e-01 1.223179999999999962e-01
7.225749999999999673e-01 4.259970000000000145e-01
7.107130000000000392e-01 -1.477499999999999994e-02
6.769469999999999654e-01 -1.796439999999999981e-01
7.638179999999999970e-01 5.502679999999999794e-01
4.201130000000000142e-01 -2.627820000000000156e-01
7.357810000000000183e-01 4.263339999999999907e-01
6.514680000000000470e-01 3.081139999999999990e-01
6.476859999999999840e-01 5.091310000000000002e-01
8.185280000000000333e-01 2.059539999999999982e-01
4.263140000000000263e-01 7.967370000000000285e-01
6.767739999999999867e-01 3.975929999999999742e-01
6.930520000000000014e-01 1.009400000000000019e-01
8.053230000000000111e-01 1.067940000000000000e-01
5.391719999999999846e-01 1.356719999999999871e-01
8.075010000000000243e-01 4.052830000000000044e-01
7.283789999999999987e-01 9.135300000000000364e-02
6.889849999999999586e-01 5.125699999999999701e-02
7.772189999999999932e-01 -3.583979999999999944e-01
6.345330000000000137e-01 5.419220000000000148e-01
7.078280000000000127e-01 4.859720000000000151e-01
6.320540000000000047e-01 -9.332400000000000417e-02
6.766039999999999832e-01 2.762029999999999763e-01
6.277000000000000357e-01 1.198410000000000031e-01
7.516070000000000251e-01 2.425640000000000018e-01
6.112840000000000495e-01 1.456590000000000107e-01
7.086320000000000396e-01 3.911760000000000237e-01
5.634259999999999824e-01 3.048279999999999879e-01
5.237119999999999553e-01 3.523000000000000090e-03
6.821939999999999671e-01 2.791810000000000125e-01
7.485079999999999512e-01 3.278909999999999880e-01
7.911310000000000286e-01 2.884769999999999834e-01
7.415589999999999682e-01 -4.090000000000000211e-04
5.595510000000000206e-01 3.219400000000000039e-01
6.396650000000000391e-01 6.452700000000000102e-02
6.354880000000000528e-01 -5.524899999999999950e-02
6.365899999999999892e-01 -2.910000000000000260e-04
6.600139999999999896e-01 4.216650000000000120e-01
3.429940000000000211e-01 -4.907690000000000108e-01
3.491339999999999999e-01 5.851049999999999862e-01
6.281330000000000524e-01 5.884139999999999926e-01
7.517859999999999543e-01 1.178999999999999927e-03
6.202860000000000040e-01 2.876230000000000175e-01
5.338889999999999469e-01 2.993499999999999980e-02
5.800589999999999913e-01 -2.107360000000000066e-01
5.639269999999999561e-01 5.282599999999999518e-01
7.156599999999999628e-01 3.362430000000000141e-01
5.022659999999999902e-01 -2.118170000000000053e-01
5.477600000000000247e-01 3.855459999999999998e-01
6.006789999999999630e-01 6.201600000000000168e-02
5.388429999999999609e-01 -6.904499999999999527e-02
6.950100000000000167e-01 -6.687500000000000389e-02
6.538279999999999648e-01 1.034220000000000000e-01
6.776879999999999571e-01 -2.677700000000000080e-01
5.725789999999999491e-01 2.127930000000000099e-01
6.960180000000000256e-01 3.171999999999999820e-01
4.344740000000000268e-01 4.013149999999999773e-01
4.039479999999999738e-01 6.453959999999999697e-01
6.016249999999999654e-01 -2.459010000000000085e-01
3.193039999999999767e-01 6.752569999999999961e-01
7.194019999999999859e-01 1.269210000000000060e-01
6.258550000000000502e-01 -1.967659999999999965e-01
7.504260000000000375e-01 1.703199999999999853e-02
5.200249999999999595e-01 9.736699999999999522e-02
3.237909999999999955e-01 5.969680000000000542e-01
-1.128450000000000009e-01 5.024880000000000457e-01
1.550040000000000029e-01 5.991480000000000139e-01
2.561089999999999756e-01 6.673069999999999835e-01
3.794100000000000250e-01 2.395869999999999944e-01
4.511539999999999995e-01 3.674549999999999761e-01
3.668580000000000174e-01 4.798339999999999828e-01
3.004700000000000149e-01 3.376850000000000129e-01
5.688720000000000443e-01 3.069660000000000166e-01
5.170299999999999896e-01 3.067520000000000246e-01
5.166319999999999801e-01 3.866269999999999984e-01
3.842189999999999772e-01 3.003319999999999879e-01
5.480549999999999589e-01 3.722530000000000006e-01
5.246170000000000000e-01 2.956889999999999796e-01
5.287990000000000190e-01 4.326409999999999978e-01
5.759720000000000395e-01 1.826359999999999928e-01
5.190439999999999499e-01 1.722899999999999987e-01
4.079570000000000141e-01 2.927179999999999782e-01
7.353570000000000384e-01 1.674670000000000047e-01
3.697199999999999931e-01 2.912680000000000269e-01
6.516359999999999930e-01 3.448120000000000074e-01
6.046759999999999913e-01 3.181599999999999984e-01
5.750520000000000076e-01 -6.516700000000000270e-02
-7.034930000000000350e-01 1.248640000000000028e-01
3.628549999999999831e-01 2.281990000000000129e-01
2.561470000000000136e-01 2.557630000000000181e-01
4.348040000000000238e-01 3.595439999999999747e-01
3.235489999999999755e-01 9.632400000000000684e-02
5.114520000000000177e-01 4.083669999999999800e-01
5.926209999999999534e-01 1.776379999999999904e-01
4.593880000000000186e-01 1.959609999999999963e-01
6.662860000000000449e-01 3.892189999999999817e-01
6.341390000000000082e-01 3.394789999999999752e-01
5.856190000000000007e-01 2.291990000000000138e-01
5.084509999999999863e-01 2.607780000000000098e-01
5.762369999999999992e-01 2.668820000000000081e-01
5.067300000000000137e-01 2.536590000000000233e-01
6.386190000000000477e-01 1.182499999999999940e-01
6.042410000000000281e-01 2.611629999999999785e-01
4.030389999999999806e-01 1.976350000000000051e-01
2.855090000000000128e-01 5.347699999999999676e-01
4.942259999999999986e-01 2.396399999999999919e-01
6.143009999999999859e-01 3.072360000000000091e-01
5.369690000000000296e-01 4.039269999999999805e-01
3.639100000000000112e-01 3.137949999999999906e-01
5.844970000000000443e-01 1.802719999999999878e-01
5.596569999999999601e-01 2.707359999999999767e-01
8.566350000000000353e-01 3.684370000000000145e-01
6.528110000000000301e-01 2.929829999999999934e-01
5.965270000000000294e-01 4.715509999999999979e-01
7.016820000000000279e-01 1.273070000000000035e-01
5.797189999999999843e-01 1.488019999999999898e-01
6.274030000000000440e-01 2.633449999999999958e-01
7.221589999999999954e-01 3.121950000000000003e-01
6.247869999999999813e-01 5.128289999999999793e-01
7.442879999999999496e-01 3.248530000000000029e-01
5.434080000000000021e-01 4.267900000000000027e-01
7.752289999999999459e-01 2.158099999999999949e-02
5.300759999999999916e-01 3.588169999999999971e-01
6.984409999999999785e-01 2.881369999999999765e-01
6.608650000000000357e-01 5.233389999999999986e-01
4.942889999999999784e-01 3.083940000000000015e-01
3.753079999999999750e-01 4.770420000000000216e-01
6.021360000000000046e-01 2.281040000000000012e-01
5.195629999999999971e-01 3.055320000000000258e-01
4.733840000000000270e-01 2.857190000000000007e-01
4.801389999999999825e-01 1.448939999999999950e-01
5.004480000000000040e-01 3.557529999999999859e-01
7.171429999999999749e-01 3.652489999999999903e-01
6.385889999999999622e-01 1.637530000000000097e-01
7.018050000000000122e-01 3.023350000000000204e-01
5.436020000000000296e-01 2.094699999999999895e-01
5.169439999999999591e-01 1.853180000000000105e-01
7.295939999999999648e-01 3.918599999999999861e-02
6.028250000000000552e-01 2.886520000000000197e-01
4.524099999999999788e-01 1.752789999999999904e-01
5.024650000000000505e-01 4.600699999999999928e-02
5.418570000000000331e-01 1.401060000000000083e-01
5.439850000000000518e-01 5.373390000000000111e-01
6.285739999999999661e-01 4.091190000000000104e-01
6.914869999999999628e-01 2.823820000000000219e-01
6.506319999999999881e-01 3.062500000000000222e-01
5.410319999999999574e-01 4.952790000000000248e-01
5.271949999999999692e-01 2.956210000000000226e-01
5.034560000000000146e-01 1.932659999999999934e-01
3.427499999999999991e-01 2.029670000000000085e-01
7.287890000000000201e-01 1.769259999999999999e-01
5.171310000000000073e-01 1.831190000000000040e-01
6.148970000000000269e-01 5.997369999999999646e-01
5.325410000000000421e-01 2.295210000000000028e-01
6.788110000000000532e-01 4.206980000000000164e-01
4.440830000000000055e-01 1.358669999999999878e-01
3.977510000000000212e-01 4.205389999999999961e-01
4.864749999999999908e-01 2.135249999999999926e-01
5.872079999999999522e-01 3.468970000000000109e-01
6.392480000000000384e-01 2.164979999999999960e-01
4.548610000000000153e-01 4.057319999999999816e-01
5.432430000000000314e-01 3.857320000000000193e-01
5.398249999999999993e-01 2.804349999999999898e-01
5.440899999999999626e-01 3.067570000000000019e-01
5.660220000000000251e-01 2.674679999999999835e-01
5.684770000000000101e-01 2.413919999999999955e-01
5.503710000000000546e-01 1.575729999999999908e-01
6.734299999999999731e-01 -8.852799999999999558e-02
5.279829999999999801e-01 3.359429999999999916e-01
5.805150000000000032e-01 2.804909999999999903e-01
5.688579999999999748e-01 2.416939999999999922e-01
2.093109999999999971e-01 3.339630000000000098e-01
4.886039999999999828e-01 2.772049999999999792e-01
3.982229999999999936e-01 3.500000000000000333e-02
6.659080000000000554e-01 1.079289999999999972e-01
5.862579999999999458e-01 2.205179999999999918e-01
5.618769999999999598e-01 3.862760000000000082e-01
-6.601150000000000073e-01 2.208589999999999998e-01
-5.291059999999999652e-01 3.356560000000000099e-01
-7.966259999999999453e-01 2.383160000000000001e-01
-6.732249999999999623e-01 3.057900000000000063e-01
-6.888800000000000479e-01 4.269100000000000117e-01
-6.175070000000000281e-01 3.301729999999999943e-01
-8.003770000000000051e-01 1.957299999999999873e-01
-6.767269999999999675e-01 2.643150000000000222e-01
-5.731490000000000196e-01 2.211799999999999877e-02
-8.300990000000000313e-01 1.879159999999999997e-01
-7.162640000000000118e-01 4.042459999999999942e-01
-7.438639999999999697e-01 3.016039999999999832e-01
-7.505929999999999547e-01 2.325170000000000015e-01
-6.730169999999999764e-01 -1.217599999999999932e-02
-6.991690000000000405e-01 2.241940000000000044e-01
-7.280210000000000292e-01 1.191920000000000063e-01
-7.413710000000000022e-01 3.202329999999999899e-01
-6.801390000000000491e-01 3.281200000000000228e-01
-7.009279999999999955e-01 3.654749999999999943e-01
-7.449179999999999691e-01 1.142299999999999982e-01
-8.854809999999999626e-01 3.726260000000000128e-01
-7.529069999999999929e-01 4.391510000000000136e-01
-7.961500000000000243e-01 1.727249999999999897e-01
-7.027229999999999865e-01 2.003320000000000101e-01
-6.530799999999999939e-01 2.680060000000000220e-01
-7.048269999999999813e-01 3.397990000000000177e-01
-5.863859999999999628e-01 1.994789999999999897e-01
-7.068799999999999528e-01 3.034769999999999968e-01
-7.241729999999999556e-01 5.438939999999999886e-01
-7.506270000000000442e-01 2.500080000000000080e-01
-6.880849999999999467e-01 -3.710000000000000190e-03
-7.067449999999999566e-01 3.649439999999999906e-01
-6.476979999999999960e-01 2.637610000000000232e-01
-8.489569999999999617e-01 2.541470000000000118e-01
-5.686849999999999961e-01 1.380850000000000133e-01
-6.497779999999999667e-01 3.617009999999999947e-01
-6.490369999999999751e-01 -7.627499999999999558e-02
-5.594519999999999493e-01 3.838440000000000185e-01
-5.659009999999999874e-01 6.675899999999999890e-02
-6.225730000000000430e-01 1.998880000000000101e-01
-7.168700000000000072e-01 5.672100000000000058e-02
-7.136980000000000546e-01 2.470900000000000041e-01
-6.342989999999999462e-01 1.767499999999999905e-01
-6.717640000000000278e-01 3.208139999999999881e-01
-5.514850000000000030e-01 3.661289999999999822e-01
-6.746550000000000047e-01 2.265300000000000091e-01
-4.605219999999999869e-01 2.482290000000000052e-01
-4.607289999999999996e-01 2.646720000000000184e-01
-5.039169999999999483e-01 -1.783059999999999923e-01
-5.257140000000000146e-01 3.970319999999999960e-01
-5.890130000000000088e-01 4.427510000000000057e-01
-6.318319999999999492e-01 2.716729999999999978e-01
-6.547300000000000342e-01 9.746299999999999408e-02
-6.421930000000000138e-01 3.265739999999999754e-01
-6.897370000000000445e-01 2.127900000000000069e-01
-4.774379999999999735e-01 2.398560000000000136e-01
-6.836480000000000334e-01 1.911499999999999866e-01
-5.678370000000000362e-01 2.391679999999999917e-01
-6.611860000000000515e-01 1.877099999999999880e-01
-4.155179999999999985e-01 4.582100000000000062e-01
-6.058099999999999596e-01 2.731620000000000159e-01
-6.621709999999999541e-01 1.036389999999999950e-01
-4.904249999999999998e-01 2.023429999999999951e-01
-6.264549999999999841e-01 1.938759999999999928e-01
-5.805000000000000160e-01 2.537490000000000023e-01
-4.805800000000000072e-01 1.234439999999999982e-01
-6.017540000000000111e-01 2.170519999999999949e-01
-5.073349999999999804e-01 4.754400000000000293e-02
-5.181179999999999675e-01 -1.071200000000000069e-01
-6.644769999999999843e-01 1.736769999999999980e-01
-4.905169999999999808e-01 3.035490000000000133e-01
-5.727170000000000316e-01 3.240700000000000247e-01
-5.370099999999999874e-01 4.883850000000000136e-01
-3.766660000000000008e-01 1.731479999999999964e-01
-5.427800000000000402e-01 3.283920000000000172e-01
-6.093349999999999600e-01 2.134919999999999873e-01
-5.823469999999999480e-01 2.579429999999999779e-01
-4.998029999999999973e-01 3.983749999999999791e-01
-3.395710000000000117e-01 1.942869999999999875e-01
-4.549520000000000231e-01 4.838489999999999736e-01
-6.663689999999999891e-01 1.645359999999999878e-01
-5.755569999999999853e-01 2.087100000000000066e-01
-3.881859999999999755e-01 -1.674900000000000000e-02
-4.072270000000000056e-01 -1.836799999999999891e-02
-5.396769999999999623e-01 -2.028899999999999870e-01
-5.681300000000000239e-01 2.856079999999999730e-01
-5.444949999999999513e-01 2.797020000000000062e-01
-5.145239999999999814e-01 2.628969999999999918e-01
-3.121780000000000110e-01 3.445889999999999787e-01
-6.447180000000000133e-01 3.057400000000000118e-01
-6.900789999999999980e-01 2.352710000000000079e-01
-7.038210000000000299e-01 2.428829999999999878e-01
-5.584289999999999532e-01 1.610820000000000030e-01
-7.072439999999999838e-01 9.455199999999999716e-02
-5.585830000000000517e-01 1.443029999999999868e-01
-5.307319999999999816e-01 2.303719999999999934e-01
-6.880479999999999929e-01 3.490920000000000134e-01
-5.639159999999999728e-01 1.985100000000000059e-02
-4.177100000000000257e-01 1.431159999999999932e-01
-5.050660000000000149e-01 6.770199999999999829e-02
-2.794670000000000210e-01 1.888360000000000039e-01
-4.804039999999999977e-01 3.242500000000000243e-02
-3.867110000000000269e-01 2.326729999999999909e-01
-3.434070000000000178e-01 1.366479999999999917e-01
-5.776839999999999753e-01 2.013330000000000120e-01
-3.907769999999999855e-01 -4.233800000000000063e-02
-3.066320000000000157e-01 2.315059999999999896e-01
-5.317330000000000112e-01 1.778000000000000136e-01
-6.049550000000000205e-01 2.662999999999999812e-01
-2.041880000000000084e-01 1.948519999999999974e-01
-6.438450000000000006e-01 4.151070000000000038e-01
-4.720219999999999971e-01 1.576299999999999923e-01
-7.059819999999999984e-01 2.307480000000000087e-01
-5.109040000000000248e-01 1.557689999999999908e-01
-3.886129999999999862e-01 1.668000000000000038e-01
-4.142560000000000131e-01 3.007589999999999986e-01
-4.263959999999999972e-01 1.200940000000000063e-01
-6.155680000000000041e-01 2.798260000000000192e-01
-7.271929999999999783e-01 2.114040000000000086e-01
-5.295170000000000154e-01 2.782780000000000253e-01
-5.441070000000000073e-01 2.987799999999999900e-01
-4.743950000000000111e-01 6.317599999999999605e-02
-6.105420000000000291e-01 2.681339999999999835e-01
-4.560290000000000177e-01 2.992989999999999817e-01
-5.668140000000000400e-01 3.340839999999999921e-01
-4.542610000000000259e-01 -5.222399999999999959e-02
-4.742930000000000201e-01 9.644500000000000295e-02
-6.666370000000000351e-01 4.053769999999999873e-01
-3.937100000000000044e-01 3.940609999999999946e-01
-3.488709999999999867e-01 2.796150000000000024e-01
-1.276700000000000057e-01 1.529099999999999904e-01
-4.320030000000000259e-01 1.799500000000000058e-02
-4.829249999999999932e-01 3.463689999999999825e-01
-4.035850000000000271e-01 1.940649999999999875e-01
-4.195059999999999900e-01 8.709300000000000375e-02
-3.612449999999999828e-01 1.773180000000000034e-01
-6.212750000000000217e-01 6.370699999999999974e-02
-3.734259999999999802e-01 -1.381479999999999930e-01
-5.565940000000000332e-01 -4.243600000000000150e-02
-3.091889999999999916e-01 3.248599999999999821e-01
-5.571479999999999766e-01 1.541240000000000110e-01
-4.223469999999999724e-01 8.962900000000000034e-02
-4.895379999999999732e-01 7.861300000000000232e-02
-4.865309999999999913e-01 3.344079999999999830e-01
-5.376640000000000308e-01 2.605259999999999798e-01
-4.840700000000000003e-01 2.796669999999999989e-01
-4.151630000000000043e-01 1.853589999999999960e-01
-5.721380000000000354e-01 4.727879999999999860e-01
8.771600000000000230e-02 4.712689999999999935e-01
-1.132419999999999954e-01 6.077970000000000317e-01
-6.312910000000000466e-01 2.209820000000000118e-01
-4.106549999999999923e-01 4.975840000000000263e-01
-6.368509999999999449e-01 1.755980000000000041e-01
-5.989929999999999977e-01 2.635099999999999942e-02
-6.790760000000000129e-01 2.413740000000000052e-01
-5.314769999999999772e-01 3.929900000000000060e-01
-4.908339999999999925e-01 2.764780000000000015e-01
-6.243389999999999773e-01 1.686860000000000026e-01
-4.252639999999999754e-01 3.735580000000000012e-01
-4.703319999999999723e-01 3.495909999999999851e-01
-4.884850000000000025e-01 3.512149999999999994e-01
-5.721490000000000187e-01 3.269139999999999824e-01
-4.431599999999999984e-01 -5.782299999999999940e-02
-7.499630000000000463e-01 4.381840000000000179e-01
-4.916710000000000247e-01 3.213630000000000098e-01
-6.499200000000000532e-01 2.424650000000000138e-01
-4.783729999999999927e-01 1.879049999999999887e-01
-6.479810000000000292e-01 3.019540000000000002e-01
-7.023819999999999508e-01 9.897000000000000242e-02
-4.703879999999999728e-01 2.961869999999999781e-01
-4.089430000000000009e-01 1.483699999999999949e-02
-6.209010000000000362e-01 3.074919999999999876e-01
-6.233429999999999804e-01 3.443490000000000162e-01
-7.206230000000000135e-01 2.347410000000000052e-01
-7.209339999999999637e-01 1.227800000000000002e-01
-6.700460000000000305e-01 2.176859999999999906e-01
-5.854160000000000474e-01 3.540229999999999766e-01
-8.002209999999999601e-01 9.526500000000000246e-02
-6.786290000000000378e-01 1.804739999999999955e-01
-6.621420000000000083e-01 3.568609999999999838e-01
-6.954010000000000469e-01 3.262990000000000057e-01
-5.676449999999999552e-01 1.935729999999999951e-01
-7.402579999999999716e-01 1.337059999999999915e-01
-5.318899999999999739e-01 1.354740000000000111e-01
-6.464999999999999636e-01 2.919849999999999945e-01
-7.575309999999999544e-01 4.011339999999999906e-01
-4.769109999999999738e-01 5.486640000000000406e-01
-7.868789999999999951e-01 1.964889999999999970e-01
-7.660869999999999624e-01 3.416770000000000085e-01
-2.017400000000000027e-01 1.787370000000000070e-01
-6.268500000000000183e-01 -1.872669999999999890e-01
-4.770280000000000076e-01 3.106140000000000012e-01
-4.771610000000000018e-01 3.698099999999999998e-02
-1.869290000000000118e-01 5.051930000000000032e-01
-5.779659999999999798e-01 1.872080000000000133e-01
-7.577629999999999644e-01 3.999219999999999997e-01
-7.451149999999999718e-01 3.575600000000000306e-02
-5.801899999999999835e-01 2.100039999999999962e-01
-7.253199999999999648e-01 9.078400000000000358e-02
-5.860229999999999606e-01 3.914210000000000189e-01
-7.349229999999999929e-01 2.833399999999999808e-01
-5.855089999999999462e-01 3.290759999999999796e-01
-6.861639999999999961e-01 3.739399999999999669e-02
-5.059019999999999628e-01 2.691419999999999924e-01
-5.867719999999999603e-01 1.907250000000000056e-01
-4.716859999999999942e-01 3.493700000000000139e-01
-6.368239999999999457e-01 -6.965999999999999970e-03
-5.162900000000000267e-01 1.133369999999999933e-01
-6.790720000000000089e-01 2.612269999999999870e-01
-7.459540000000000060e-01 2.502670000000000172e-01
-5.634099999999999664e-01 1.465009999999999923e-01
-3.595760000000000067e-01 3.379710000000000214e-01
-6.874090000000000478e-01 2.873359999999999803e-01
-6.182819999999999983e-01 -1.480430000000000079e-01
-4.966619999999999924e-01 3.029379999999999851e-01
-7.190750000000000197e-01 2.969280000000000252e-01
-6.404809999999999670e-01 4.879310000000000036e-01
-6.513670000000000293e-01 4.136710000000000109e-01
-5.514000000000000012e-01 3.469070000000000209e-01
-6.624700000000000033e-01 2.317869999999999930e-01
-5.677510000000000057e-01 2.822930000000000161e-01
-5.735299999999999843e-01 1.848579999999999945e-01
-6.120579999999999909e-01 -4.834999999999999888e-03
-3.575860000000000150e-01 2.608309999999999795e-01
-7.766199999999999770e-01 1.772110000000000074e-01
-5.274020000000000374e-01 3.172840000000000105e-01
-5.165199999999999791e-01 2.402440000000000131e-01
-6.266669999999999741e-01 1.701249999999999984e-01
-7.567770000000000330e-01 2.655699999999999728e-01
-4.972639999999999838e-01 2.290059999999999873e-01
-8.063709999999999489e-01 8.131199999999999539e-02
-5.334189999999999765e-01 1.652790000000000092e-01
-5.041210000000000413e-01 2.850309999999999788e-01
7.882169999999999455e-01 1.621269999999999933e-01
7.877469999999999750e-01 -1.823539999999999883e-01
6.681059999999999777e-01 2.703909999999999925e-01
5.635430000000000161e-01 -2.448500000000000121e-01
7.329940000000000344e-01 1.328890000000000071e-01
6.808570000000000455e-01 4.354410000000000225e-01
6.370449999999999724e-01 3.109390000000000209e-01
6.766440000000000232e-01 3.470579999999999776e-01
7.134960000000000191e-01 1.965020000000000100e-01
4.427420000000000244e-01 4.266759999999999997e-01
6.241870000000000474e-01 -8.487500000000000600e-02
5.946820000000000439e-01 -8.284099999999999797e-02
4.565409999999999746e-01 5.833350000000000479e-01
5.699610000000000509e-01 5.093400000000000150e-01
5.412299999999999889e-01 5.988999999999999879e-02
5.895810000000000217e-01 -2.259349999999999969e-01
5.107380000000000253e-01 -2.000530000000000086e-01
6.561489999999999823e-01 1.394630000000000036e-01
6.477239999999999664e-01 4.299279999999999768e-01
-2.166710000000000025e-01 -4.930669999999999775e-01
6.089390000000000081e-01 2.525700000000000167e-01
8.114149999999999974e-01 1.502699999999999869e-01
4.848700000000000232e-01 4.386999999999999789e-01
4.045440000000000147e-01 4.522189999999999821e-01
6.789389999999999592e-01 3.132820000000000049e-01
5.913410000000000055e-01 -1.280100000000000127e-01
6.427690000000000348e-01 1.381370000000000098e-01
3.771599999999999953e-01 5.040440000000000476e-01
5.567469999999999919e-01 1.634700000000000042e-01
