-1.062068965517241503e+00 4.242753036553060858e-04 1.169343962574474706e-04 7.062958385077075085e-04 6.780516459602376009e-04 1.842336488019413483e-03 4.155089098745443944e-04 5.391780295327728949e-04 4.915519226114246605e-04 1.838023480772476073e-04 1.595955382236007307e-04 5.035517241604790632e-04 4.678816180964841124e-04
-9.862068965517242214e-01 1.151362149053015982e-02 4.672050549521697643e-04 1.228034017348574730e-02 1.378125114768179128e-03 3.186519180886551728e-02 4.514998371042189262e-03 1.381674015653031398e-02 1.462274288343830102e-03 5.365602265574211625e-03 1.844079227613476014e-03 8.233197284863155024e-03 1.652032999756929913e-03
-9.103448275862069394e-01 1.233148114809332618e-01 3.026657224973389182e-03 1.263208238061769018e-01 8.159903625780739328e-03 2.760527650873195737e-01 3.619855629819386522e-02 8.299352627111779290e-02 1.108537779232528740e-02 5.581302073614100023e-02 1.435281892908934868e-02 8.874695963561646250e-02 5.853887721510030000e-03
-8.344827586206897685e-01 5.945341055023565247e-01 2.687287923880458257e-02 5.588539941049419646e-01 1.260426013464592369e-02 1.079861205369793131e+00 1.073082705349975435e-01 3.284531177679164693e-01 9.981443833447194505e-03 2.603793126799980318e-01 5.707246903462691312e-02 3.555357667811619993e-01 5.229302521562690514e-03
-7.586206896551723755e-01 1.510684200096050755e+00 8.614366574475920690e-02 1.540910489573729114e+00 1.695113172588746941e-03 2.217099785397133260e+00 1.427065555841158517e-01 6.773533203350976528e-01 6.349812883201301841e-03 6.529677181389561547e-01 1.069713720635956933e-01 8.273678268682039816e-01 2.791516399729361206e-02
-6.827586206896552046e-01 2.268991666228787452e+00 1.123091607646259510e-01 2.268968629209622279e+00 1.720641736508410000e-02 2.679184352032849326e+00 1.457659254532141513e-01 9.396746808466562850e-01 3.938465867702336566e-03 1.020199803753702117e+00 1.427265769410800966e-01 1.218375915634660744e+00 2.107082823005953717e-02
-6.068965517241380336e-01 2.262530888320291922e+00 1.038667821241815725e-01 2.123574539699152552e+00 3.602045515396773423e-02 2.158307460027488744e+00 7.879528634327456760e-02 8.305432064869116005e-01 6.093702119062997195e-04 1.079453102842122370e+00 1.446744266337003093e-01 1.186692706436658362e+00 4.076569133461064448e-02
-5.310344827586206407e-01 1.641052567382903504e+00 6.554682765385820564e-02 1.551238538559863933e+00 8.779461400339288318e-03 1.341046653223274099e+00 2.256256126625241776e-02 5.858639829691383305e-01 1.066358391957251441e-02 8.701426483049867766e-01 1.172677729334376806e-01 8.688034198836365185e-01 1.716790281499210383e-03
-4.551724137931034142e-01 1.001360041170678006e+00 4.789062271555551836e-02 8.970526124294363468e-01 1.984809370460853192e-02 7.365438285264913620e-01 1.091709937709521398e-02 3.682130374980256970e-01 1.164515373805831942e-02 5.687631285428592642e-01 6.865527198223642102e-02 5.424125468484072288e-01 3.145802562476329028e-03
-3.793103448275861322e-01 5.515611139512356376e-01 1.181210120411800395e-02 5.126145386553906391e-01 2.320007819851647654e-02 3.890419857616380650e-01 1.831939444383549540e-02 2.019007297712497873e-01 3.086133403104359806e-03 3.243154851237182723e-01 3.776877499906999835e-02 3.124885798279186666e-01 7.882117803090808381e-03
-3.034482758620689058e-01 3.035841392830789243e-01 5.167849163310030830e-03 3.160033061213840533e-01 6.204839855192752739e-03 2.148360138896837634e-01 5.721608904918130435e-03 1.250428482271034869e-01 8.780768719131902891e-04 2.035533877078118670e-01 2.283129598344494499e-02 1.846986095182500953e-01 5.130937010119056112e-03
-2.275862068965516793e-01 1.799247737845595108e-01 7.182058695648918523e-03 1.624610533168697746e-01 3.986842187525421397e-03 1.234184184083528257e-01 6.703370443986820669e-05 8.308849380828879638e-02 2.533770658495782934e-03 1.262716762393431558e-01 6.673284769318521027e-03 1.131631966733248756e-01 3.444268182911103260e-03
-1.517241379310343974e-01 1.180349325796687943e-01 1.074665793710300648e-03 1.153015779531913754e-01 8.510227693185939621e-03 7.421435941706563955e-02 1.894178687110631464e-03 4.979739705067180028e-02 1.141696980504962799e-03 8.690580788798857315e-02 5.766721246346301691e-03 7.481671217769716997e-02 1.167354056333413199e-03
-7.586206896551717094e-02 8.835032662809938486e-02 6.422680258841026793e-04 9.510560306320973989e-02 2.836034831176417921e-03 5.265843304930939439e-02 1.475352582901644791e-03 3.597072951998449980e-02 1.961969809278808936e-03 7.390734763253595241e-02 1.749984555398144794e-03 6.698736691369658325e-02 7.049024600374030960e-03
1.110223024625156540e-16 7.461223877952347094e-02 2.600365113712677610e-03 7.836536183164799496e-02 8.536654382994203483e-03 4.080286636367305708e-02 2.995584823424201574e-03 4.337712530175845405e-02 1.139655358174607213e-03 7.571617617970735625e-02 2.876547068075838501e-03 6.873112682836564347e-02 2.858360698304801464e-03
7.586206896551739298e-02 8.019296043829149401e-02 5.381754877860132989e-04 9.100348447536296681e-02 1.586176674203355810e-03 4.057622318402440142e-02 3.991046982969294332e-03 6.499140930755215040e-02 2.637569258214176367e-03 8.670189075215854746e-02 2.210169178264976674e-03 6.209805542574585446e-02 3.598744298318194007e-03
1.517241379310345639e-01 9.636675714147656391e-02 6.744806914488964480e-03 1.058105513763243771e-01 6.131358371165975506e-03 5.167477738730343745e-02 9.077864373265201459e-03 1.024147431653134321e-01 3.054502089640027777e-03 1.254024177891677749e-01 1.247388760623556990e-02 8.078344423730307589e-02 5.206493824011733385e-03
2.275862068965518459e-01 1.325899578548461744e-01 1.037104906146140738e-02 1.544269497290278459e-01 8.050395045719780512e-03 7.792106331657286389e-02 1.540025887129015635e-02 2.124707163041530955e-01 4.153096624787308046e-03 1.946370074130981953e-01 2.125862516428576876e-02 1.290126200191224481e-01 1.960196908670878545e-03
3.034482758620691278e-01 1.934824906426111379e-01 1.679678244048554356e-02 2.134514826057230252e-01 4.952284175293202202e-03 1.533421652492464038e-01 3.847991860570874889e-02 4.220617901301105812e-01 2.483741211771172026e-03 3.403916963230373960e-01 3.529205091221216534e-02 2.070535364674270518e-01 1.697272605654547234e-03
3.793103448275864098e-01 3.212721494385915033e-01 2.815850590505980522e-02 3.784088240480432686e-01 9.043206117206336464e-03 2.809740318521786184e-01 7.300406858866226312e-02 8.446136348809920591e-01 4.957545140062998359e-03 6.023152246078169458e-01 6.883336924361388443e-02 4.341378863729739579e-01 2.663794425797485349e-02
4.551724137931036918e-01 4.536455438171208554e-01 5.631416684041209292e-02 5.652263043608345416e-01 5.449107116774922323e-04 4.527073461680000133e-01 1.106456340717259929e-01 1.363585405157067276e+00 1.779594227121261349e-02 9.860311983938819802e-01 9.829501969548795626e-02 7.379790320437780160e-01 1.265488296650676275e-02
5.310344827586208627e-01 6.050702019311555713e-01 8.766856508891313071e-02 7.130512471414209852e-01 2.688010775913637820e-03 5.969236133761853802e-01 1.252840591379347779e-01 1.877165449575552980e+00 1.888252569006046780e-02 1.421800035272393625e+00 1.293132537495442214e-01 1.130205432713935698e+00 5.358869828181568075e-03
6.068965517241381447e-01 6.585750427385574923e-01 9.372352624012227074e-02 7.089694776354753536e-01 6.633461478557233122e-03 6.196518345493767788e-01 1.005033897453607300e-01 2.007769875711938212e+00 3.041191868509579305e-03 1.739376428809719766e+00 1.259711706089205741e-01 1.512294849492557880e+00 6.711500324277435217e-03
6.827586206896554266e-01 5.868798638080006125e-01 8.092784508225379925e-02 6.246514828557270249e-01 1.033559373528067891e-02 4.512632298946505083e-01 5.178502721692887500e-02 1.612943392857121516e+00 2.680975958521268632e-02 1.617892589861968489e+00 1.045497435059936364e-01 1.740143631863009910e+00 1.182497722966809918e-02
7.586206896551725976e-01 4.076937726546224772e-01 5.177704926322953399e-02 3.641267620594086374e-01 9.041156973211155606e-03 2.407028482355621224e-01 2.244768433104776112e-02 1.015347667265934062e+00 2.894535851399454573e-02 1.160147858902161433e+00 7.685296543258567092e-02 1.425576183131685326e+00 7.780786008180008359e-03
8.344827586206898795e-01 1.793518368176449385e-01 2.380757867322614088e-02 1.763032492680981778e-01 2.299922680480956123e-03 9.135446085436435548e-02 1.961064362345960391e-02 4.535234540115308244e-01 7.890884320259415260e-03 6.011752943266259752e-01 3.653454138373236904e-02 7.887764423379779455e-01 3.965185207326483649e-03
9.103448275862071615e-01 4.817340472524402062e-02 7.286913733777679140e-03 3.815983145034441970e-02 1.143942833055733776e-03 2.216344888239413571e-02 9.612025659751333162e-03 1.410489976968389014e-01 9.836610364528707105e-04 1.909105537043762346e-01 1.143862988441440506e-02 2.916573048385223688e-01 1.408539700651930196e-02
9.862068965517243324e-01 6.060062356678139021e-03 5.295196738533976656e-04 5.823546285238843587e-03 1.530980246947815640e-03 3.821710386854838392e-03 2.399099804999662439e-03 1.439056826622654890e-02 2.477396159192862650e-03 2.785715780975288325e-02 2.009508377737760903e-03 3.943522089000006670e-02 4.345784138288791981e-03
1.062068965517241503e+00 1.722536528075659849e-04 1.431053182004185487e-04 8.291023723617824311e-04 7.877223111428568450e-04 1.475918123311814102e-04 1.441193232366628085e-05 1.044781629687385185e-03 7.172178936687820434e-05 1.422625650317103398e-03 6.401690974184513468e-05 3.288877129338924499e-03 4.546960660802297060e-04
