3.953423200000000248e-01 6.515125600000000183e-01
5.740969599999999895e-01 8.425776799999999955e-01
7.528516000000000652e-01 1.033642799999999973e+00
9.316062400000001409e-01 1.224707919999999950e+00
1.110360879999999995e+00 1.415773039999999927e+00
1.289115520000000181e+00 1.606838159999999904e+00
1.467870160000000368e+00 1.797903279999999882e+00
1.646624800000000111e+00 1.988968399999999859e+00
1.825379440000000297e+00 2.180033519999999836e+00
2.004134080000000040e+00 2.371098639999999591e+00
2.182888720000000227e+00 2.562163759999999790e+00
2.361643360000000413e+00 2.753228879999999545e+00
2.540398000000000600e+00 2.944293999999999745e+00
2.719152640000000343e+00 3.135359119999999500e+00
2.897907280000000085e+00 3.326424239999999699e+00
3.076661920000000272e+00 3.517489359999999454e+00
3.255416560000000459e+00 3.708554479999999653e+00
3.434171200000000646e+00 3.899619599999999409e+00
3.612925840000000388e+00 4.090684719999999608e+00
3.791680480000000131e+00 4.281749839999999807e+00
3.970435120000000317e+00 4.472814959999999118e+00
4.149189760000000504e+00 4.663880079999999317e+00
4.327944399999999803e+00 4.854945199999999517e+00
4.506699040000000878e+00 5.046010319999998828e+00
4.685453680000000176e+00 5.237075439999999915e+00
