# GCG323K ST100 bf 10
-5.319496320000000722e+00 inf nan
-5.211562960000000189e+00 inf nan
-5.103629599999999655e+00 inf nan
-4.995696240000000010e+00 inf nan
-4.887762880000000365e+00 inf nan
-4.779829519999999832e+00 inf nan
-4.671896159999999298e+00 inf nan
-4.563962800000000541e+00 inf nan
-4.456029440000000008e+00 inf nan
-4.348096079999999475e+00 inf nan
-4.240162720000000718e+00 inf nan
-4.132229360000000185e+00 inf nan
-4.024295999999999651e+00 inf nan
-3.916362640000000006e+00 inf nan
-3.808429279999999917e+00 inf nan
-3.700495919999999828e+00 inf nan
-3.592562560000000182e+00 inf nan
-3.484629200000000093e+00 inf nan
-3.376695840000000004e+00 inf nan
-3.268762480000000359e+00 inf nan
-3.160829119999999826e+00 inf nan
-3.052895760000000180e+00 inf nan
-2.944962399999999647e+00 inf nan
-2.837029040000000002e+00 inf nan
-2.729095679999999913e+00 inf nan
-2.621162319999999823e+00 inf nan
-2.513228960000000178e+00 inf nan
-2.405295599999999645e+00 inf nan
-2.297362240000000000e+00 inf nan
-2.189428879999999911e+00 inf nan
-2.081495519999999821e+00 inf nan
-1.973562159999999954e+00 inf nan
-1.865628799999999865e+00 inf nan
-1.757695439999999776e+00 inf nan
-1.649762079999999909e+00 inf nan
-1.541828720000000041e+00 inf nan
-1.433895359999999952e+00 inf nan
-1.325962000000000085e+00 inf nan
-1.218028639999999996e+00 inf nan
-1.110095279999999907e+00 inf nan
-1.002161919999999817e+00 inf nan
-8.942285599999997281e-01 inf nan
-7.862952000000000830e-01 inf nan
-6.783618399999999937e-01 inf nan
-5.704284799999999045e-01 inf nan
-4.624951199999998153e-01 inf nan
-3.545617599999997260e-01 inf nan
-2.466283999999996368e-01 inf nan
-1.386950399999995476e-01 inf nan
-3.076167999999990244e-02 1.204367101904115600e+02 5.364354822891766184e-02
7.717168000000018679e-02 1.150905840860073113e+02 5.785548870699576796e+00
1.851050400000002760e-01 1.044053737945657190e+02 5.121783954198481759e+00
2.930384000000003653e-01 9.230195996267933367e+01 3.231849267649950175e+00
4.009717600000004545e-01 8.106799220250529459e+01 1.812895110868454118e+00
5.089051200000000996e-01 7.034926226444008535e+01 4.590192554987236329e-01
6.168384800000001889e-01 5.989117701325484688e+01 3.407521272755544284e-01
7.247718400000002781e-01 4.895976063598601513e+01 7.739737470712213518e-01
8.327052000000003673e-01 3.901872179018033648e+01 1.470901377777635410e+00
9.406385600000004565e-01 3.048728380440923402e+01 1.437525413502276583e+00
1.048571920000000102e+00 2.397546063182115716e+01 1.380420027987148801e+00
1.156505280000000191e+00 1.875873593524041993e+01 1.164602445014658150e+00
1.264438640000000280e+00 1.482878496124255285e+01 1.110058473317496075e+00
1.372372000000000369e+00 1.102604537052652667e+01 1.161245457638106826e+00
1.480305360000000459e+00 7.321809084670267254e+00 7.761097531834526553e-01
1.588238720000000104e+00 3.971084466933522350e+00 5.238613029005969590e-01
1.696172080000000193e+00 1.614432948447007021e+00 3.907478007421477662e-01
1.804105440000000282e+00 2.723946856216237222e-01 3.907829124128371912e-01
1.912038800000000371e+00 0.000000000000000000e+00 1.949773881817515320e-01
2.019972160000000461e+00 9.024563227874899951e-01 1.358333429239115264e-01
2.127905520000000106e+00 1.964439278244764608e+00 9.157733141256807485e-02
2.235838880000000195e+00 2.577226980192424577e+00 3.961474451353627635e-02
2.343772240000000284e+00 3.321634740256843799e+00 1.497223682109211085e-01
2.451705600000000373e+00 4.641074775379319561e+00 4.168654521176193284e-01
2.559638960000000463e+00 6.642748774539459333e+00 9.767488103266702693e-01
2.667572320000000552e+00 8.902680704359617891e+00 1.320471233466359307e+00
2.775505680000000197e+00 1.130702769812890196e+01 1.098530955015845523e+00
2.883439039999999842e+00 1.410352281452829359e+01 7.141582117457523360e-01
2.991372400000000376e+00 1.665463493506761239e+01 4.291527693209005179e-01
3.099305760000000909e+00 1.849026005008166251e+01 4.814851861708265290e-01
3.207239120000000554e+00 2.009506726308919866e+01 6.619075264045620743e-01
3.315172480000000199e+00 2.147562278053783302e+01 6.982083555137615916e-01
3.423105840000000732e+00 2.251288981648721332e+01 7.777916649545365546e-01
3.531039200000000378e+00 2.316185720616268995e+01 8.628121475511797422e-01
3.638972560000000023e+00 2.359219180941511951e+01 8.419784561689370728e-01
3.746905920000000556e+00 2.384175023789403269e+01 8.313704340576958396e-01
3.854839280000000201e+00 2.391391206462607499e+01 7.808404133776026823e-01
3.962772639999999846e+00 2.404709660776749658e+01 7.745226286959605577e-01
4.070706000000000380e+00 2.422791393107396729e+01 8.595251300582822385e-01
4.178639360000000913e+00 2.438295711327000603e+01 9.026534659222641421e-01
4.286572720000000558e+00 2.452625788685236330e+01 9.749360528990332897e-01
4.394506080000000203e+00 2.457013374044920795e+01 1.039554960811539086e+00
4.502439440000000737e+00 2.459592995618856648e+01 1.052031972198758547e+00
4.610372800000000382e+00 2.456229376433904221e+01 9.917538669436111176e-01
4.718306160000000027e+00 2.459421078344293932e+01 9.694819673447202524e-01
4.826239520000000560e+00 2.470902790139018990e+01 9.480952597244629576e-01
4.934172880000001093e+00 2.502611192446230959e+01 8.630251760953328022e-01
5.042106240000000739e+00 2.603817237192284750e+01 8.387090903226064320e-01
5.150039600000000384e+00 2.844071105665610588e+01 7.445422244507279297e-01
5.257972960000000917e+00 3.323247308067279704e+01 8.403211940076446007e-01
5.365906320000000562e+00 4.166976881900622232e+01 1.121506213568274513e+00
