# GC323K ST100 bf 5
-4.055044764999999884e+00 inf nan
-3.973204294999999497e+00 inf nan
-3.891363824999999999e+00 inf nan
-3.809523354999999611e+00 inf nan
-3.727682884999999668e+00 inf nan
-3.645842414999999725e+00 inf nan
-3.564001944999999338e+00 inf nan
-3.482161474999999839e+00 inf nan
-3.400321004999999452e+00 inf nan
-3.318480534999999954e+00 inf nan
-3.236640064999999566e+00 inf nan
-3.154799594999999623e+00 inf nan
-3.072959124999999680e+00 inf nan
-2.991118654999999737e+00 inf nan
-2.909278184999999795e+00 inf nan
-2.827437714999999407e+00 inf nan
-2.745597244999999909e+00 inf nan
-2.663756774999999521e+00 inf nan
-2.581916304999999578e+00 inf nan
-2.500075834999999635e+00 inf nan
-2.418235364999999693e+00 inf nan
-2.336394894999999750e+00 inf nan
-2.254554424999999362e+00 inf nan
-2.172713954999999864e+00 inf nan
-2.090873484999999476e+00 inf nan
-2.009033014999999978e+00 inf nan
-1.927192544999999813e+00 inf nan
-1.845352074999999648e+00 inf nan
-1.763511604999999483e+00 inf nan
-1.681671134999999540e+00 inf nan
-1.599830664999999597e+00 inf nan
-1.517990194999999654e+00 inf nan
-1.436149724999999711e+00 inf nan
-1.354309254999999768e+00 inf nan
-1.272468784999999825e+00 inf nan
-1.190628314999999882e+00 inf nan
-1.108787844999999717e+00 inf nan
-1.026947374999999552e+00 inf nan
-9.451069049999996086e-01 inf nan
-8.632664349999996656e-01 inf nan
-7.814259649999997226e-01 inf nan
-6.995854949999997796e-01 inf nan
-6.177450249999998366e-01 inf nan
-5.359045549999996716e-01 inf nan
-4.540640849999995066e-01 inf nan
-3.722236149999995636e-01 inf nan
-2.903831449999996206e-01 inf nan
-2.085426749999996776e-01 inf nan
-1.267022049999995126e-01 inf nan
-4.486173499999956960e-02 inf nan
3.697873500000037339e-02 7.996570286569981079e+01 1.369144548573032694e+00
1.188192050000003164e-01 8.318685559869823010e+01 7.423389727478403088e+00
2.006596750000002594e-01 7.973423288330178593e+01 1.011089966045957667e+01
2.825001450000002023e-01 7.032636878083664556e+01 8.365353893388883577e+00
3.643406150000001453e-01 6.184180677954203276e+01 7.264079123314667541e+00
4.461810850000005324e-01 5.356962065784036042e+01 6.117920299460316791e+00
5.280215550000004754e-01 4.838223635699896619e+01 6.339487780812533835e+00
6.098620250000004184e-01 4.322012044585859059e+01 5.407285980320422070e+00
6.917024950000003614e-01 3.711818208232648431e+01 4.549450723327837842e+00
7.735429650000003043e-01 3.053869603919188691e+01 4.151607389487387501e+00
8.553834350000002473e-01 2.496362306408152421e+01 3.694893598642697174e+00
9.372239050000001903e-01 2.006105565031798932e+01 3.424686272362061690e+00
1.019064375000000133e+00 1.598794785428338727e+01 3.233141672892867025e+00
1.100904845000000076e+00 1.224673465418429430e+01 3.056603729157384208e+00
1.182745315000000463e+00 9.174279964435530843e+00 2.996677173852273057e+00
1.264585785000000406e+00 6.784962297203545489e+00 2.924232496618969002e+00
1.346426255000000349e+00 4.689092542997652657e+00 2.617209347943184827e+00
1.428266725000000292e+00 3.087431619633818514e+00 2.132679692425722973e+00
1.510107195000000235e+00 1.780378753037389572e+00 1.457885429932871846e+00
1.591947665000000178e+00 7.364047438673750889e-01 9.130137333418184564e-01
1.673788135000000121e+00 1.474944658353507521e-01 6.028920000368340748e-01
1.755628605000000064e+00 0.000000000000000000e+00 3.547554789495793170e-01
1.837469075000000007e+00 1.396438383294906771e-01 2.004898702311828651e-01
1.919309545000000394e+00 5.134191476494649464e-01 5.992914028668270415e-02
2.001150015000000337e+00 1.031114354338267702e+00 2.077368555368976355e-01
2.082990485000000280e+00 1.767820233042197486e+00 4.599329512222480321e-01
2.164830955000000223e+00 2.740487022922660998e+00 6.314447180563179662e-01
2.246671425000000166e+00 3.656997289667394568e+00 8.220148966474630781e-01
2.328511895000000109e+00 4.714123633519250234e+00 9.151872680394429471e-01
2.410352365000000052e+00 5.611681513726999526e+00 1.017632437106464671e+00
2.492192835000000439e+00 6.322068781762823164e+00 1.278842273556189069e+00
2.574033305000000382e+00 7.149915348234074486e+00 1.485995958776575865e+00
2.655873775000000325e+00 7.771200805289616653e+00 1.569004008508640302e+00
2.737714245000000268e+00 8.581932950898778500e+00 1.622949097721958056e+00
2.819554715000000211e+00 9.643913786473774508e+00 1.616007624128180664e+00
2.901395185000000154e+00 1.068286916343990001e+01 1.548314800362002641e+00
2.983235655000000097e+00 1.172515024155526220e+01 1.566146107372495377e+00
3.065076125000000484e+00 1.285762155469424783e+01 1.548323450040338001e+00
3.146916595000000427e+00 1.389046265123982415e+01 1.492158499237178804e+00
3.228757065000000370e+00 1.473179706375783660e+01 1.461817063793401150e+00
3.310597535000000313e+00 1.530954991115276798e+01 1.434467240844969904e+00
3.392438005000000256e+00 1.567537207660507370e+01 1.449731769995351804e+00
3.474278475000000199e+00 1.589373354838485497e+01 1.481419529371416743e+00
3.556118945000000142e+00 1.599083589053744348e+01 1.473886286336530516e+00
3.637959415000000085e+00 1.611724811477277086e+01 1.514641374969306176e+00
3.719799885000000028e+00 1.635547193635316887e+01 1.599144187744068857e+00
3.801640355000000415e+00 1.714976130055659098e+01 1.615041025877583136e+00
3.883480825000000802e+00 1.911790485958089647e+01 1.667104382714735156e+00
3.965321295000000745e+00 2.210800648372418209e+01 1.586418747722419642e+00
4.047161765000000244e+00 2.795610264041493664e+01 1.556827902606779057e+00
