1.221104433333333183e+00 -9.666666666666666741e-01
1.363719300000000079e+00 -9.000000000000000222e-01
1.506334166666666752e+00 -8.333333333333333703e-01
1.648949033333333425e+00 -7.666666666666667185e-01
1.791563900000000098e+00 -7.000000000000000666e-01
1.934178766666666771e+00 -6.333333333333333037e-01
2.076793633333333666e+00 -5.666666666666666519e-01
2.219408500000000117e+00 -5.000000000000000000e-01
2.362023366666667012e+00 -4.333333333333333481e-01
2.504638233333333464e+00 -3.666666666666666963e-01
2.647253100000000359e+00 -3.000000000000000444e-01
2.789867966666666810e+00 -2.333333333333333370e-01
2.932482833333333705e+00 -1.666666666666666297e-01
3.075097700000000600e+00 -9.999999999999997780e-02
3.217712566666667051e+00 -3.333333333333332593e-02
3.360327433333333502e+00 3.333333333333332593e-02
3.502942300000000841e+00 9.999999999999997780e-02
3.645557166666667293e+00 1.666666666666666297e-01
3.788172033333333744e+00 2.333333333333332815e-01
3.930786900000000639e+00 2.999999999999999334e-01
4.073401766666667534e+00 3.666666666666665853e-01
4.216016633333333985e+00 4.333333333333332371e-01
4.358631500000000436e+00 4.999999999999998890e-01
4.501246366666667775e+00 5.666666666666666519e-01
4.643861233333334226e+00 6.333333333333334147e-01
4.786476100000000677e+00 7.000000000000000666e-01
4.929090966666667128e+00 7.666666666666667185e-01
5.071705833333334468e+00 8.333333333333333703e-01
5.214320700000000919e+00 9.000000000000000222e-01
5.356935566666667370e+00 9.666666666666666741e-01
