# C323K ST100 bf 5
2.062070499999999959e-02 5.457342262258997323e+01 5.491158627168317707e-01
6.186211499999999530e-02 5.431951847542159584e+01 1.058202256066602454e+00
1.031035250000000014e-01 5.336228790126315147e+01 9.589941686991498848e-01
1.443449350000000075e-01 5.219157428060664472e+01 6.378980203155285578e-01
1.855863449999999859e-01 4.942385194196324960e+01 2.642658966047970598e-02
2.268277549999999920e-01 4.627978355054494841e+01 7.149180005003100136e-02
2.680691649999999981e-01 4.384290962253022883e+01 3.314427454240916338e-01
3.093105750000000320e-01 4.141159397433780498e+01 7.700437313967249953e-01
3.505519849999999549e-01 3.927988611106439976e+01 1.074851073751617481e+00
3.917933949999999887e-01 3.712506440727291590e+01 1.274199960932044240e+00
4.330348050000000226e-01 3.477135039503971825e+01 1.127948117508472237e+00
4.742762149999999455e-01 3.292800913570845012e+01 1.061943802684288007e+00
5.155176249999999794e-01 3.080135949392389350e+01 7.391927258415694757e-01
5.567590350000000132e-01 2.902392485557199464e+01 5.412441838207631140e-01
5.980004450000000471e-01 2.696905381580013028e+01 5.506644696043594411e-01
6.392418549999999700e-01 2.484567197048020759e+01 5.300312684573750266e-01
6.804832650000000038e-01 2.295507181468042646e+01 4.509251348081435018e-01
7.217246749999999267e-01 2.119558640042166431e+01 5.942320037030336399e-01
7.629660849999999606e-01 1.912158556815409227e+01 5.960613474027642855e-01
8.042074949999999944e-01 1.717230481888210392e+01 5.618380544852039638e-01
8.454489050000000283e-01 1.527542006229444738e+01 5.310021850432079527e-01
8.866903149999999512e-01 1.355192579797440544e+01 4.929109971866819095e-01
9.279317249999999850e-01 1.170367064459484396e+01 4.484199976457556858e-01
9.691731349999999079e-01 1.012613573180858850e+01 4.447916800328827747e-01
1.010414544999999942e+00 8.428044706357372462e+00 5.194135245540447698e-01
1.051655954999999976e+00 7.002888171814034557e+00 6.415348044889869206e-01
1.092897365000000010e+00 5.819938670260732749e+00 6.619829844698607024e-01
1.134138775000000043e+00 4.775611712305307677e+00 7.471638541450963400e-01
1.175380184999999855e+00 3.956717086697715047e+00 8.734465786745542193e-01
1.216621594999999889e+00 3.290536882913796646e+00 9.327002606458610900e-01
1.257863004999999923e+00 2.695760441692536702e+00 9.224979912364333900e-01
1.299104414999999957e+00 2.202335098268733304e+00 9.379491137644008214e-01
1.340345824999999991e+00 1.745621510506872198e+00 8.313495684793955620e-01
1.381587235000000025e+00 1.487289861607075991e+00 7.950363429104392310e-01
1.422828645000000058e+00 1.159172400410463766e+00 8.837279699144114931e-01
1.464070055000000092e+00 9.144779321719287424e-01 8.979968584786557351e-01
1.505311464999999904e+00 5.867392028538791493e-01 9.270416211756560276e-01
1.546552874999999938e+00 3.591487603006360274e-01 9.896835891893905890e-01
1.587794284999999972e+00 1.898924426911747787e-01 1.037516190181235309e+00
1.629035695000000006e+00 9.077902003072857440e-02 1.074033679963276811e+00
1.670277105000000040e+00 0.000000000000000000e+00 1.058402295287609984e+00
1.711518514999999852e+00 1.305127349248120794e-01 1.080662707505203324e+00
1.752759924999999885e+00 2.812679772373929410e-01 1.118530021116556084e+00
1.794001334999999919e+00 5.861560906026230811e-01 1.181038582339305920e+00
1.835242744999999953e+00 1.070570398461383022e+00 1.165346373020521131e+00
1.876484154999999987e+00 1.532199976009183118e+00 1.212658534010941924e+00
1.917725565000000021e+00 2.040029793298215210e+00 1.168897742865181666e+00
1.958966975000000055e+00 2.676292141258324264e+00 1.177156560597596879e+00
2.000208384999999645e+00 3.252555307473835811e+00 1.098176946648110830e+00
2.041449795000000123e+00 3.939500145306627843e+00 1.099945982395067468e+00
2.082691204999999712e+00 4.557749327767895764e+00 1.066312498410007858e+00
2.123932615000000190e+00 5.152857311644712723e+00 1.062976889010210479e+00
2.165174024999999780e+00 5.790992595299201184e+00 9.629594521419532205e-01
2.206415435000000258e+00 6.257824023550556447e+00 8.416726694424333521e-01
2.247656844999999848e+00 6.809219078263035740e+00 7.878030331613307125e-01
2.288898255000000326e+00 7.160501302240931842e+00 6.282738237525072877e-01
2.330139664999999916e+00 7.374249037674196039e+00 5.864125195915124156e-01
2.371381074999999949e+00 7.580865023428601468e+00 5.480655045700947303e-01
2.412622484999999983e+00 7.779769638379170793e+00 5.900954518917270741e-01
2.453863894999999573e+00 7.944059702129281142e+00 5.528340753011727893e-01
2.495105305000000051e+00 8.173348759067717850e+00 5.181195205867805686e-01
2.536346714999999641e+00 8.514964839925578843e+00 5.830924168378860406e-01
2.577588125000000119e+00 8.796076063931803191e+00 5.346544748395851698e-01
2.618829534999999709e+00 9.255631717811979797e+00 4.947365781725538425e-01
2.660070945000000187e+00 9.657879412619365667e+00 4.291257750072540178e-01
2.701312354999999776e+00 1.008279601622584920e+01 4.078727187335020599e-01
2.742553765000000254e+00 1.051333715276998859e+01 3.310836001242939419e-01
2.783795174999999844e+00 1.082798090559295545e+01 3.259991879656797820e-01
2.825036585000000322e+00 1.124000046015281029e+01 2.460679534171228144e-01
2.866277994999999912e+00 1.156617163820951433e+01 1.681857414881846036e-01
2.907519404999999946e+00 1.187657994622639279e+01 1.690864829566393612e-01
2.948760814999999980e+00 1.208169014591898005e+01 1.790292805824960642e-01
2.990002224999999569e+00 1.237439742850733992e+01 1.416502656128824089e-01
3.031243635000000047e+00 1.259460025760874302e+01 1.732495902925635101e-01
3.072485044999999637e+00 1.272943208244167579e+01 1.224478213167532609e-01
3.113726455000000115e+00 1.286159466323611511e+01 1.269567046022969103e-01
3.154967864999999705e+00 1.308464725078259150e+01 1.060838047858700811e-01
3.196209275000000183e+00 1.321252410872876126e+01 1.053351586061280348e-01
3.237450684999999773e+00 1.326876700953438615e+01 1.437751466451136495e-01
3.278692095000000251e+00 1.348030686506211140e+01 1.042053379968801569e-01
3.319933504999999840e+00 1.343148148026132560e+01 7.615538304889853116e-02
3.361174915000000318e+00 1.364949712497883638e+01 7.635968573035031848e-02
3.402416324999999908e+00 1.356802674586105439e+01 1.011994408746371976e-01
3.443657734999999942e+00 1.358571563339180699e+01 9.325407612797866064e-02
3.484899144999999976e+00 1.363811313620141874e+01 1.047189676533663988e-01
3.526140554999999566e+00 1.369202326666346892e+01 8.186576362457227696e-02
3.567381965000000044e+00 1.363853357466288330e+01 7.811798953492680997e-02
3.608623374999999633e+00 1.375297707835612471e+01 1.105940757145260633e-01
3.649864785000000111e+00 1.376056626448951903e+01 7.022030492401901136e-02
3.691106194999999701e+00 1.390882431201228897e+01 1.202190968841706370e-01
3.732347605000000179e+00 1.397877943690196290e+01 9.781161687512068825e-02
3.773589014999999769e+00 1.428160713142316496e+01 8.780676618916585796e-02
3.814830425000000247e+00 1.477711440630097428e+01 9.678203268627037781e-02
3.856071834999999837e+00 1.555567251274124629e+01 1.078690583590389829e-01
3.897313245000000315e+00 1.664765972143018047e+01 1.531866503374492150e-01
3.938554654999999904e+00 1.830819103690441452e+01 1.611097139533497480e-01
3.979796064999999938e+00 2.055623731577825808e+01 1.308658276976309986e-01
4.021037474999999972e+00 2.294247592343108622e+01 9.579970159140838160e-02
4.062278884999999562e+00 2.615696459718418154e+01 3.799652051870000546e-01
4.103520295000000040e+00 3.265333864402148834e+01 1.415002178188173421e+00
