# C3323K ST100 bf 10
2.716847500000000096e-02 1.305292949603360171e+02 7.128693563114427700e-01
8.150542500000000634e-02 1.275659361282754389e+02 1.816335791738707739e+00
1.358423750000000152e-01 1.202067731671708088e+02 6.753431733819914573e-01
1.901793250000000102e-01 1.132686500986993394e+02 5.255254756342989664e-01
2.445162750000000051e-01 1.086118936691189845e+02 1.240643677834760483e+00
2.988532250000000001e-01 1.015532799436002307e+02 2.837450173599949110e+00
3.531901750000000506e-01 9.393323948438680304e+01 3.541660871267004129e+00
4.075271249999999901e-01 8.766591872260210039e+01 4.166482927682817916e+00
4.618640750000000406e-01 8.149509204380863991e+01 4.638910579787806299e+00
5.162010249999999800e-01 7.644290582303571568e+01 5.079983388671668543e+00
5.705379750000000305e-01 7.184654364580401875e+01 5.487782045407674225e+00
6.248749250000000810e-01 6.725877381311698855e+01 6.010133798933682492e+00
6.792118750000000205e-01 6.232307012871170571e+01 6.617493464902380218e+00
7.335488249999999599e-01 5.704392751256479954e+01 6.936610899864345647e+00
7.878857750000000104e-01 5.180230424645198894e+01 6.639854514567856469e+00
8.422227250000000609e-01 4.726505626494387968e+01 5.960830933901246631e+00
8.965596750000000004e-01 4.363308670529906408e+01 5.855328764236350736e+00
9.508966250000000509e-01 4.012856029637648447e+01 5.589443689369411494e+00
1.005233575000000101e+00 3.703940131302511674e+01 5.342752723911136314e+00
1.059570525000000041e+00 3.398640468034052020e+01 4.794149930812396931e+00
1.113907474999999980e+00 3.105807579899301629e+01 4.650202859036530079e+00
1.168244425000000142e+00 2.826026845614913441e+01 4.911814953118700089e+00
1.222581374999999859e+00 2.557625211176116409e+01 5.340321167568574445e+00
1.276918325000000021e+00 2.310331362610491368e+01 5.507971460503698680e+00
1.331255275000000182e+00 2.058888667695914165e+01 5.533975825799085868e+00
1.385592224999999900e+00 1.834926683354352406e+01 5.471354237153732925e+00
1.439929175000000061e+00 1.640932670192314902e+01 5.443068403819966150e+00
1.494266125000000223e+00 1.472304300218977779e+01 5.336624774477549238e+00
1.548603074999999940e+00 1.282450315004785146e+01 5.201832678450099223e+00
1.602940025000000102e+00 1.092207874477188589e+01 4.968635419925111485e+00
1.657276975000000041e+00 9.134157077587452989e+00 4.547846509357159839e+00
1.711613924999999981e+00 7.772685982162356844e+00 4.177053323370940596e+00
1.765950875000000142e+00 6.535903896214123598e+00 3.876921313166551197e+00
1.820287825000000081e+00 5.260225136280253899e+00 3.500854833348778783e+00
1.874624775000000021e+00 4.254139033716356266e+00 3.277663403220842042e+00
1.928961725000000182e+00 3.414732640541064512e+00 3.066454867650828753e+00
1.983298675000000122e+00 2.842242844120988821e+00 3.025198196044085908e+00
2.037635625000000061e+00 2.167152100271096060e+00 2.907113824357911547e+00
2.091972574999999779e+00 1.516699866662744256e+00 2.844726295474003575e+00
2.146309525000000384e+00 8.968517309640695601e-01 2.749355081441068993e+00
2.200646475000000102e+00 4.485244374408985379e-01 2.579597147491162090e+00
2.254983424999999819e+00 7.537274492031187378e-02 2.264196592283149290e+00
2.309320375000000425e+00 0.000000000000000000e+00 2.035802765130767966e+00
2.363657325000000142e+00 1.169780488738361157e-01 1.996878021096117672e+00
2.417994274999999860e+00 3.058129817146255647e-01 1.861295808332320334e+00
2.472331225000000021e+00 6.564884142486722141e-01 1.744974167034951673e+00
2.526668175000000183e+00 1.001866854340814683e+00 1.572674071062578838e+00
2.581005124999999900e+00 1.441215962358359803e+00 1.390373871914875270e+00
2.635342075000000062e+00 1.946120948033867037e+00 1.257506304135349584e+00
2.689679025000000223e+00 2.471471714803509911e+00 1.175795885086895698e+00
2.744015974999999941e+00 2.997518869513761786e+00 1.200239765100465927e+00
2.798352925000000102e+00 3.609710455956781416e+00 1.319475590850633040e+00
2.852689875000000264e+00 4.327340936914781722e+00 1.298874410942430613e+00
2.907026824999999981e+00 5.065056371881327735e+00 1.377344054814543473e+00
2.961363775000000143e+00 5.948992075336427376e+00 1.303920749381071387e+00
3.015700725000000304e+00 6.847386902418556076e+00 1.214908693131689033e+00
3.070037675000000021e+00 7.728375709707760777e+00 1.126892260805495871e+00
3.124374625000000183e+00 8.535107784469179393e+00 1.013030986169465963e+00
3.178711575000000344e+00 9.277636197409211860e+00 7.835801111200774161e-01
3.233048525000000062e+00 1.016650017034589837e+01 6.096528362452822147e-01
3.287385474999999779e+00 1.087052235621698593e+01 4.520755612148785740e-01
3.341722425000000385e+00 1.150402770161929489e+01 3.299030709496450497e-01
3.396059375000000102e+00 1.202168753371668863e+01 2.559673893222000340e-01
3.450396324999999820e+00 1.248030553870608195e+01 1.893556591875462658e-01
3.504733275000000425e+00 1.279187007845995971e+01 1.359781669287548345e-01
3.559070225000000143e+00 1.295113535192533405e+01 1.312643191169721446e-01
3.613407174999999860e+00 1.314561999744474896e+01 9.905053848031296349e-02
3.667744125000000466e+00 1.322311552599633622e+01 7.984004522326428044e-02
3.722081075000000183e+00 1.338500775708894253e+01 7.020861717542367653e-02
3.776418024999999901e+00 1.346405049328528669e+01 7.402422906987138340e-02
3.830754975000000062e+00 1.352433508683355790e+01 1.129431462391264074e-01
3.885091925000000224e+00 1.359752295851819959e+01 1.010287924376945951e-01
3.939428874999999941e+00 1.370125068895239728e+01 1.165114435612366328e-01
3.993765825000000547e+00 1.382839127215070896e+01 1.040442001457168031e-01
4.048102775000000264e+00 1.390849571518495686e+01 9.922625822374316062e-02
4.102439724999999981e+00 1.401260190907163583e+01 9.971681608902210892e-02
4.156776674999999699e+00 1.412224139089042474e+01 9.474446113301879246e-02
4.211113625000000305e+00 1.415258782839787166e+01 1.391453594694590790e-01
4.265450575000000022e+00 1.426104311017146919e+01 1.226399826179544600e-01
4.319787525000000628e+00 1.428136335274734314e+01 1.222328117295455041e-01
4.374124475000000345e+00 1.430414373106823156e+01 1.050722510015049960e-01
4.428461425000000062e+00 1.430784419899025472e+01 9.296778402278492448e-02
4.482798374999999780e+00 1.436562134564570492e+01 6.719754854465839755e-02
4.537135325000000385e+00 1.438771152322159530e+01 5.751930507044027141e-02
4.591472275000000103e+00 1.445945123009402344e+01 6.038705269999462139e-02
4.645809225000000708e+00 1.447446664204919919e+01 8.191987661166877377e-02
4.700146175000000426e+00 1.455955489515914358e+01 8.533464413313940344e-02
4.754483125000000143e+00 1.455538000052553471e+01 1.383653031266974254e-01
4.808820074999999861e+00 1.457712570393861817e+01 1.449055894137671052e-01
4.863157025000000466e+00 1.459321565881820781e+01 1.095744588723254059e-01
4.917493975000000184e+00 1.473718965638506795e+01 1.072706833870096937e-01
4.971830924999999901e+00 1.502779188506059427e+01 1.241681744347147981e-01
5.026167875000000507e+00 1.563514529620012006e+01 1.377418819316695575e-01
5.080504825000000224e+00 1.651490559468477670e+01 1.466627331954135360e-01
5.134841774999999942e+00 1.812025294360017824e+01 1.599605491274819213e-01
5.189178724999999659e+00 1.988823985080380652e+01 1.983680280956940101e-01
5.243515675000000265e+00 2.195730622499014828e+01 1.614745743726908878e-01
5.297852624999999982e+00 2.489170553626775728e+01 1.093931620846893271e-01
5.352189575000000588e+00 2.921121680219970074e+01 5.057351706049624251e-01
5.406526525000000305e+00 3.321333780021099358e+01 5.721617214930527773e-01
