# A2323K ST100 bf 5
2.094002000000000016e-02 7.489861271317116120e+01 8.590682181644818671e-01
6.282005999999999701e-02 7.321315524323183865e+01 2.342829309819396411e+00
1.047000999999999904e-01 7.012862157140595798e+01 2.446875530803216403e+00
1.465801399999999977e-01 6.609857645398940917e+01 2.228630495470390382e+00
1.884601800000000049e-01 6.216961867811428277e+01 1.781682934949637920e+00
2.303402199999999844e-01 5.860769955732352088e+01 1.980779019465289004e+00
2.722202599999999917e-01 5.508763371692970168e+01 1.230428864356096774e+00
3.141002999999999989e-01 5.267915596175498649e+01 1.208918313943601275e+00
3.559803400000000062e-01 4.956981412597009751e+01 8.296541574831549637e-01
3.978603800000000135e-01 4.617774975193856335e+01 4.459707673618790169e-01
4.397404200000000207e-01 4.305960158007096084e+01 3.655839158005681488e-01
4.816204600000000280e-01 4.014399251921870615e+01 1.288441901095554731e-01
5.235004999999999242e-01 3.737808233356361143e+01 1.297756174705775589e-01
5.653805400000000425e-01 3.491390151478974957e+01 4.001748759852129939e-02
6.072605799999999387e-01 3.190944067660063865e+01 1.845828469532625471e-01
6.491406200000000570e-01 2.950613999520358988e+01 4.304310677553588871e-01
6.910206599999999533e-01 2.701771832713316002e+01 7.407174185654170628e-01
7.329007000000000716e-01 2.428798846310728976e+01 9.306930112971829594e-01
7.747807399999999678e-01 2.162103343813804202e+01 9.451149976993626911e-01
8.166607800000000861e-01 1.924704410401223242e+01 7.934864942152543010e-01
8.585408199999999823e-01 1.710271726301089501e+01 6.131881322109093979e-01
9.004208600000001006e-01 1.518475539342732539e+01 5.648556009877886419e-01
9.423008999999999968e-01 1.337654801799155635e+01 4.701957099911384663e-01
9.841809400000000041e-01 1.175694790985775917e+01 4.213515638487220216e-01
1.026060980000000011e+00 1.029779215028013795e+01 3.277452875216735895e-01
1.067941020000000130e+00 9.022869920277283740e+00 2.603840153491868703e-01
1.109821060000000026e+00 7.833094723524766323e+00 1.959574536575381942e-01
1.151701099999999922e+00 6.673513952925164361e+00 7.882808084161282980e-02
1.193581140000000040e+00 5.514226174030460115e+00 1.422929696434812631e-02
1.235461180000000159e+00 4.361404203693266979e+00 6.163935581401838726e-02
1.277341220000000055e+00 3.297569884255448613e+00 1.134096531855888351e-01
1.319221259999999951e+00 2.340629283510903491e+00 1.481906856624172486e-01
1.361101300000000069e+00 1.537531272152957484e+00 1.784498955069384329e-01
1.402981339999999966e+00 9.036703691685321616e-01 2.299332869077976294e-01
1.444861379999999862e+00 4.318219224667743106e-01 2.560981963331512845e-01
1.486741419999999980e+00 1.494395121372669166e-01 2.558599907033848875e-01
1.528621460000000098e+00 2.318671731564414529e-02 2.252959947183169331e-01
1.570501499999999995e+00 0.000000000000000000e+00 2.283964525190494699e-01
1.612381539999999891e+00 2.500385479462963190e-03 2.737365351890718168e-01
1.654261580000000009e+00 1.305895797078946430e-01 3.233194179164992077e-01
1.696141620000000128e+00 3.234920526232212268e-01 4.917741927508999522e-01
1.738021660000000024e+00 5.919808795206247254e-01 6.562411256605524823e-01
1.779901699999999920e+00 9.948439137006310773e-01 7.890071912799103693e-01
1.821781740000000038e+00 1.406107342956124384e+00 7.890809718550981788e-01
1.863661780000000157e+00 1.906722810411149993e+00 8.005415800575550467e-01
1.905541820000000053e+00 2.483899007021548755e+00 7.100822911296693629e-01
1.947421859999999949e+00 3.152900474570023093e+00 6.259370941082105233e-01
1.989301900000000067e+00 4.002600085903100791e+00 6.240967548344746874e-01
2.031181939999999742e+00 4.903239748763873251e+00 6.515887019901283050e-01
2.073061980000000304e+00 6.007826682912945415e+00 8.343839888958841655e-01
2.114942019999999978e+00 7.063170677604945880e+00 9.169895736359258143e-01
2.156822059999999652e+00 8.163392840944963424e+00 1.001712040489462163e+00
2.198702100000000215e+00 9.058514801650799697e+00 9.478567101205650491e-01
2.240582139999999889e+00 9.777464793294923240e+00 8.481832913076965408e-01
2.282462180000000007e+00 1.032215732459407498e+01 7.930559616865350270e-01
2.324342220000000125e+00 1.083390849583494031e+01 7.740477146608996106e-01
2.366222259999999800e+00 1.132157939742627129e+01 8.139108130360314108e-01
2.408102300000000362e+00 1.180939833816204754e+01 8.026648315443591919e-01
2.449982340000000036e+00 1.219016073618944773e+01 7.549734052266704465e-01
2.491862379999999710e+00 1.251866247003482435e+01 6.256340657594738897e-01
2.533742420000000273e+00 1.294724225127171735e+01 4.392283215655266582e-01
2.575622459999999947e+00 1.334548303323267326e+01 3.173957750090953267e-01
2.617502500000000065e+00 1.357657301079142087e+01 2.622261969367202794e-01
2.659382540000000184e+00 1.389229778341378818e+01 2.595016728449918153e-01
2.701262579999999858e+00 1.415157069545227486e+01 3.493627509664983255e-01
2.743142619999999976e+00 1.446659878268378385e+01 3.593236233567960181e-01
2.785022660000000094e+00 1.478161051509813362e+01 4.489282888083131473e-01
2.826902699999999768e+00 1.514094758981221744e+01 3.856427125055813532e-01
2.868782740000000331e+00 1.554573363827018539e+01 3.584863005052019158e-01
2.910662780000000005e+00 1.583499409066410024e+01 3.236348320662219002e-01
2.952542819999999679e+00 1.625991396246208609e+01 2.910571306615014620e-01
2.994422860000000242e+00 1.670475977779145893e+01 2.882108717236743223e-01
3.036302899999999916e+00 1.719545821329839441e+01 2.163141298344663233e-01
3.078182940000000034e+00 1.751013221880537074e+01 1.744625005410373464e-01
3.120062980000000152e+00 1.781887532793242102e+01 1.908412834614466036e-01
3.161943019999999827e+00 1.812441979335702058e+01 1.048303048903831275e-01
3.203823060000000389e+00 1.839862143235520620e+01 1.067194338020901606e-01
3.245703100000000063e+00 1.865655671368061519e+01 1.547512871204527740e-01
3.287583139999999737e+00 1.884524011974097135e+01 1.363794550322301735e-01
3.329463180000000300e+00 1.911685881868588410e+01 1.077120011347988682e-01
3.371343219999999974e+00 1.928004627728820353e+01 9.919784666013981012e-02
3.413223259999999648e+00 1.938932830615976144e+01 8.764560635784432452e-02
3.455103300000000210e+00 1.951039853832171644e+01 9.850340874055728280e-02
3.496983339999999885e+00 1.963907955992772969e+01 1.103845212519422164e-01
3.538863380000000003e+00 1.952638356819327470e+01 9.367735253394535166e-02
3.580743420000000121e+00 1.966022474339523285e+01 8.641685786309641348e-02
3.622623459999999795e+00 1.961224568784360400e+01 1.008473140627551556e-01
3.664503500000000358e+00 1.964590183867812456e+01 1.034016819824207373e-01
3.706383540000000032e+00 1.971718547118565112e+01 8.679153151312729575e-02
3.748263579999999706e+00 1.981002206701483459e+01 8.289344608062937381e-02
3.790143620000000269e+00 2.016448934576157370e+01 9.627222577817963478e-02
3.832023659999999943e+00 2.069973068865457577e+01 9.390744328309730271e-02
3.873903700000000061e+00 2.175043456180421231e+01 9.650552292962114032e-02
3.915783740000000179e+00 2.292284135137533951e+01 1.612097322904108287e-01
3.957663779999999853e+00 2.445320376745714697e+01 1.801867065704164383e-01
3.999543819999999972e+00 2.620907577128635069e+01 1.641993778655584102e-01
4.041423860000000090e+00 2.957096643390682544e+01 2.513238068530774805e-01
4.083303900000000652e+00 3.337008070412164074e+01 1.426863856794460261e-01
4.125183939999999438e+00 3.900075443001473730e+01 1.407689838525694404e+00
4.167063980000000001e+00 3.804121059219642120e+01 5.590999005957371093e-01
