4.650288833333333094e-01 1.755746849999999970e+00
6.612806499999999144e-01 1.931922549999999905e+00
8.575324166666666859e-01 2.108098250000000284e+00
1.053784183333333457e+00 2.284273950000000220e+00
1.250035950000000007e+00 2.460449650000000155e+00
1.446287716666666778e+00 2.636625350000000090e+00
1.642539483333333550e+00 2.812801050000000025e+00
1.838791250000000099e+00 2.988976749999999960e+00
2.035043016666667093e+00 3.165152449999999895e+00
2.231294783333333420e+00 3.341328149999999830e+00
2.427546550000000192e+00 3.517503849999999765e+00
2.623798316666666963e+00 3.693679549999999701e+00
2.820050083333333735e+00 3.869855250000000080e+00
3.016301850000000506e+00 4.046030949999999571e+00
3.212553616666666834e+00 4.222206649999999506e+00
3.408805383333333605e+00 4.398382349999999441e+00
3.605057150000000377e+00 4.574558049999999376e+00
3.801308916666667148e+00 4.750733749999999311e+00
3.997560683333333920e+00 4.926909449999999246e+00
4.193812450000000247e+00 5.103085149999999182e+00
4.390064216666667463e+00 5.279260850000000005e+00
4.586315983333333790e+00 5.455436549999999940e+00
4.782567750000000117e+00 5.631612249999999875e+00
4.978819516666666445e+00 5.807787949999999810e+00
5.175071283333333660e+00 5.983963650000000634e+00
5.371323050000000876e+00 6.160139350000000569e+00
5.567574816666667203e+00 6.336315050000000504e+00
5.763826583333333531e+00 6.512490750000000439e+00
5.960078349999999858e+00 6.688666450000000374e+00
6.156330116666667074e+00 6.864842150000000309e+00
