# G3323K ST100 bf 10
2.537791500000000089e-02 1.357765457113813454e+02 9.995796272738555199e-01
7.613374500000000267e-02 1.281748693102788650e+02 1.040274309349153548e+00
1.268895750000000044e-01 1.210602072427829512e+02 8.686282168274630511e-01
1.776454050000000062e-01 1.144755198384754635e+02 4.842121608267527244e-01
2.284012350000000080e-01 1.065830674853871471e+02 7.019101371228082531e-01
2.791570650000000375e-01 9.889806244558209869e+01 9.654398361339736612e-01
3.299128949999999838e-01 9.238754655701617935e+01 8.320268694286484523e-01
3.806687250000000411e-01 8.763348067893230109e+01 8.778852136301125153e-01
4.314245549999999874e-01 8.289449431293719783e+01 1.849827678483694671e+00
4.821803850000000446e-01 7.759779776383084027e+01 2.355654260768450747e+00
5.329362150000001019e-01 7.356712125534068036e+01 3.111436223065009443e+00
5.836920450000000482e-01 6.952826668938075727e+01 3.778074102850459415e+00
6.344478749999999945e-01 6.512480781518875972e+01 3.848359766116201452e+00
6.852037049999999407e-01 6.115937754664034287e+01 3.845640020084946098e+00
7.359595350000001091e-01 5.702564871418243797e+01 3.605881892850356429e+00
7.867153650000000553e-01 5.294473884630672700e+01 3.098112048381755024e+00
8.374711950000000016e-01 4.849277085759189987e+01 2.749594365464839374e+00
8.882270249999999479e-01 4.358805597581219615e+01 2.440746393754670951e+00
9.389828550000001162e-01 3.917628067275391146e+01 2.244651144310095159e+00
9.897386850000000624e-01 3.499218364960758265e+01 1.889095652083766064e+00
1.040494515000000009e+00 3.090468986893679926e+01 1.708447600307170688e+00
1.091250345000000177e+00 2.700545270492290939e+01 1.501039386809891907e+00
1.142006175000000123e+00 2.333816238232081730e+01 1.246701646885697512e+00
1.192762005000000070e+00 1.977477838534214527e+01 9.497274661637102877e-01
1.243517835000000016e+00 1.657575828829208575e+01 6.171416502063261644e-01
1.294273664999999962e+00 1.384405035288104457e+01 3.315358314764355607e-01
1.345029494999999908e+00 1.147652158712934956e+01 2.093358062749682558e-01
1.395785325000000077e+00 9.233580968347066431e+00 3.166068566394511508e-01
1.446541155000000023e+00 7.314406658101809455e+00 3.692215578419144051e-01
1.497296985000000191e+00 5.519002675238670719e+00 1.851281150787463525e-01
1.548052815000000138e+00 4.079001781096067702e+00 8.736232157180928715e-02
1.598808645000000084e+00 2.954920817399329991e+00 1.560232683499007122e-01
1.649564475000000030e+00 2.038828291455331509e+00 1.230064861618987149e-01
1.700320304999999976e+00 1.211657257636630902e+00 3.827676136725891576e-01
1.751076134999999923e+00 5.208317746478812182e-01 5.073800039589707600e-01
1.801831965000000091e+00 1.974888763416515758e-01 3.465479896273442328e-01
1.852587795000000037e+00 0.000000000000000000e+00 1.586321811651739133e-01
1.903343625000000205e+00 1.565186678801921971e-01 2.596558106195645532e-01
1.954099455000000152e+00 3.995191979399237425e-01 3.149859935298810476e-01
2.004855285000000098e+00 8.849984842372187188e-01 3.466953718390847761e-01
2.055611115000000044e+00 1.507689421253012085e+00 3.248071732035506254e-01
2.106366944999999991e+00 2.228391011730607829e+00 3.015158190468267274e-01
2.157122774999999937e+00 3.170415018673647722e+00 1.672163048831991627e-01
2.207878605000000327e+00 4.294495366467110387e+00 5.813891608099136521e-02
2.258634435000000273e+00 5.141293676786059308e+00 1.869695993627318309e-01
2.309390265000000220e+00 5.872943907328121327e+00 1.766584870039888122e-01
2.360146095000000166e+00 6.345017938131803703e+00 5.039101904263429965e-01
2.410901925000000112e+00 6.914917734490366286e+00 9.722746002374438312e-01
2.461657755000000058e+00 7.869922332654713415e+00 1.435289879682349445e+00
2.512413585000000005e+00 9.008293539131283723e+00 1.753004150577211595e+00
2.563169414999999951e+00 9.895834038634241381e+00 1.913295174242118257e+00
2.613925244999999897e+00 1.094312748659245571e+01 1.965139132957762769e+00
2.664681074999999844e+00 1.221175236078086357e+01 2.238662290833584478e+00
2.715436905000000234e+00 1.370012878240472887e+01 2.590414432793092914e+00
2.766192735000000180e+00 1.537370854467389236e+01 2.907828465967908116e+00
2.816948565000000126e+00 1.681395067956666978e+01 2.953453078690120748e+00
2.867704395000000073e+00 1.830275980173060901e+01 2.827314065121803832e+00
2.918460225000000019e+00 1.978748660787829650e+01 2.702289265194843804e+00
2.969216054999999965e+00 2.130785487227166186e+01 2.484927357268435610e+00
3.019971885000000356e+00 2.282748597169076987e+01 2.176709317345415506e+00
3.070727715000000302e+00 2.440555390006613123e+01 1.829077300103135073e+00
3.121483545000000248e+00 2.573492525658546981e+01 1.561024442706343329e+00
3.172239375000000194e+00 2.692890484280373187e+01 1.347869588478958880e+00
3.222995205000000141e+00 2.777880010752483741e+01 1.103413138696934137e+00
3.273751035000000087e+00 2.866727510574128956e+01 8.995697316817886646e-01
3.324506865000000033e+00 2.940739886333814468e+01 7.610118039375837196e-01
3.375262694999999979e+00 2.989565845367704711e+01 6.878168922856052747e-01
3.426018524999999926e+00 3.022537473887480530e+01 5.456642958567885504e-01
3.476774354999999872e+00 3.059776534245783353e+01 3.739202011612868248e-01
3.527530185000000262e+00 3.098078349754329253e+01 3.271068872674154360e-01
3.578286015000000209e+00 3.112531714992893228e+01 3.967749302254185428e-01
3.629041845000000155e+00 3.120765390182296883e+01 3.252752360100570894e-01
3.679797675000000101e+00 3.133193433370501424e+01 3.522541398218062558e-01
3.730553505000000047e+00 3.152654703322684782e+01 2.957783280145718785e-01
3.781309334999999994e+00 3.157820697109080044e+01 2.316679166163878867e-01
3.832065165000000384e+00 3.167250045750746779e+01 2.702612494786723052e-01
3.882820995000000330e+00 3.177381713818119380e+01 3.089925620773369963e-01
3.933576825000000277e+00 3.185364152461442444e+01 2.865297177719648425e-01
3.984332655000000223e+00 3.203992769375896899e+01 3.697172253832066158e-01
4.035088485000000169e+00 3.203439090665104061e+01 3.387923891616974048e-01
4.085844315000000115e+00 3.211098036384927923e+01 2.431984142640395696e-01
4.136600145000000062e+00 3.215247045846032847e+01 2.691253724230929789e-01
4.187355975000000008e+00 3.227058466806086301e+01 2.241211566613974804e-01
4.238111804999999954e+00 3.239651529097163518e+01 1.863970802560244444e-01
4.288867634999999900e+00 3.244461749682153595e+01 1.982155136582063326e-01
4.339623464999999847e+00 3.253541612405254568e+01 1.795277997733569497e-01
4.390379294999999793e+00 3.252561385272801431e+01 1.335157976835544824e-01
4.441135125000000627e+00 3.262348012904843841e+01 1.259898400662125828e-01
4.491890955000000574e+00 3.257159843063894300e+01 1.449184899187053455e-01
4.542646785000000520e+00 3.267516671596186484e+01 1.418461536035016402e-01
4.593402615000000466e+00 3.281405292507531613e+01 1.580377715601823108e-01
4.644158445000000413e+00 3.286267107689320710e+01 9.575252754041747860e-02
4.694914275000000359e+00 3.289682510191271092e+01 1.477220831183678196e-01
4.745670105000000305e+00 3.293803759665510000e+01 1.510402485418913254e-01
4.796425935000000251e+00 3.283609585874836512e+01 2.372255777178226832e-01
4.847181765000000198e+00 3.299229884436832094e+01 2.943502035078820467e-01
4.897937595000000144e+00 3.291070332372904517e+01 2.620565991704109643e-01
4.948693425000000090e+00 3.287976707470066629e+01 2.925643396513786798e-01
4.999449255000000036e+00 3.286281851983746094e+01 3.413205977715382256e-01
5.050205084999999983e+00 3.284541434062298038e+01 3.294782903093408932e-01
