# quadruplex323K ST100 bf 10
2.670068999999999915e-02 inf nan
8.010206999999999744e-02 inf nan
1.335034499999999957e-01 inf nan
1.869048299999999940e-01 inf nan
2.403062099999999923e-01 inf nan
2.937075900000000184e-01 inf nan
3.471089699999999612e-01 inf nan
4.005103500000000150e-01 inf nan
4.539117299999999577e-01 inf nan
5.073131100000000115e-01 inf nan
5.607144900000000654e-01 inf nan
6.141158700000000081e-01 inf nan
6.675172499999999509e-01 inf nan
7.209186299999998937e-01 inf nan
7.743200100000000585e-01 inf nan
8.277213900000000013e-01 inf nan
8.811227699999999441e-01 inf nan
9.345241499999998869e-01 inf nan
9.879255300000000517e-01 inf nan
1.041326909999999994e+00 inf nan
1.094728289999999937e+00 inf nan
1.148129669999999880e+00 inf nan
1.201531050000000045e+00 1.655170472996946671e+02 9.023673984191791675e+00
1.254932429999999988e+00 1.398900567140654800e+02 1.613776229440663235e+00
1.308333809999999930e+00 1.277536961553996093e+02 1.700378974886166183e+00
1.361735189999999873e+00 1.189392365117982422e+02 4.650269418184015180e+00
1.415136570000000038e+00 1.076771008900133495e+02 6.317144795850697214e+00
1.468537949999999981e+00 9.912325127210183950e+01 6.055282451525836329e+00
1.521939329999999924e+00 8.492747841724127511e+01 4.404934827211262061e+00
1.575340709999999866e+00 7.630309731289736419e+01 1.209794813744990760e+00
1.628742090000000031e+00 6.870623973255803207e+01 7.538374052716629858e-01
1.682143469999999974e+00 5.835235700755640664e+01 1.372104757435311795e+00
1.735544849999999917e+00 5.139987429351378267e+01 9.121999601001791191e-01
1.788946229999999860e+00 4.437580186337616084e+01 7.609160245233650421e-01
1.842347610000000024e+00 3.802962416884459884e+01 1.027840073930885945e+00
1.895748989999999967e+00 3.417701369086304197e+01 2.939925074809374816e+00
1.949150369999999910e+00 3.016390592847911378e+01 3.784063919793936748e+00
2.002551749999999853e+00 2.665207902820975505e+01 4.043352432578082301e+00
2.055953129999999796e+00 2.316803991933775464e+01 3.753491284112908222e+00
2.109354510000000182e+00 2.042506006397319496e+01 3.266856698394310143e+00
2.162755889999999681e+00 1.773952169709146887e+01 3.093573162608158178e+00
2.216157270000000068e+00 1.574648825000712904e+01 3.395171368230957665e+00
2.269558649999999567e+00 1.297840704500401543e+01 3.069014951025593074e+00
2.322960029999999954e+00 9.807510261366131132e+00 2.328255975303074710e+00
2.376361410000000340e+00 7.211011525083673490e+00 1.878413841655770300e+00
2.429762789999999839e+00 5.493778918863579719e+00 1.701928101974362839e+00
2.483164170000000226e+00 3.263832790945026652e+00 1.235283720394192652e+00
2.536565549999999725e+00 2.037183054587294428e+00 5.956221932377351314e-01
2.589966930000000112e+00 9.422894495694329464e-01 1.237679283435344640e-01
2.643368309999999610e+00 6.844647585053422745e-01 1.156368085586993305e-01
2.696769689999999997e+00 2.543135395059881176e-01 4.010849856639748801e-01
2.750171069999999496e+00 2.288076536573893094e-01 3.888523935853880897e-01
2.803572449999999883e+00 1.351578735751388649e-01 3.939812479061364225e-01
2.856973830000000270e+00 0.000000000000000000e+00 4.405850960815723694e-01
2.910375209999999768e+00 8.721388791102313576e-02 6.327085760279147486e-01
2.963776590000000155e+00 3.507311573597906573e-01 6.575070060085757007e-01
3.017177969999999654e+00 8.076690055964235171e-01 3.562573656171384440e-01
3.070579350000000041e+00 2.039073202872405233e+00 7.011348218788566733e-01
3.123980729999999539e+00 2.585595408766565129e+00 5.495748071318486971e-01
3.177382109999999926e+00 3.618934420663993734e+00 7.866637907243981820e-01
3.230783490000000313e+00 5.515774697793449199e+00 1.377995290571693676e+00
3.284184869999999812e+00 6.848547963325989585e+00 1.691936570201668211e+00
3.337586250000000199e+00 7.911753157494841204e+00 1.962615777914935355e+00
3.390987629999999697e+00 9.064248252033010544e+00 2.275730313502084545e+00
3.444389010000000084e+00 1.006986020187902220e+01 2.558266126913154803e+00
3.497790389999999583e+00 1.136063168293868131e+01 2.854014000064545087e+00
3.551191769999999970e+00 1.244071391125684833e+01 2.817357833643485687e+00
3.604593149999999468e+00 1.364346240582541192e+01 2.760790414126912840e+00
3.657994529999999855e+00 1.469656941358649682e+01 2.784231894449226807e+00
3.711395910000000242e+00 1.604583854653198216e+01 2.797956475970209578e+00
3.764797289999999741e+00 1.786617398932887824e+01 2.840558917235711522e+00
3.818198670000000128e+00 1.991156185725892769e+01 2.818323638596469394e+00
3.871600049999999626e+00 2.197963004016950350e+01 2.802749308804630246e+00
3.925001430000000013e+00 2.408234757697666950e+01 2.640000832993996127e+00
3.978402809999999512e+00 2.624041831126893243e+01 2.343371639249350213e+00
4.031804189999999899e+00 2.801278157589867845e+01 1.905257882197750607e+00
4.085205569999999398e+00 3.028944631515273755e+01 1.297068929402394266e+00
4.138606949999999784e+00 3.271581792256953491e+01 4.080633422306166880e-01
4.192008330000000171e+00 3.534062366048278392e+01 1.102187777559635151e+00
4.245409709999999670e+00 3.732959760478295408e+01 2.034485957147640800e+00
4.298811090000000057e+00 3.834227155516968821e+01 2.245958642025307928e+00
4.352212469999999556e+00 3.935017298753135151e+01 2.489898852639248261e+00
4.405613849999999942e+00 4.014562432832619265e+01 2.638968966856928500e+00
4.459015230000000329e+00 4.085416599110687486e+01 2.723970772150284159e+00
4.512416609999999828e+00 4.134788616870005740e+01 2.698780894299655841e+00
4.565817989999999327e+00 4.181206144664530200e+01 2.729210100267726702e+00
4.619219369999999714e+00 4.228043815147420048e+01 2.637781389696293832e+00
4.672620750000000100e+00 4.253109728062665340e+01 2.595923640222268070e+00
4.726022130000000487e+00 4.290188409666536273e+01 2.672413696269875683e+00
4.779423509999999986e+00 4.309197560096317403e+01 2.631669020690567962e+00
4.832824889999999485e+00 4.337517552240332463e+01 2.636301089889090399e+00
4.886226269999999872e+00 4.373662178044101978e+01 2.747033442850425722e+00
4.939627650000000259e+00 4.419306608502970590e+01 2.673607742852265989e+00
4.993029029999999757e+00 4.500641889306430699e+01 2.599687809398295357e+00
5.046430409999999256e+00 4.622852276324165643e+01 2.717686863435553768e+00
5.099831789999999643e+00 4.767114666824597435e+01 2.621608324650528843e+00
5.153233170000000030e+00 4.948598486786519146e+01 2.556356720379152847e+00
5.206634550000000417e+00 5.204961264332489890e+01 3.051703690131327029e+00
5.260035929999999915e+00 5.563013067047158700e+01 2.548769548985476696e+00
5.313437309999999414e+00 6.080068832243663479e+01 2.415149576852968050e+00
