# G_opc323K ST100 bf 5
-3.781788139999999743e+00 inf nan
-3.705388420000000238e+00 inf nan
-3.628988699999999845e+00 inf nan
-3.552588979999999896e+00 inf nan
-3.476189259999999948e+00 inf nan
-3.399789539999999555e+00 inf nan
-3.323389820000000050e+00 inf nan
-3.246990099999999657e+00 inf nan
-3.170590380000000152e+00 inf nan
-3.094190659999999760e+00 inf nan
-3.017790939999999811e+00 inf nan
-2.941391219999999862e+00 inf nan
-2.864991499999999913e+00 inf nan
-2.788591779999999964e+00 inf nan
-2.712192059999999572e+00 inf nan
-2.635792340000000067e+00 inf nan
-2.559392619999999674e+00 inf nan
-2.482992900000000169e+00 inf nan
-2.406593179999999776e+00 inf nan
-2.330193459999999828e+00 inf nan
-2.253793739999999879e+00 inf nan
-2.177394019999999930e+00 inf nan
-2.100994299999999981e+00 inf nan
-2.024594579999999588e+00 inf nan
-1.948194859999999862e+00 inf nan
-1.871795139999999913e+00 inf nan
-1.795395419999999964e+00 inf nan
-1.718995699999999793e+00 inf nan
-1.642595979999999622e+00 inf nan
-1.566196259999999674e+00 inf nan
-1.489796539999999725e+00 inf nan
-1.413396819999999776e+00 inf nan
-1.336997099999999827e+00 inf nan
-1.260597379999999879e+00 inf nan
-1.184197659999999930e+00 inf nan
-1.107797939999999981e+00 inf nan
-1.031398219999999810e+00 inf nan
-9.549984999999996393e-01 inf nan
-8.785987799999996906e-01 inf nan
-8.021990599999997418e-01 inf nan
-7.257993399999997930e-01 inf nan
-6.493996199999998442e-01 inf nan
-5.729998999999998954e-01 inf nan
-4.966001799999997246e-01 inf nan
-4.202004599999995538e-01 inf nan
-3.438007399999996050e-01 inf nan
-2.674010199999996562e-01 inf nan
-1.910012999999997074e-01 inf nan
-1.146015799999997586e-01 inf nan
-3.820185999999980986e-02 inf nan
3.819786000000013892e-02 5.577067568824375599e+01 1.411138647256793721e+00
1.145975800000000877e-01 5.067937352797667927e+01 2.207885752977541749e+00
1.909973000000002585e-01 4.465664066559529743e+01 2.079354159829148063e+00
2.673970200000002073e-01 3.893559900824785558e+01 1.069855508141706046e+00
3.437967400000001561e-01 3.379570926324534241e+01 2.174689273737525352e-01
4.201964600000005490e-01 2.970837319052644432e+01 2.226707349866060559e-01
4.965961800000004978e-01 2.519653803433281425e+01 4.643044664041714453e-01
5.729959000000004465e-01 2.074520146411180122e+01 7.864706194870792200e-02
6.493956200000003953e-01 1.682041601442210066e+01 1.449458901938312783e-01
7.257953400000003441e-01 1.333466122954893152e+01 4.523245081199214201e-01
8.021950600000002929e-01 1.020383726967882509e+01 3.851297147776682750e-01
8.785947800000002417e-01 7.428777685118021168e+00 2.630984080051278484e-01
9.549945000000001905e-01 4.887039509468060317e+00 1.478459717149654962e-01
1.031394220000000139e+00 2.846474464739227273e+00 1.868306739751454948e-01
1.107793940000000532e+00 1.558771893950193999e+00 2.079890065265490862e-01
1.184193660000000481e+00 7.478228958084010003e-01 7.979605061119421361e-02
1.260593380000000430e+00 2.211463455563347225e-01 1.795274187068316429e-01
1.336993100000000378e+00 4.213574877858761170e-02 1.976226125622644603e-01
1.413392820000000327e+00 0.000000000000000000e+00 6.870196490816508905e-02
1.489792540000000276e+00 1.432685198352068312e-01 4.877909947444254019e-02
1.566192260000000225e+00 7.950627836015158323e-01 1.216504125321422880e-01
1.642591980000000174e+00 1.811436225501399377e+00 1.757293899958827510e-01
1.718991700000000122e+00 2.998138200984680424e+00 1.085268158562549545e-01
1.795391420000000515e+00 4.310762709048518104e+00 2.958155832086570847e-01
1.871791140000000464e+00 6.022776026483676048e+00 5.337952040084062988e-01
1.948190860000000413e+00 7.603328590029832412e+00 4.908556552949726592e-01
2.024590580000000362e+00 9.482585928790129515e+00 1.626218532610795020e-01
2.100990300000000310e+00 1.106133407325228468e+01 1.566782092487713773e-01
2.177390020000000259e+00 1.218236852193872899e+01 2.336562874349006336e-01
2.253789740000000208e+00 1.330561084547203166e+01 2.085683336531850840e-01
2.330189460000000601e+00 1.392502207858128216e+01 2.125978197586629037e-01
2.406589180000000550e+00 1.384002141391320251e+01 5.577763579302149610e-01
2.482988900000000498e+00 1.396614826280201882e+01 7.968435784087957163e-01
2.559388620000000447e+00 1.417068016924258700e+01 1.031885386542088501e+00
2.635788340000000396e+00 1.418349413395799452e+01 1.081224969257748025e+00
2.712188060000000345e+00 1.467354850415365952e+01 1.068729449610339222e+00
2.788587780000000294e+00 1.499797253230050664e+01 9.068081706306945211e-01
2.864987500000000686e+00 1.517871390924341313e+01 7.482576123636617282e-01
2.941387220000000635e+00 1.562656504105607169e+01 6.546095663534958753e-01
3.017786940000000584e+00 1.594729878357040853e+01 5.687641225731377981e-01
3.094186660000000533e+00 1.618958862138017452e+01 5.830243466183560042e-01
3.170586380000000482e+00 1.642920660920485432e+01 6.491174994671624621e-01
3.246986100000000430e+00 1.664636928108973279e+01 5.901450074105518695e-01
3.323385820000000379e+00 1.662699694806224926e+01 5.335821280185996107e-01
3.399785540000000328e+00 1.666157881385304051e+01 4.182955550465230488e-01
3.476185260000000277e+00 1.658745923958063884e+01 3.172972545418842882e-01
3.552584980000000670e+00 1.656288274763636892e+01 2.992874860067342158e-01
3.628984700000000618e+00 1.661503689597054390e+01 3.253938359710636941e-01
3.705384420000000567e+00 1.665124035293693083e+01 3.365029419134828448e-01
3.781784140000000072e+00 1.653881127122624406e+01 3.209096285732179199e-01
