# GGC323K ST100 bf 10
-5.321927889999999550e+00 inf nan
-5.214167670000000143e+00 inf nan
-5.106407450000000736e+00 inf nan
-4.998647229999999553e+00 inf nan
-4.890887010000000146e+00 inf nan
-4.783126790000000739e+00 inf nan
-4.675366569999999555e+00 inf nan
-4.567606350000000148e+00 inf nan
-4.459846130000000741e+00 inf nan
-4.352085909999999558e+00 inf nan
-4.244325690000000151e+00 inf nan
-4.136565470000000744e+00 inf nan
-4.028805249999999560e+00 inf nan
-3.921045030000000153e+00 inf nan
-3.813284809999999858e+00 inf nan
-3.705524590000000007e+00 inf nan
-3.597764369999999712e+00 inf nan
-3.490004149999999861e+00 inf nan
-3.382243929999999565e+00 inf nan
-3.274483709999999714e+00 inf nan
-3.166723489999999863e+00 inf nan
-3.058963269999999568e+00 inf nan
-2.951203049999999717e+00 inf nan
-2.843442829999999866e+00 inf nan
-2.735682609999999571e+00 inf nan
-2.627922389999999719e+00 inf nan
-2.520162169999999868e+00 inf nan
-2.412401949999999573e+00 inf nan
-2.304641729999999722e+00 inf nan
-2.196881509999999871e+00 inf nan
-2.089121289999999576e+00 inf nan
-1.981361069999999502e+00 inf nan
-1.873600849999999651e+00 inf nan
-1.765840629999999578e+00 inf nan
-1.658080409999999505e+00 inf nan
-1.550320189999999432e+00 inf nan
-1.442559969999999359e+00 inf nan
-1.334799749999999507e+00 inf nan
-1.227039529999999434e+00 inf nan
-1.119279309999999139e+00 inf nan
-1.011519089999999288e+00 inf nan
-9.037588699999994368e-01 inf nan
-7.959986499999991416e-01 inf nan
-6.882384299999992905e-01 inf nan
-5.804782099999994394e-01 inf nan
-4.727179899999991441e-01 inf nan
-3.649577699999992930e-01 inf nan
-2.571975499999994419e-01 inf nan
-1.494373299999991467e-01 inf nan
-4.167710999999929555e-02 1.575622751213592778e+02 3.847803457341234079e+00
6.608311000000055557e-02 1.364207101012040653e+02 1.051610132508418083e+01
1.738433300000008508e-01 1.149751541162385990e+02 6.853159338263724365e+00
2.816035500000007019e-01 9.901789319227796682e+01 4.002877005842984559e+00
3.893637700000005530e-01 8.462275997122102922e+01 4.368824982332932372e+00
4.971239900000008483e-01 7.212566530607242044e+01 4.148923951074679373e+00
6.048842100000006994e-01 6.272980374701061379e+01 4.768296625146249745e+00
7.126444300000005505e-01 5.278953805524813703e+01 5.915261359404119901e+00
8.204046500000008457e-01 4.270995810388303937e+01 6.197990062188399207e+00
9.281648700000011409e-01 3.397152844311137443e+01 6.037939843196901357e+00
1.035925090000000992e+00 2.743790507121899935e+01 5.729609957514298912e+00
1.143685310000000843e+00 2.120201185782298836e+01 5.004186112760335092e+00
1.251445530000001138e+00 1.523195986721863626e+01 4.283822841252209024e+00
1.359205750000000990e+00 1.049000575644627276e+01 2.914115303293403958e+00
1.466965970000000841e+00 6.664634853185301466e+00 1.613320592718350266e+00
1.574726190000001136e+00 3.788307788344482674e+00 7.610035553720529977e-01
1.682486410000000987e+00 1.923130009370304094e+00 2.253951380054567133e-01
1.790246630000000838e+00 5.581594226247830193e-01 1.577234602562753440e-01
1.898006850000001133e+00 0.000000000000000000e+00 2.623750045962082167e-01
2.005767070000000984e+00 1.936966346043860199e-01 3.639629971880440906e-01
2.113527290000000836e+00 7.684383567375547841e-01 4.027884363571637150e-01
2.221287510000001131e+00 1.813861413877702944e+00 1.190274216943198321e-01
2.329047730000001426e+00 2.499259228801570032e+00 1.716964636940177258e-01
2.436807950000001277e+00 2.411329570319775684e+00 1.424036214665945210e-01
2.544568170000001128e+00 2.802438230039925315e+00 3.357346061189219744e-01
2.652328390000001423e+00 3.492020593795245986e+00 1.153068001024010053e-01
2.760088610000001275e+00 4.733306815310193372e+00 1.335436364318497715e-01
2.867848830000000682e+00 6.520483939431393594e+00 4.289306120034206415e-01
2.975609050000000977e+00 8.987142226892000707e+00 7.989892484859546506e-01
3.083369270000001272e+00 1.155602460319366287e+01 1.172631718745915652e+00
3.191129490000001567e+00 1.387775366270417265e+01 1.681435835734600870e+00
3.298889710000001863e+00 1.555438450822235552e+01 2.091186276399298993e+00
3.406649930000001270e+00 1.689615676864197269e+01 2.267313808341832271e+00
3.514410150000001565e+00 1.787940882796980802e+01 2.414588558505960325e+00
3.622170370000001860e+00 1.840124953982552114e+01 2.573465886383560441e+00
3.729930590000001267e+00 1.881502854516810430e+01 2.552645957766655371e+00
3.837690810000001562e+00 1.916066078793362237e+01 2.595553183079500226e+00
3.945451030000001857e+00 1.936450523315103567e+01 2.583725101738353569e+00
4.053211250000001264e+00 1.960989605529915281e+01 2.612832795499716365e+00
4.160971470000001560e+00 1.975646977451124897e+01 2.582293704504920573e+00
4.268731690000001855e+00 1.987271775119086215e+01 2.573538661182582121e+00
4.376491910000001262e+00 1.997809839542563992e+01 2.574002955323539954e+00
4.484252130000001557e+00 2.006118991179299726e+01 2.495274699073581015e+00
4.592012350000001852e+00 2.019353345728744387e+01 2.453679440816423973e+00
4.699772570000001259e+00 2.024143619067015010e+01 2.477105567731239244e+00
4.807532790000001555e+00 2.020426328330698240e+01 2.425360207798517465e+00
4.915293010000001850e+00 2.030230320574146674e+01 2.410769950210186696e+00
5.023053230000001257e+00 2.123630114365192156e+01 2.404078813034473239e+00
5.130813450000001552e+00 2.330179604775010560e+01 2.460748573486360780e+00
5.238573670000001847e+00 2.706945106904057496e+01 2.470020414768535399e+00
5.346333890000000366e+00 3.280773313904663979e+01 2.375666516750459145e+00
