# U3323K ST100 bf 10
2.727078500000000225e-02 8.524087353032220449e+01 2.224991668055019911e+00
8.181235500000000327e-02 8.623363890867500459e+01 6.441985263812575191e+00
1.363539250000000147e-01 8.825060477751338794e+01 1.057975926901876207e+01
1.908954950000000261e-01 8.973875232238042088e+01 1.483309632348690599e+01
2.454370650000000098e-01 8.584674554920613332e+01 1.525990083851290358e+01
2.999786349999999935e-01 8.108930100248899464e+01 1.493340635044892650e+01
3.545202050000000327e-01 7.441565815579916432e+01 1.400405698209531558e+01
4.090617750000000719e-01 6.885977892444800830e+01 1.308960413061424255e+01
4.636033450000000000e-01 6.377437904824419945e+01 1.264745986327625360e+01
5.181449150000000392e-01 5.883096233258658003e+01 1.187179605805648563e+01
5.726864850000000784e-01 5.431373440883091064e+01 1.107993018556497056e+01
6.272280550000000066e-01 5.004446205900055133e+01 1.007051233521515776e+01
6.817696250000000457e-01 4.561027660732112565e+01 8.706980059196649080e+00
7.363111950000000849e-01 4.121493273750827058e+01 7.267325238562927225e+00
7.908527650000001241e-01 3.690062373035227239e+01 6.432074970965357963e+00
8.453943350000000523e-01 3.227975868849350150e+01 5.947315550203839507e+00
8.999359050000000915e-01 2.793577071666175726e+01 5.381049590806420646e+00
9.544774750000000196e-01 2.384657138065868054e+01 5.019703672067771016e+00
1.009019045000000059e+00 1.994020504515230030e+01 5.126414929848850832e+00
1.063560615000000098e+00 1.654165487714487170e+01 5.129764269244811103e+00
1.118102185000000137e+00 1.331927790104615994e+01 5.237338249527478062e+00
1.172643755000000176e+00 1.045461227843158269e+01 5.262168301545514737e+00
1.227185325000000216e+00 7.923201494774382070e+00 5.317004609976809348e+00
1.281726895000000033e+00 5.876993125486460912e+00 5.285363727432188519e+00
1.336268465000000072e+00 4.050977340075368360e+00 5.171224928429845491e+00
1.390810035000000111e+00 2.556748978206773160e+00 5.065297775263462476e+00
1.445351605000000150e+00 1.548288408500319235e+00 4.983774403562581057e+00
1.499893175000000189e+00 8.359603813615326118e-01 5.063450352741325489e+00
1.554434745000000007e+00 4.095610800156830322e-01 5.182987205344568693e+00
1.608976315000000046e+00 1.582489115029801496e-01 5.358371990165641918e+00
1.663517885000000085e+00 0.000000000000000000e+00 5.453641978985127814e+00
1.718059455000000124e+00 1.943295006895340293e-02 5.599959192841239108e+00
1.772601025000000163e+00 8.826509643002289351e-02 5.696947855900208246e+00
1.827142595000000203e+00 1.354911971609649157e-01 5.672799111489132962e+00
1.881684165000000242e+00 4.671583976209063849e-01 5.715789493675075050e+00
1.936225735000000281e+00 8.158648800393226708e-01 5.691727536608672366e+00
1.990767305000000098e+00 1.090827407203857291e+00 5.492151356447259047e+00
2.045308874999999915e+00 1.117021705465065295e+00 5.284733936985733571e+00
2.099850445000000398e+00 1.235216373981149474e+00 4.942083075701832584e+00
2.154392014999999994e+00 1.629111174636111770e+00 4.607221083947360185e+00
2.208933585000000477e+00 2.235358425313126673e+00 4.173261134593877486e+00
2.263475155000000072e+00 3.042950254416147970e+00 3.727057457552956254e+00
2.318016725000000555e+00 4.138924012036431677e+00 3.135569485330701234e+00
2.372558295000000150e+00 5.200496632626665061e+00 2.579530532249350916e+00
2.427099865000000189e+00 6.084992025520092440e+00 1.922443814996060318e+00
2.481641435000000229e+00 6.692937073131592030e+00 1.243226350737333563e+00
2.536183004999999824e+00 7.226200048597615222e+00 5.495843543636406148e-01
2.590724575000000307e+00 7.777637516132097417e+00 9.161810728038288776e-02
2.645266144999999902e+00 8.254214907987053707e+00 3.985112454766746026e-01
2.699807715000000385e+00 8.794722174505695378e+00 7.123307484107959109e-01
2.754349284999999981e+00 9.401410815622169181e+00 8.612158191565466581e-01
2.808890855000000464e+00 9.977529644518178031e+00 8.464280093226689283e-01
2.863432425000000059e+00 1.056386342590475280e+01 7.854367531621183618e-01
2.917973995000000542e+00 1.115575884421263098e+01 6.668871419508821674e-01
2.972515565000000137e+00 1.178736382131529403e+01 5.866574326351458035e-01
3.027057135000000621e+00 1.230678250987095268e+01 5.865060333530677239e-01
3.081598705000000216e+00 1.278223632955953804e+01 6.217095185332123242e-01
3.136140275000000255e+00 1.334996041821399260e+01 6.734443919913326582e-01
3.190681845000000294e+00 1.381730765982939957e+01 7.596979246674591124e-01
3.245223414999999889e+00 1.441536426914957758e+01 8.380051728296226132e-01
3.299764985000000372e+00 1.491900407795082728e+01 8.303868162089966809e-01
3.354306554999999967e+00 1.533345223189351714e+01 7.526826659798957486e-01
3.408848125000000451e+00 1.570001825760237324e+01 7.481529650362910289e-01
3.463389695000000046e+00 1.607679863956756350e+01 6.042850027380146649e-01
3.517931265000000529e+00 1.630290270041524892e+01 5.401478674760237242e-01
3.572472835000000124e+00 1.650672898109315412e+01 4.850139541223308925e-01
3.627014405000000608e+00 1.668433491262546298e+01 3.844788641855229061e-01
3.681555975000000203e+00 1.675406564847668989e+01 3.788531915435897623e-01
3.736097545000000686e+00 1.688742402143665799e+01 4.032584652495004307e-01
3.790639115000000281e+00 1.698693772779239808e+01 2.744346626017949431e-01
3.845180685000000320e+00 1.703844451109891622e+01 2.889492137906330416e-01
3.899722255000000359e+00 1.708960028323549096e+01 2.548202828042737123e-01
3.954263824999999954e+00 1.709991278735188658e+01 2.292448713661388304e-01
4.008805395000000438e+00 1.721517195116394561e+01 2.035787343109773939e-01
4.063346965000000921e+00 1.727198467792942438e+01 1.858288091354957927e-01
4.117888535000000516e+00 1.733412785044651017e+01 1.524746113079536447e-01
4.172430105000000111e+00 1.745750946530526448e+01 1.358257572899862209e-01
4.226971674999999706e+00 1.756265503901209257e+01 1.360290694467082839e-01
4.281513245000000190e+00 1.758469062384187254e+01 1.096917734031956082e-01
4.336054815000000673e+00 1.764318263888670302e+01 8.041413142951114867e-02
4.390596385000000268e+00 1.775430113357658968e+01 7.286545445809911037e-02
4.445137954999999863e+00 1.773773344397554652e+01 8.404011247879022983e-02
4.499679525000000346e+00 1.774832545246401594e+01 9.790628623959356236e-02
4.554221095000000830e+00 1.786930563176543885e+01 1.030532364794366357e-01
4.608762665000000425e+00 1.785700381301537121e+01 1.329072595547585445e-01
4.663304235000000020e+00 1.777300912129084409e+01 1.163478437983931912e-01
4.717845805000000503e+00 1.789747426393686780e+01 1.332043666478563149e-01
4.772387375000000986e+00 1.785356436495400700e+01 9.317601221311586079e-02
4.826928945000000581e+00 1.788016839067187291e+01 8.880873670210677473e-02
4.881470515000000177e+00 1.800492028472180905e+01 7.391133572617818170e-02
4.936012084999999772e+00 1.819984596460177428e+01 9.108212775198773481e-02
4.990553655000000255e+00 1.845402647334366009e+01 1.088789957180995305e-01
5.045095225000000738e+00 1.906119779934584457e+01 7.571900742565634834e-02
5.099636795000000333e+00 1.988670340696686623e+01 1.998186566040774381e-02
5.154178364999999928e+00 2.124769801594572272e+01 2.294712288994088176e-02
5.208719935000000412e+00 2.302435377496385271e+01 1.327841747883092838e-01
5.263261505000000895e+00 2.494119648627926722e+01 2.614908554754859921e-02
5.317803075000000490e+00 2.825662356269865683e+01 7.121558382756654204e-02
5.372344645000000085e+00 3.329136120245249941e+01 4.690632261957802251e-01
5.426886215000000568e+00 3.689714300357307053e+01 9.092689170026385659e-01
