# GA323K ST100 bf 5
-4.076939639999999976e+00 inf nan
-3.994926920000000159e+00 inf nan
-3.912914199999999898e+00 inf nan
-3.830901479999999637e+00 inf nan
-3.748888759999999820e+00 inf nan
-3.666876040000000003e+00 inf nan
-3.584863320000000186e+00 inf nan
-3.502850599999999925e+00 inf nan
-3.420837879999999664e+00 inf nan
-3.338825159999999848e+00 inf nan
-3.256812440000000031e+00 inf nan
-3.174799720000000214e+00 inf nan
-3.092786999999999509e+00 inf nan
-3.010774279999999692e+00 inf nan
-2.928761559999999875e+00 inf nan
-2.846748840000000058e+00 inf nan
-2.764736120000000241e+00 inf nan
-2.682723399999999536e+00 inf nan
-2.600710679999999719e+00 inf nan
-2.518697959999999902e+00 inf nan
-2.436685240000000086e+00 inf nan
-2.354672520000000269e+00 inf nan
-2.272659799999999564e+00 inf nan
-2.190647079999999747e+00 inf nan
-2.108634359999999930e+00 inf nan
-2.026621640000000113e+00 inf nan
-1.944608919999999852e+00 inf nan
-1.862596200000000035e+00 inf nan
-1.780583479999999996e+00 inf nan
-1.698570759999999957e+00 inf nan
-1.616558039999999918e+00 inf nan
-1.534545319999999879e+00 inf nan
-1.452532600000000063e+00 inf nan
-1.370519880000000024e+00 inf nan
-1.288507159999999985e+00 inf nan
-1.206494439999999946e+00 inf nan
-1.124481719999999907e+00 inf nan
-1.042469000000000090e+00 inf nan
-9.604562800000000511e-01 inf nan
-8.784435600000000122e-01 inf nan
-7.964308399999999732e-01 inf nan
-7.144181199999999343e-01 inf nan
-6.324054000000001174e-01 inf nan
-5.503926800000000785e-01 inf nan
-4.683799600000000396e-01 inf nan
-3.863672400000000007e-01 inf nan
-3.043545199999999618e-01 inf nan
-2.223417999999999228e-01 inf nan
-1.403290799999998839e-01 inf nan
-5.831636000000006703e-02 inf nan
2.369635999999974985e-02 7.958829131491981457e+01 4.968904671953536578e+00
1.057090800000000108e-01 7.479139977285618102e+01 5.825376096322715469e+00
1.877218000000002718e-01 6.780272427255492573e+01 3.862270084211337551e+00
2.697345200000000887e-01 6.127628990870550751e+01 3.237831809066090916e+00
3.517472399999999055e-01 5.543271822860590703e+01 2.193685685428924170e+00
4.337599599999997224e-01 4.979175397842069373e+01 9.521180404632000327e-01
5.157726799999999834e-01 4.358941257574922190e+01 5.705290588506074512e-01
5.977854000000002443e-01 3.787345787686318488e+01 1.517349050994152848e-01
6.797981200000000612e-01 3.239690630502606439e+01 4.323396601986462806e-01
7.618108399999998781e-01 2.716457688016466321e+01 5.836360772660151852e-01
8.438235599999996950e-01 2.229050054041298878e+01 6.794111459564262656e-01
9.258362799999999559e-01 1.789264537182171466e+01 8.230670237226249686e-01
1.007849000000000217e+00 1.429974201661801914e+01 9.746937461595379659e-01
1.089861720000000034e+00 1.062443644605500026e+01 8.630428607041342737e-01
1.171874439999999851e+00 7.487674635081148722e+00 7.849534818810507408e-01
1.253887159999999668e+00 4.978373862426185070e+00 8.300298899838699507e-01
1.335899879999999929e+00 3.047937499049133692e+00 9.390269363687824278e-01
1.417912600000000189e+00 1.675941509738514412e+00 9.796244692805162746e-01
1.499925320000000006e+00 7.984621455236506904e-01 1.046103038503614302e+00
1.581938039999999823e+00 2.772475001158269947e-01 9.796002825515061074e-01
1.663950759999999640e+00 0.000000000000000000e+00 7.532019940981398154e-01
1.745963479999999901e+00 5.354254415818360258e-02 5.048306813550288430e-01
1.827976200000000162e+00 1.458630422449793684e-01 3.163008336690337763e-01
1.909988919999999979e+00 1.776964375521927764e-01 2.006123942903913770e-01
1.992001639999999796e+00 6.048333785150816766e-01 5.849244260518941113e-02
2.074014359999999613e+00 1.531580770487490639e+00 1.180155154053469935e-01
2.156027079999999874e+00 2.745281362887325827e+00 3.163370434413034782e-01
2.238039800000000135e+00 4.062609478095993154e+00 6.193453294255988340e-01
2.320052519999999951e+00 5.601663907594790714e+00 9.063047028752669876e-01
2.402065239999999768e+00 7.459096932801891455e+00 1.036819194324915872e+00
2.484077959999999585e+00 9.138556907156882403e+00 1.097964379218545394e+00
2.566090679999999846e+00 1.069054025214580861e+01 1.267622682472871798e+00
2.648103400000000107e+00 1.207096019976788348e+01 1.554217900696970744e+00
2.730116119999999924e+00 1.328070742857347852e+01 1.806704906439443370e+00
2.812128839999999741e+00 1.431165402346729820e+01 1.863622763612434508e+00
2.894141559999999558e+00 1.520079752032076748e+01 1.992946387060719138e+00
2.976154279999999819e+00 1.608458763176279405e+01 2.185941696051858951e+00
3.058167000000000080e+00 1.692337463348921744e+01 2.190765503362086530e+00
3.140179719999999897e+00 1.769453269260031902e+01 2.227695648587843635e+00
3.222192439999999714e+00 1.831729037276356920e+01 2.200161151383995595e+00
3.304205159999999530e+00 1.898017765607352203e+01 2.223173196175037170e+00
3.386217879999999791e+00 1.927302741989041834e+01 2.223387279987872667e+00
3.468230600000000052e+00 1.954403923798788156e+01 2.211840711467162102e+00
3.550243319999999869e+00 1.969001934824638766e+01 2.221123269381787502e+00
3.632256039999999686e+00 1.972943053822181980e+01 2.274758231007952158e+00
3.714268759999999947e+00 1.987763810242402940e+01 2.272195699569237615e+00
3.796281480000000208e+00 2.037666330389607339e+01 2.256860656546197941e+00
3.878294200000000025e+00 2.202946449406614704e+01 2.151681116783914050e+00
3.960306919999999842e+00 2.494431340705879663e+01 2.193421340298425282e+00
4.042319639999999659e+00 2.970525837368114708e+01 2.264406158391956581e+00
