# C2323K ST100 bf 5
2.051242999999999816e-02 1.031663847150435913e+02 1.331151386373016665e+00
6.153728999999999449e-02 9.467446385120705088e+01 6.145281453784894321e-01
1.025621499999999908e-01 8.795269198196962179e+01 1.250121505970095859e+00
1.435870099999999872e-01 8.104185245781127378e+01 9.741964143597884318e-01
1.846118699999999835e-01 7.621434249614331691e+01 7.610723430498258502e-01
2.256367299999999798e-01 7.373252637368919693e+01 1.235357711501521294e+00
2.666615900000000039e-01 6.977440499005372487e+01 9.781516041688225194e-01
3.076864499999999447e-01 6.627813859182657552e+01 5.619872576230608985e-01
3.487113099999999966e-01 6.154166320666403323e+01 8.351897031302834007e-01
3.897361699999999374e-01 5.604444185426029179e+01 2.423357593771391927e-01
4.307610299999999892e-01 5.136392529054024436e+01 7.136258420426609961e-01
4.717858899999999300e-01 4.704159217804597404e+01 4.343579051601488272e-01
5.128107499999999819e-01 4.353091272098828313e+01 1.078432721240695502e-01
5.538356099999999227e-01 4.050702157705701012e+01 5.439748844863172561e-01
5.948604699999999745e-01 3.785483174913819227e+01 8.977243201284079710e-01
6.358853299999999154e-01 3.551779039776318569e+01 1.255163282762580490e+00
6.769101899999999672e-01 3.217952953090240698e+01 1.546369210999356758e+00
7.179350499999999080e-01 2.944986045572021993e+01 1.319471322329362817e+00
7.589599099999999599e-01 2.627100946912601387e+01 1.475864278246770134e+00
7.999847699999999007e-01 2.355158328469519091e+01 1.352993803952410312e+00
8.410096299999999525e-01 2.099439137016866042e+01 1.202959262078241887e+00
8.820344899999998933e-01 1.898727933562079073e+01 1.214632597740704645e+00
9.230593499999999452e-01 1.698703475791345952e+01 1.100984197002464748e+00
9.640842099999998860e-01 1.525789905475435759e+01 1.102200838847306352e+00
1.005109070000000049e+00 1.362206937767872716e+01 1.101780561854260654e+00
1.046133929999999879e+00 1.209621774467594690e+01 1.088389136618725495e+00
1.087158789999999930e+00 1.071325836295320144e+01 1.058846788180074938e+00
1.128183649999999982e+00 9.412377365315876432e+00 1.153520308584317311e+00
1.169208509999999812e+00 8.099753927563256184e+00 1.213863156252884323e+00
1.210233369999999864e+00 6.837603013910467986e+00 1.273094087846869060e+00
1.251258229999999916e+00 5.774687067839034071e+00 1.261156403629859035e+00
1.292283089999999746e+00 4.747399257855482446e+00 1.167231007938190457e+00
1.333307950000000019e+00 3.903925373802248799e+00 1.192970949619392984e+00
1.374332809999999849e+00 3.029591135436723093e+00 1.167856709798946513e+00
1.415357669999999901e+00 2.394783362191880371e+00 1.194136381656142110e+00
1.456382529999999953e+00 1.985759365164501133e+00 1.132533130869189053e+00
1.497407389999999783e+00 1.537667182058255477e+00 1.129160376049085590e+00
1.538432249999999835e+00 1.224929902684671390e+00 1.088854216539653974e+00
1.579457109999999886e+00 9.153258273588011917e-01 1.071169381062340831e+00
1.620481969999999716e+00 6.781788896100184871e-01 9.743089059085179304e-01
1.661506829999999990e+00 4.036778517302810343e-01 8.538280359325338686e-01
1.702531689999999820e+00 2.047711237286229391e-01 7.707338602799632676e-01
1.743556549999999872e+00 1.189703816128204750e-01 7.081289378325222872e-01
1.784581409999999924e+00 6.400791277040696059e-02 6.885957452433739689e-01
1.825606269999999753e+00 0.000000000000000000e+00 6.353698673441781075e-01
1.866631129999999805e+00 1.066678549378785590e-02 6.466483777338111194e-01
1.907655989999999857e+00 1.902911656702759302e-01 5.591984083472975042e-01
1.948680849999999687e+00 4.341297869640303730e-01 4.812277764004671554e-01
1.989705709999999739e+00 7.779002905629042175e-01 3.327671479967261314e-01
2.030730569999999791e+00 9.284891879689389782e-01 2.270520522403482178e-01
2.071755429999999620e+00 1.122827600331321563e+00 1.075495316115685496e-01
2.112780289999999894e+00 1.258785167035981090e+00 5.689459848514034912e-02
2.153805150000000168e+00 1.401965484982538257e+00 1.163286100267263701e-01
2.194830009999999554e+00 1.499942856292452831e+00 1.466023933772515886e-01
2.235854869999999828e+00 1.590877776502148677e+00 2.341535633131525684e-01
2.276879730000000102e+00 1.780867521846660750e+00 2.124397351572891446e-01
2.317904589999999487e+00 1.889021220188437766e+00 1.836321384426666536e-01
2.358929449999999761e+00 2.103094807098003116e+00 1.133216579684964004e-01
2.399954310000000035e+00 2.363474081058585696e+00 1.227773711712183691e-01
2.440979169999999421e+00 2.676746445265976604e+00 1.806257922859227372e-01
2.482004029999999695e+00 2.984338135502905942e+00 1.479998795553313928e-01
2.523028889999999969e+00 3.378730858696787465e+00 1.310802978107877548e-01
2.564053749999999798e+00 3.638212339320707756e+00 9.680078838760032556e-02
2.605078609999999628e+00 3.988587340077895504e+00 1.280014485318013984e-01
2.646103469999999902e+00 4.295992653790829507e+00 1.844194911606605314e-01
2.687128329999999732e+00 4.665926468834003416e+00 2.447358700032919165e-01
2.728153189999999562e+00 5.046971262038356443e+00 2.416342350466981204e-01
2.769178049999999836e+00 5.493790098787259879e+00 3.318499454805545201e-01
2.810202910000000109e+00 5.871062003300419718e+00 2.927405474128193519e-01
2.851227769999999495e+00 6.249737933608437324e+00 2.985500727890836314e-01
2.892252629999999769e+00 6.633873855081329651e+00 2.976246130055917316e-01
2.933277490000000043e+00 7.030336120638261299e+00 1.968029675014269786e-01
2.974302349999999429e+00 7.386797091638736212e+00 1.792113311664543795e-01
3.015327209999999702e+00 7.928255264961808990e+00 1.762863895851953522e-01
3.056352069999999976e+00 8.304856276879670318e+00 1.622224348365515489e-01
3.097376929999999362e+00 8.752480222811387378e+00 1.663043941331678044e-01
3.138401789999999636e+00 9.208533102758782007e+00 1.826901532706446396e-01
3.179426649999999910e+00 9.571321786123561992e+00 1.453145801096931145e-01
3.220451509999999740e+00 9.962845612419986452e+00 1.365283130551284696e-01
3.261476369999999569e+00 1.025608973863969808e+01 1.355140905324978273e-01
3.302501229999999843e+00 1.046163310196818585e+01 1.506571340766909295e-01
3.343526089999999673e+00 1.065581113398735980e+01 1.404206781108374991e-01
3.384550949999999503e+00 1.083234204942096923e+01 1.572985255674484717e-01
3.425575809999999777e+00 1.107363810233756496e+01 1.564096580976528372e-01
3.466600670000000051e+00 1.110423244966236211e+01 1.679842831299910577e-01
3.507625529999999436e+00 1.127366652046741535e+01 1.619799881244783635e-01
3.548650389999999710e+00 1.129544619987054332e+01 1.958215800975011966e-01
3.589675249999999984e+00 1.136956460060595830e+01 2.042861344102454568e-01
3.630700109999999370e+00 1.133224279218875452e+01 1.864706626102876352e-01
3.671724969999999644e+00 1.143966619220244851e+01 1.790350376137495592e-01
3.712749829999999918e+00 1.145649739746241380e+01 1.624454298385143158e-01
3.753774689999999303e+00 1.164419304886153483e+01 1.807310066402062210e-01
3.794799549999999577e+00 1.216089737947702076e+01 1.482664590096290647e-01
3.835824409999999851e+00 1.273106394521705198e+01 1.459162994478296616e-01
3.876849269999999681e+00 1.374565475226534161e+01 1.323121710231014991e-01
3.917874129999999511e+00 1.531026821885963329e+01 2.138726547037858861e-01
3.958898989999999785e+00 1.737687357230850793e+01 1.945189373360205476e-01
3.999923849999999170e+00 2.079162865539421645e+01 3.331364056132720131e-01
4.040948709999999444e+00 2.333058285977837798e+01 1.345633208606332454e-01
4.081973569999999718e+00 2.599190871080931231e+01 2.819201506324340301e-01
