# strand323K ST100 bf 20
3.867429949999999783e-01 2.497506091254032867e+01 1.166639635013175536e+01
4.457149850000000080e-01 1.878196512491877002e+01 1.092162852660289651e+01
5.046869750000000376e-01 1.630676971367899597e+01 1.060635307528005811e+01
5.636589650000000118e-01 1.010991603700853858e+01 8.046603061336343288e+00
6.226309549999999859e-01 6.386483202081024046e+00 5.868430413355510744e+00
6.816029449999999601e-01 5.038523944685126210e+00 4.304377371780958583e+00
7.405749350000000453e-01 4.637075029304313034e+00 3.281968708709116278e+00
7.995469250000000194e-01 4.055593382918544876e+00 2.661624562425945584e+00
8.585189149999999936e-01 4.501424825653158379e+00 2.706755074652761106e+00
9.174909049999999677e-01 3.891412669001161007e+00 2.563430172301024434e+00
9.764628949999999419e-01 2.680961177286974362e+00 2.212135772403431400e+00
1.035434884999999916e+00 1.980948888198945212e+00 2.136309049990798847e+00
1.094406875000000001e+00 1.041260141386867843e+00 1.844097885643910750e+00
1.153378865000000086e+00 2.628014386804924385e-01 1.626946651968141699e+00
1.212350854999999950e+00 0.000000000000000000e+00 1.344080776105408770e+00
1.271322845000000035e+00 1.132288240802008517e-01 1.338023976133833282e+00
1.330294835000000120e+00 1.571940558645188446e-01 1.224884258581870000e+00
1.389266824999999983e+00 2.888054258130132723e-01 9.401600667544246503e-01
1.448238814999999846e+00 9.285483833481578131e-01 8.580746116019420944e-01
1.507210804999999931e+00 1.675451004457613635e+00 5.850007743039908892e-01
1.566182795000000016e+00 2.357639102644078832e+00 4.561490971977681386e-01
1.625154784999999880e+00 3.226867847288950486e+00 3.989998003927345271e-01
1.684126774999999965e+00 4.341702393179165398e+00 6.198168809000265123e-01
1.743098765000000050e+00 5.742468373594752151e+00 4.966883023640724648e-01
1.802070754999999913e+00 6.772558811027156622e+00 4.178343722430025164e-01
1.861042744999999998e+00 8.693084542292996986e+00 4.738964783337994979e-01
1.920014735000000083e+00 1.088970406449439565e+01 1.855087565870228716e-01
1.978986725000000169e+00 1.454186789537225977e+01 1.994862345339631693e+00
2.037958715000000254e+00 1.647647022550770401e+01 4.253185797023114612e-01
2.096930705000000117e+00 2.077562140611651031e+01 3.597804873613215992e+00
2.155902694999999980e+00 2.213154892553323805e+01 2.588162967271691706e+00
2.214874684999999843e+00 3.124279735838929284e+01 6.837950063101328801e+00
2.273846675000000150e+00 3.400601408717027141e+01 9.479371507992972568e+00
2.332818665000000458e+00 3.442197052611355446e+01 1.464231595281114462e+00
2.391790655000000321e+00 5.285124424731192505e+01 2.898731759911260308e+00
2.450762645000000184e+00 6.566205523239089814e+01 4.898590590233539821e+00
2.509734635000000047e+00 8.190314479522496072e+01 2.177612569396921938e+00
2.568706625000000354e+00 9.075047052439855122e+01 9.255128176115281491e-01
2.627678615000000217e+00 9.300344288852760144e+01 1.365697942288944589e+00
2.686650605000000080e+00 9.505140582633055146e+01 1.346275606400764713e-01
2.745622595000000388e+00 9.567175226932846499e+01 2.252625641869587803e-01
2.804594585000000251e+00 9.612332630743875939e+01 1.375728780090730019e-01
2.863566575000000114e+00 9.652493338502344500e+01 1.190583009233912581e-01
2.922538564999999977e+00 9.703292024300770890e+01 1.122649888682402397e-01
2.981510555000000284e+00 9.731942422199301745e+01 1.848221637062499034e-01
3.040482545000000147e+00 9.751473501340517203e+01 1.096769847293767863e-01
3.099454535000000455e+00 9.770212043611002173e+01 5.664720462403403239e-02
3.158426525000000318e+00 9.785182275527597540e+01 1.301002073907934486e-01
3.217398515000000181e+00 9.807047879197338602e+01 3.725260619038892745e-02
3.276370505000000044e+00 9.813006500749094130e+01 1.727427734235489620e-01
3.335342495000000351e+00 9.824442610371397677e+01 8.753534117728264952e-02
3.394314485000000214e+00 9.821010642481431319e+01 1.477987048523145552e-01
3.453286475000000522e+00 9.841411930655763740e+01 1.869098087483811454e-01
3.512258465000000385e+00 9.847900779068169186e+01 8.243774462995150099e-02
3.571230455000000248e+00 9.861550994457121533e+01 4.975243146411108958e-02
3.630202445000000111e+00 9.865375307692715978e+01 7.486415820704803159e-02
3.689174435000000418e+00 9.876850300327976129e+01 3.798486624386391425e-02
3.748146425000000281e+00 9.903725179320446159e+01 3.934437647728529497e-02
3.807118415000000144e+00 9.904672767856675364e+01 5.592123370944639127e-02
3.866090405000000452e+00 9.926601992535543673e+01 4.359140551153081050e-02
3.925062395000000315e+00 9.926873725698072803e+01 1.491041141956657157e-01
3.984034385000000178e+00 9.956216863372966941e+01 7.894760986053231053e-03
4.043006375000000041e+00 9.974052791873648971e+01 1.803914106490202979e-02
4.101978364999999904e+00 9.986308905265890701e+01 8.931314341081554586e-03
4.160950354999999767e+00 1.003720946398009062e+02 4.880733954030668648e-02
4.219922345000000519e+00 1.006820602817233237e+02 1.374044885900973789e-01
4.278894335000000382e+00 1.009661099145693584e+02 7.847589502761717628e-02
4.337866325000000245e+00 1.013830298064808915e+02 8.968192475906600417e-03
4.396838315000000108e+00 1.020203433864175935e+02 6.142309585462593646e-02
4.455810304999999971e+00 1.026877984212076740e+02 1.103084576097330127e-01
4.514782294999999834e+00 1.035412781947550798e+02 1.299469404724643284e-01
4.573754284999999697e+00 1.044062615091421549e+02 1.288098972281118415e-01
4.632726274999999561e+00 1.051880018949810136e+02 1.611291946464289415e-01
4.691698264999999424e+00 1.064641665037899969e+02 1.067519423697929210e-01
4.750670255000000175e+00 1.078770238551100817e+02 4.041685165446375766e-02
4.809642245000000038e+00 1.095357820448071493e+02 1.326611990415535458e-01
4.868614234999999901e+00 1.115946668030968709e+02 3.556692284104338020e-01
4.927586224999999764e+00 1.137189598999341484e+02 1.839949705231723742e-01
4.986558214999999628e+00 1.163398229521144458e+02 6.568449166369880743e-01
5.045530204999999491e+00 1.183736462712568311e+02 5.050743656537877158e-01
5.104502195000000242e+00 1.220711464920263722e+02 1.926916701028434653e-01
5.163474185000000105e+00 1.296147097127106917e+02 3.256311605988702063e+00
5.222446174999999968e+00 1.260691988504443657e+02 1.843491906575772443e+00
5.281418164999999831e+00 1.468820882632597318e+02 3.952997256264098702e+00
5.340390154999999694e+00 1.555973899971904757e+02 9.486703366003890192e-01
5.399362144999999558e+00 1.519707033084467582e+02 8.889117978419488475e-01
5.458334134999999421e+00 1.679546696949911393e+02 2.678556775256042410e-01
5.517306125000000172e+00 1.800875843168511210e+02 7.609723855657990477e+00
5.576278115000000035e+00 1.872996597989039742e+02 4.110065788234080308e+00
5.635250104999999898e+00 2.020835329018282494e+02 1.954809586312665104e+00
5.694222094999999761e+00 2.370163211891211290e+02 1.786644538165890594e+01
5.753194084999999625e+00 2.481658698574707387e+02 1.587177589631254016e+01
5.812166075000000376e+00 2.738482301969878563e+02 5.628940012804794613e+00
5.871138065000000239e+00 2.769629924356456740e+02 1.317295214358362898e+01
5.930110055000000102e+00 3.070941291260281787e+02 2.846576101597467545e+00
5.989082044999999965e+00 3.281651855462758931e+02 1.482741704174129893e+01
6.048054034999999828e+00 3.589659158946142270e+02 5.962537557787238818e+00
6.107026024999999692e+00 3.264895104732747768e+02 1.365903603738843408e+01
6.165998014999999555e+00 3.984477467250100062e+02 4.117547556807452658e+00
6.224970004999999418e+00 3.714951264825112958e+02 3.225836696374897627e+01
