# U323K ST100 bf 5
2.055013499999999715e-02 4.909059678324902620e+01 7.968069499022655267e-01
6.165040499999999146e-02 4.883125250289413088e+01 2.197177532097746244e+00
1.027506749999999858e-01 4.792217371620373001e+01 2.817781868375468957e+00
1.438509449999999801e-01 4.644606826984782799e+01 3.501073924961099149e+00
1.849512149999999744e-01 4.477620519323436099e+01 3.472585232566485214e+00
2.260514849999999687e-01 4.226018564796659405e+01 3.619848217564552328e+00
2.671517549999999908e-01 4.016866949945855936e+01 3.533986153294408350e+00
3.082520249999999296e-01 3.743549239014241437e+01 3.129925419176878165e+00
3.493522949999999794e-01 3.512999574069453956e+01 2.704036055941854144e+00
3.904525649999999182e-01 3.286144543163096898e+01 2.745482126515725874e+00
4.315528349999999680e-01 3.075993117556451395e+01 2.451014998316813465e+00
4.726531049999999068e-01 2.854475482019784138e+01 2.106048522285872693e+00
5.137533749999999566e-01 2.629102402338503097e+01 2.008188759137938373e+00
5.548536449999998954e-01 2.427583448406692312e+01 1.684504708096679959e+00
5.959539149999999452e-01 2.227689111740849270e+01 1.510680988140111092e+00
6.370541849999998840e-01 2.034160490478487304e+01 1.242242071480620158e+00
6.781544549999999338e-01 1.874801423461618555e+01 1.004386308805863326e+00
7.192547249999998726e-01 1.702538422903187509e+01 8.200785363163903829e-01
7.603549949999999225e-01 1.527727271736125658e+01 7.489924216080049435e-01
8.014552649999998613e-01 1.360262536271903144e+01 6.755769698346334451e-01
8.425555349999999111e-01 1.205158017522283131e+01 5.371010518619374619e-01
8.836558049999998499e-01 1.076607680444120696e+01 3.974597434920830175e-01
9.247560749999998997e-01 9.462269559356467852e+00 2.689952593895511002e-01
9.658563449999998385e-01 8.183319271900064251e+00 1.910992312449852348e-01
1.006956614999999999e+00 7.034545026005412538e+00 7.502810411490767883e-02
1.048056884999999827e+00 5.932770057766447280e+00 7.554038997195433591e-02
1.089157154999999877e+00 5.138459077604558445e+00 3.575421739627218654e-02
1.130257424999999927e+00 4.235205829112519638e+00 5.622576338594731382e-02
1.171357694999999755e+00 3.518486101298034185e+00 9.209863868148947252e-02
1.212457964999999804e+00 2.898477481530687072e+00 3.591675762204507572e-02
1.253558234999999854e+00 2.354536248274905930e+00 2.531164788680222849e-02
1.294658504999999682e+00 1.942561233128547116e+00 8.048209021898379556e-02
1.335758774999999954e+00 1.431361406944175130e+00 1.130766981512771746e-01
1.376859044999999782e+00 1.038147988595659044e+00 6.998126590187385421e-02
1.417959314999999831e+00 7.273122349873268888e-01 8.381154739779589358e-02
1.459059584999999881e+00 4.828195469129799022e-01 9.005226497170681910e-02
1.500159854999999709e+00 3.261913081233913658e-01 7.188795106342046881e-02
1.541260124999999759e+00 1.335951390512573056e-01 9.245497210475571437e-02
1.582360394999999809e+00 4.852425226995826790e-02 1.073060664189353225e-01
1.623460664999999636e+00 0.000000000000000000e+00 1.206105067993906710e-01
1.664560934999999908e+00 1.015264116098180125e-01 1.574621942954034237e-01
1.705661204999999736e+00 2.644323750024124564e-01 1.296216864457347129e-01
1.746761474999999786e+00 4.886841586197263609e-01 2.275639807443123885e-01
1.787861744999999836e+00 8.110897728364037107e-01 2.994545588340614684e-01
1.828962014999999663e+00 9.779556737784638187e-01 3.738018927114260537e-01
1.870062284999999713e+00 1.396854704635240196e+00 5.227628852957528771e-01
1.911162554999999763e+00 1.707593996016935733e+00 5.704353737588673257e-01
1.952262824999999591e+00 2.099765062475658084e+00 5.360573006719626665e-01
1.993363094999999641e+00 2.682013187550909450e+00 5.673012752046890927e-01
2.034463364999999690e+00 3.367007306628384100e+00 4.967284603585346847e-01
2.075563634999999962e+00 4.164886171002333271e+00 4.933730388387783661e-01
2.116663904999999790e+00 4.738413674238207918e+00 4.503812772424075073e-01
2.157764174999999618e+00 5.369000178413186219e+00 4.959322184098285957e-01
2.198864444999999890e+00 6.067038860121213517e+00 3.978394759391821189e-01
2.239964714999999718e+00 6.667599575037647774e+00 4.219687071902337716e-01
2.281064984999999545e+00 7.219544850630949639e+00 3.832955328539755513e-01
2.322165254999999817e+00 7.973819052211055691e+00 3.346235713834588843e-01
2.363265524999999645e+00 8.584578115158830514e+00 2.921415169271671108e-01
2.404365794999999473e+00 9.150429892441760416e+00 2.728920925225187255e-01
2.445466064999999745e+00 9.535577062438694185e+00 4.051806662470352483e-01
2.486566334999999572e+00 9.745912771709768663e+00 4.427205384944934430e-01
2.527666604999999400e+00 9.993967060138803760e+00 3.814565136127137657e-01
2.568766874999999672e+00 1.013171434209097299e+01 5.186179977559701726e-01
2.609867144999999944e+00 1.046033088048522508e+01 5.721007224992596951e-01
2.650967414999999328e+00 1.055652537489121912e+01 5.331428119703967017e-01
2.692067684999999599e+00 1.081779691276814148e+01 5.450907015154948798e-01
2.733167954999999871e+00 1.090663693389121747e+01 4.127868541399709046e-01
2.774268224999999699e+00 1.114502982516106755e+01 3.992989428662669371e-01
2.815368494999999527e+00 1.136153185271228594e+01 3.658494368993845947e-01
2.856468764999999799e+00 1.159735079523648693e+01 3.655892588735070725e-01
2.897569034999999626e+00 1.181481788143545941e+01 2.381336846462893397e-01
2.938669304999999454e+00 1.201576902747532927e+01 2.212010522421912762e-01
2.979769574999999726e+00 1.220260774362903788e+01 1.492380329429542352e-01
3.020869844999999554e+00 1.241637340221777919e+01 1.264962943868221945e-01
3.061970114999999382e+00 1.249233311454523232e+01 1.409204991343462887e-01
3.103070384999999654e+00 1.262650003598300152e+01 1.355717897084827150e-01
3.144170654999999481e+00 1.266808761466158018e+01 1.119568453168201250e-01
3.185270924999999309e+00 1.287343153154667696e+01 1.712118338734978651e-01
3.226371194999999581e+00 1.286758659409813177e+01 1.296992613110388992e-01
3.267471464999999853e+00 1.303238464361657201e+01 1.215194597756998757e-01
3.308571734999999236e+00 1.308772609111734653e+01 1.561177343661867278e-01
3.349672004999999508e+00 1.308284809260459980e+01 1.415603111589519014e-01
3.390772274999999780e+00 1.307676847069754800e+01 8.081888532665894298e-02
3.431872544999999608e+00 1.310431805495015389e+01 7.259219576580268340e-02
3.472972814999999436e+00 1.306731743730624018e+01 8.347246665231457252e-02
3.514073084999999708e+00 1.314996693666720162e+01 7.286262572875201737e-02
3.555173354999999535e+00 1.315701881771598458e+01 8.850452689816261376e-02
3.596273624999999363e+00 1.320145547014142906e+01 7.918101010553901808e-02
3.637373894999999635e+00 1.317443794698837323e+01 8.176071857796296527e-02
3.678474164999999463e+00 1.323346995700975270e+01 7.680814223052317979e-02
3.719574434999999291e+00 1.330135675259735351e+01 7.702620561247743025e-02
3.760674704999999562e+00 1.355269827415521888e+01 8.722753114191733603e-02
3.801774974999999390e+00 1.401343476236844765e+01 7.732578000110888750e-02
3.842875244999999218e+00 1.463324632613256071e+01 5.648365518298818083e-02
3.883975514999999490e+00 1.571811944845696551e+01 7.407068832228198840e-02
3.925075784999999762e+00 1.712334220414742347e+01 2.029701901740414982e-01
3.966176054999999145e+00 1.906977476839966812e+01 1.018280222632055032e-01
4.007276324999999417e+00 2.178334986652548011e+01 3.221992489374904678e-01
4.048376594999998801e+00 2.425696266499975096e+01 1.673421691571195524e-01
4.089476864999999961e+00 2.939026684323998850e+01 6.767688956480252260e-01
