# A_opc323K ST100 bf 5
-3.781793215000000430e+00 inf nan
-3.705393645000000014e+00 inf nan
-3.628994075000000485e+00 inf nan
-3.552594505000000069e+00 inf nan
-3.476194935000000097e+00 inf nan
-3.399795365000000125e+00 inf nan
-3.323395795000000152e+00 inf nan
-3.246996225000000180e+00 inf nan
-3.170596654999999764e+00 inf nan
-3.094197085000000236e+00 inf nan
-3.017797514999999819e+00 inf nan
-2.941397945000000291e+00 inf nan
-2.864998374999999875e+00 inf nan
-2.788598804999999903e+00 inf nan
-2.712199234999999931e+00 inf nan
-2.635799664999999958e+00 inf nan
-2.559400094999999986e+00 inf nan
-2.483000525000000014e+00 inf nan
-2.406600955000000042e+00 inf nan
-2.330201384999999625e+00 inf nan
-2.253801815000000097e+00 inf nan
-2.177402244999999681e+00 inf nan
-2.101002675000000153e+00 inf nan
-2.024603104999999736e+00 inf nan
-1.948203534999999764e+00 inf nan
-1.871803964999999792e+00 inf nan
-1.795404394999999820e+00 inf nan
-1.719004824999999625e+00 inf nan
-1.642605254999999653e+00 inf nan
-1.566205684999999681e+00 inf nan
-1.489806114999999709e+00 inf nan
-1.413406544999999737e+00 inf nan
-1.337006974999999764e+00 inf nan
-1.260607404999999792e+00 inf nan
-1.184207834999999820e+00 inf nan
-1.107808264999999848e+00 inf nan
-1.031408694999999875e+00 inf nan
-9.550091249999996812e-01 inf nan
-8.786095549999994869e-01 inf nan
-8.022099849999995147e-01 inf nan
-7.258104149999995425e-01 inf nan
-6.494108449999995702e-01 inf nan
-5.730112749999995980e-01 inf nan
-4.966117049999996258e-01 inf nan
-4.202121349999996536e-01 inf nan
-3.438125649999996813e-01 inf nan
-2.674129949999997091e-01 inf nan
-1.910134249999997369e-01 inf nan
-1.146138549999995426e-01 inf nan
-3.821428499999934836e-02 inf nan
3.818528500000062387e-02 4.729128827431158300e+01 1.125038401262876464e+00
1.145848550000005961e-01 4.174773899278366684e+01 8.047987421801273966e-02
1.909844250000005683e-01 3.578518632883132256e+01 1.425846677114657179e-01
2.673839950000007626e-01 3.078623603925386831e+01 7.840087071089842929e-01
3.437835650000007348e-01 2.647052332650208228e+01 8.219634234747045243e-01
4.201831350000007070e-01 2.285047550686123685e+01 6.073034933826930715e-01
4.965827050000006793e-01 1.961077930205506092e+01 3.915232665051246452e-01
5.729822750000006515e-01 1.598463122991687158e+01 2.043331295247729495e-01
6.493818450000006237e-01 1.282677661594830099e+01 1.185000033219603538e-01
7.257814150000005959e-01 1.012936710627783476e+01 1.734119896198257627e-01
8.021809850000005682e-01 7.938751336672872583e+00 2.904345191686385497e-01
8.785805550000005404e-01 5.709258607692760279e+00 4.497683521086027758e-01
9.549801250000005126e-01 3.841470933954891365e+00 3.620487505841303855e-01
1.031379695000000485e+00 2.392445512118513307e+00 1.227624320659301826e-01
1.107779265000000901e+00 1.086978562940828397e+00 9.194051190169605370e-02
1.184178835000000873e+00 4.936329367120038114e-01 1.051028129279733964e-01
1.260578405000000846e+00 1.356188773469355624e-01 1.469345041565170429e-01
1.336977975000000818e+00 0.000000000000000000e+00 2.044319883030158158e-01
1.413377545000000790e+00 1.204789589952994788e-01 1.333467786199155625e-01
1.489777115000000762e+00 5.927646708049039148e-01 2.020071911086027128e-01
1.566176685000000735e+00 1.387355058395637997e+00 1.557620659163314047e-01
1.642576255000000707e+00 2.540814300200928244e+00 1.406277943519899376e-01
1.718975825000000679e+00 3.896248710527263626e+00 2.789223082084230643e-01
1.795375395000000651e+00 5.969362542507667513e+00 3.923682768580176727e-01
1.871774965000000623e+00 8.144469208790127368e+00 3.611692306483927917e-01
1.948174535000001040e+00 1.019355319342396271e+01 2.687684287163979446e-01
2.024574105000001012e+00 1.206405137545407413e+01 1.825462595985132552e-01
2.100973675000000984e+00 1.372532781599950624e+01 3.602000638369297347e-02
2.177373245000000956e+00 1.523761574202456792e+01 3.475480892507787356e-01
2.253772815000000929e+00 1.632641178583138952e+01 8.891645044602543013e-01
2.330172385000000901e+00 1.652061737702553756e+01 9.844958614432444133e-01
2.406571955000000873e+00 1.611847124912040385e+01 9.312005756001804357e-01
2.482971525000000845e+00 1.559840274023361850e+01 8.392977299320002471e-01
2.559371095000000818e+00 1.531074295338127911e+01 6.909685537261318622e-01
2.635770665000000790e+00 1.522110555723931569e+01 5.358508542128684882e-01
2.712170235000000762e+00 1.507343646225544020e+01 4.435748660195277249e-01
2.788569805000001178e+00 1.509792037728606751e+01 5.085417928855469061e-01
2.864969375000001151e+00 1.516401571382007774e+01 5.107403695890134765e-01
2.941368945000001123e+00 1.528888087476056334e+01 4.523290973273084714e-01
3.017768515000001095e+00 1.531595291934513092e+01 4.030922886258074267e-01
3.094168085000001067e+00 1.547306650550924800e+01 4.116741783886807005e-01
3.170567655000001039e+00 1.563333948942036500e+01 4.949272800936952987e-01
3.246967225000001012e+00 1.579454308905495452e+01 4.432757705425952044e-01
3.323366795000000984e+00 1.590365836403872279e+01 4.447921156879592330e-01
3.399766365000000956e+00 1.584751685626593343e+01 4.480515483196228499e-01
3.476165935000000928e+00 1.574251190542012857e+01 4.500409177444739672e-01
3.552565505000000901e+00 1.570487117718279357e+01 4.450923664980028227e-01
3.628965075000001317e+00 1.584413278825522298e+01 4.371385866963678479e-01
3.705364645000001289e+00 1.581308528972176397e+01 4.257017412115212673e-01
3.781764215000000817e+00 1.591047824501385044e+01 3.696760355962550038e-01
