3.989884000000000208e-01 7.015426799999999741e-01
5.762952000000000075e-01 8.893860399999999888e-01
7.536019999999999941e-01 1.077229400000000004e+00
9.309087999999999807e-01 1.265072760000000018e+00
1.108215599999999856e+00 1.452916120000000033e+00
1.285522400000000065e+00 1.640759479999999826e+00
1.462829199999999830e+00 1.828602839999999841e+00
1.640136000000000038e+00 2.016446199999999855e+00
1.817442799999999803e+00 2.204289559999999870e+00
1.994749599999999790e+00 2.392132919999999885e+00
2.172056399999999776e+00 2.579976279999999900e+00
2.349363199999999985e+00 2.767819639999999914e+00
2.526670000000000194e+00 2.955662999999999485e+00
2.703976799999999958e+00 3.143506359999999944e+00
2.881283599999999723e+00 3.331349719999999515e+00
3.058590399999999931e+00 3.519193079999999973e+00
3.235897200000000140e+00 3.707036439999999544e+00
3.413203999999999905e+00 3.894879800000000003e+00
3.590510799999999669e+00 4.082723159999999574e+00
3.767817599999999878e+00 4.270566520000000033e+00
3.945124400000000087e+00 4.458409879999999603e+00
4.122431199999999407e+00 4.646253240000000062e+00
4.299737999999999616e+00 4.834096599999999633e+00
4.477044799999999825e+00 5.021939959999999203e+00
4.654351600000000033e+00 5.209783319999999662e+00
