# A3323K ST100 bf 10
2.723624500000000268e-02 9.423036042953262381e+01 2.180028742754649862e+00
8.170873500000000456e-02 9.352163576283740554e+01 6.355115532650457588e+00
1.361812250000000168e-01 8.802714437036729578e+01 7.023661369430770129e+00
1.906537150000000014e-01 8.275126460985410404e+01 6.815846877606844600e+00
2.451262050000000414e-01 7.749812392640120606e+01 6.553366745881400668e+00
2.995986950000000260e-01 7.173521954647570453e+01 5.977655492011311189e+00
3.540711850000000105e-01 6.674417754752414567e+01 4.979955250225451380e+00
4.085436750000000505e-01 6.231039071737936297e+01 4.603143063682172631e+00
4.630161650000000351e-01 5.702328954497080815e+01 4.537104855966194172e+00
5.174886550000000751e-01 5.140520686610796020e+01 4.992696053587918570e+00
5.719611450000000596e-01 4.654839001866201897e+01 5.239081221292442692e+00
6.264336350000000442e-01 4.220423154216411632e+01 5.153419160150690459e+00
6.809061250000000287e-01 3.803450416050121419e+01 4.905270426712871057e+00
7.353786150000001243e-01 3.421067371905604659e+01 4.211331665762156895e+00
7.898511050000001088e-01 3.080613938194327517e+01 3.563203627982139743e+00
8.443235950000000933e-01 2.791420611261338536e+01 2.988216009193188860e+00
8.987960850000000779e-01 2.516844125439799029e+01 3.059044193206036599e+00
9.532685750000000624e-01 2.224873515670390134e+01 3.343088928327482279e+00
1.007741065000000047e+00 1.933525403117727137e+01 3.689213406731936207e+00
1.062213555000000031e+00 1.715860223289580944e+01 3.962490632710177874e+00
1.116686045000000238e+00 1.559429084053896908e+01 3.926637683972788118e+00
1.171158535000000001e+00 1.403428096254659430e+01 3.755683587787644218e+00
1.225631025000000207e+00 1.224819620819972066e+01 3.571773298034451205e+00
1.280103514999999970e+00 1.052385286311722190e+01 3.482042408501691888e+00
1.334576005000000176e+00 9.241707602903845853e+00 3.576877822861017187e+00
1.389048494999999939e+00 8.218795793842899045e+00 3.710151322689909215e+00
1.443520985000000145e+00 7.242008239380211876e+00 3.836145398020446073e+00
1.497993475000000352e+00 6.313611906949553543e+00 3.973495939091224560e+00
1.552465965000000114e+00 4.936561470723567879e+00 3.910327800375078322e+00
1.606938455000000321e+00 3.608805256459495681e+00 3.731893863960395130e+00
1.661410945000000083e+00 2.397975697953873109e+00 3.549087926818083716e+00
1.715883435000000290e+00 1.554206053389709297e+00 3.404392406664159321e+00
1.770355925000000052e+00 9.081070104743051985e-01 3.117150572392870966e+00
1.824828415000000259e+00 3.599224715670885644e-01 2.743116403385736479e+00
1.879300905000000022e+00 0.000000000000000000e+00 2.370390033196323021e+00
1.933773395000000228e+00 1.613393179103184139e-02 2.030696664821420860e+00
1.988245884999999991e+00 3.002701297401415559e-01 1.939124299164884935e+00
2.042718375000000197e+00 7.331480793003581908e-01 2.059600836112838618e+00
2.097190864999999960e+00 1.287159584273632973e+00 2.305977538065495214e+00
2.151663355000000166e+00 1.891342435970560842e+00 2.526756091570283580e+00
2.206135845000000373e+00 2.637897475348241372e+00 2.730067647400146402e+00
2.260608335000000135e+00 3.623091343894168759e+00 2.912672063129076783e+00
2.315080825000000342e+00 4.689651334121567317e+00 3.075220452275660321e+00
2.369553315000000104e+00 5.829748881586001019e+00 3.075763820087781042e+00
2.424025805000000311e+00 6.785414164348226862e+00 2.955997830603874110e+00
2.478498295000000518e+00 7.406903195186991695e+00 2.672345210056549014e+00
2.532970785000000280e+00 7.932460191671244942e+00 2.276726285128039873e+00
2.587443275000000042e+00 8.406775686878480869e+00 1.882040579167377103e+00
2.641915765000000249e+00 8.763251079153539180e+00 1.594115793295256545e+00
2.696388255000000456e+00 9.187867967609957276e+00 1.307127470237156697e+00
2.750860745000000218e+00 9.528107063513022723e+00 1.086215557376611240e+00
2.805333234999999981e+00 9.944185062700908517e+00 6.959212880387054545e-01
2.859805725000000187e+00 1.052080270974838605e+01 3.879254517064246732e-01
2.914278215000000394e+00 1.105307358652627236e+01 1.472143575751110045e-01
2.968750705000000600e+00 1.160451401558137441e+01 1.110357433305473457e-01
3.023223195000000363e+00 1.209450010730311043e+01 1.141882581049147721e-01
3.077695685000000125e+00 1.263766703203407893e+01 1.332317224930886779e-01
3.132168175000000332e+00 1.316913147441821685e+01 1.742649493193813293e-01
3.186640665000000538e+00 1.376907628249071358e+01 1.507003726537376187e-01
3.241113155000000301e+00 1.449426932677025270e+01 2.087096672162584154e-01
3.295585645000000063e+00 1.514010488780852093e+01 1.683226689278883026e-01
3.350058135000000270e+00 1.567840951040280650e+01 2.097178313348399548e-01
3.404530625000000477e+00 1.602264760311945935e+01 1.989009104290643259e-01
3.459003115000000239e+00 1.637167821437215309e+01 1.890088159630179676e-01
3.513475605000000446e+00 1.655836940988938011e+01 1.962765382998671870e-01
3.567948095000000208e+00 1.675789963155049378e+01 2.250307481412427424e-01
3.622420585000000415e+00 1.698458846797510802e+01 2.856151831271641073e-01
3.676893075000000621e+00 1.696398382518678716e+01 2.914105668576076336e-01
3.731365565000000384e+00 1.714289140490431862e+01 3.133381485130951605e-01
3.785838055000000146e+00 1.728793374575807462e+01 3.449757464034365895e-01
3.840310545000000353e+00 1.736725504418510013e+01 3.898533259113119431e-01
3.894783035000000559e+00 1.744588731581964680e+01 3.667507416215128879e-01
3.949255525000000322e+00 1.752803484897847142e+01 3.707253998049518384e-01
4.003728015000000084e+00 1.757654630389657058e+01 3.435615779188130881e-01
4.058200505000000291e+00 1.772047459927287605e+01 3.270927694652197015e-01
4.112672995000000498e+00 1.766948874108784651e+01 3.365854455230389841e-01
4.167145485000000704e+00 1.775131091851950060e+01 3.003329612704361828e-01
4.221617975000000911e+00 1.781395778504256100e+01 3.695696322199784611e-01
4.276090465000000229e+00 1.777212977964072138e+01 3.638125383620273712e-01
4.330562955000000436e+00 1.779656888095247780e+01 3.176668499310440485e-01
4.385035445000000642e+00 1.783274760484287214e+01 2.620691689107675915e-01
4.439507934999999961e+00 1.790122207195322801e+01 2.441282587852191543e-01
4.493980425000000167e+00 1.788495737930480090e+01 2.382587075603156967e-01
4.548452915000000374e+00 1.787117208958301262e+01 2.576449133191457408e-01
4.602925405000000580e+00 1.790201996772326964e+01 2.295978061810896032e-01
4.657397895000000787e+00 1.793914438019957913e+01 2.344162991746623348e-01
4.711870385000000994e+00 1.798148803320657407e+01 2.384243922379253311e-01
4.766342875000000312e+00 1.805738812674038485e+01 2.402566074912761140e-01
4.820815365000000519e+00 1.805112701499952976e+01 1.921038528285062830e-01
4.875287855000000725e+00 1.809585420215837104e+01 1.842285885884854812e-01
4.929760345000000044e+00 1.829443377661807091e+01 1.514846267388046119e-01
4.984232835000000250e+00 1.860858551394365890e+01 1.120496595604344586e-01
5.038705325000000457e+00 1.918939631985089278e+01 8.433925801907728170e-02
5.093177815000000663e+00 2.010735517473334966e+01 9.343523481003732090e-02
5.147650305000000870e+00 2.104915941671293211e+01 6.332919220291985396e-02
5.202122795000000188e+00 2.312957795233951686e+01 5.090814449924131041e-02
5.256595285000000395e+00 2.508373147338238596e+01 2.423215906951770582e-01
5.311067775000000601e+00 2.724065565213920337e+01 1.027582281718718155e-01
5.365540265000000808e+00 2.950185086573827675e+01 1.018137987745832418e-01
5.420012755000000126e+00 3.704951335019589465e+01 6.704414528614730528e-01
