# G2323K ST100 bf 5
2.041008499999999795e-02 inf nan
6.123025499999999732e-02 inf nan
1.020504250000000002e-01 inf nan
1.428705949999999891e-01 inf nan
1.836907649999999781e-01 inf nan
2.245109349999999671e-01 inf nan
2.653311050000000115e-01 9.996980983287511435e+01 9.559327632538495934e+00
3.061512749999999450e-01 9.050133030841803361e+01 8.406072150241465479e+00
3.469714449999999895e-01 8.270027689371931956e+01 8.579579660484519366e+00
3.877916149999999229e-01 7.605164111214824629e+01 8.598724833554472369e+00
4.286117849999999674e-01 7.140515020281733882e+01 8.858907815270251618e+00
4.694319549999999563e-01 6.450856867355336988e+01 7.280455708759848932e+00
5.102521249999999453e-01 5.933679805948843722e+01 6.650045557431151444e+00
5.510722949999999898e-01 5.423903001253309952e+01 5.979886056549924334e+00
5.918924649999999232e-01 4.987225741340044749e+01 5.667368853332721557e+00
6.327126349999998567e-01 4.614932311164375989e+01 5.642269361749581158e+00
6.735328050000000122e-01 4.233206935486931854e+01 5.881286236705257409e+00
7.143529749999999456e-01 3.891621577412878707e+01 6.080137131862521471e+00
7.551731449999998791e-01 3.561601115135426454e+01 5.873896976797873926e+00
7.959933149999999236e-01 3.287935686004544777e+01 5.829816605682809794e+00
8.368134849999999680e-01 2.988187487156601918e+01 5.217843129849898176e+00
8.776336549999999015e-01 2.732012500263125787e+01 4.880463872106825640e+00
9.184538249999998349e-01 2.490043794219638329e+01 4.571892463492050140e+00
9.592739949999999904e-01 2.214323657412050750e+01 4.192657298017228307e+00
1.000094164999999924e+00 1.989900020670465608e+01 3.865215613766525671e+00
1.040914334999999857e+00 1.772256437048236677e+01 3.468157274351896913e+00
1.081734505000000013e+00 1.573991608138142517e+01 3.155910223721103414e+00
1.122554674999999946e+00 1.391530898968337659e+01 2.804734854451822024e+00
1.163374844999999880e+00 1.213447971177921580e+01 2.404988387212227519e+00
1.204195014999999813e+00 1.055787597757677787e+01 1.988725308187350604e+00
1.245015184999999747e+00 9.161088614905080973e+00 1.617194082406541389e+00
1.285835354999999902e+00 7.873549003814202862e+00 1.364976763701500229e+00
1.326655524999999836e+00 6.668903638728794547e+00 1.114796783849900885e+00
1.367475694999999991e+00 5.417634083632769659e+00 1.014575635118469821e+00
1.408295864999999925e+00 4.393257495842140870e+00 9.344702845893974041e-01
1.449116034999999858e+00 3.474796347312517852e+00 8.752485045955844534e-01
1.489936204999999791e+00 2.694445774279895289e+00 8.407849081140715830e-01
1.530756374999999725e+00 2.010992428016683320e+00 7.621514457718132629e-01
1.571576544999999880e+00 1.431493749738086407e+00 7.293244510625587207e-01
1.612396714999999814e+00 9.312135835884145507e-01 7.545219195562272718e-01
1.653216884999999969e+00 5.866264845041850862e-01 8.152899657723486904e-01
1.694037054999999903e+00 2.506436795169761922e-01 8.979725742446496017e-01
1.734857224999999836e+00 3.813321920644874297e-02 1.014021942669851128e+00
1.775677394999999770e+00 0.000000000000000000e+00 1.165225885687853902e+00
1.816497564999999703e+00 4.857422112372233869e-02 1.332390568203771997e+00
1.857317734999999859e+00 1.797200948188706349e-01 1.419288200585999693e+00
1.898137904999999792e+00 4.217506687239875873e-01 1.563321659304022893e+00
1.938958074999999948e+00 7.244766912930735714e-01 1.679031810534916902e+00
1.979778244999999881e+00 9.474453788799905851e-01 1.734141845184899111e+00
2.020598414999999815e+00 1.173277168433884299e+00 1.801994743046000824e+00
2.061418584999999748e+00 1.403815446415975998e+00 1.844100663092439252e+00
2.102238754999999681e+00 1.742411309470091041e+00 1.939414190395419180e+00
2.143058924999999615e+00 2.159089036360228420e+00 2.030911552680282561e+00
2.183879094999999992e+00 2.640067997812870715e+00 2.072035761191604486e+00
2.224699264999999926e+00 3.198907201077641815e+00 2.121632227402520776e+00
2.265519434999999859e+00 3.911420762512552329e+00 2.114698746978881161e+00
2.306339604999999793e+00 4.681087145206490163e+00 2.095352377252944542e+00
2.347159774999999726e+00 5.352660223791419369e+00 1.970539512765263845e+00
2.387979944999999660e+00 6.115142498381425540e+00 1.736467069194983059e+00
2.428800114999999593e+00 6.826726955687398402e+00 1.387133179994445742e+00
2.469620284999999527e+00 7.759688765545769584e+00 9.956519627585819210e-01
2.510440454999999904e+00 8.747550953374796379e+00 5.997128998449785531e-01
2.551260624999999838e+00 9.759677861896964401e+00 3.040968483808285105e-01
2.592080794999999771e+00 1.061281165878691901e+01 1.984760234489152675e-01
2.632900964999999704e+00 1.140187734834382915e+01 1.297184343317620836e-01
2.673721134999999638e+00 1.209498693321624962e+01 1.461018420033204646e-01
2.714541304999999571e+00 1.297572542751595037e+01 1.530972995518933566e-01
2.755361474999999949e+00 1.360863347839800674e+01 2.087978342903750728e-01
2.796181644999999882e+00 1.442995530122427716e+01 2.807081991714600600e-01
2.837001814999999816e+00 1.504697131472624427e+01 2.726524809079650669e-01
2.877821984999999749e+00 1.578386759413825580e+01 2.033279148153440685e-01
2.918642154999999683e+00 1.653773061023882462e+01 1.623579984619510919e-01
2.959462324999999616e+00 1.723050281040387688e+01 1.422000118989903417e-01
3.000282494999999550e+00 1.789035003021400172e+01 1.437701484342063241e-01
3.041102664999999483e+00 1.849114572323529870e+01 6.309051469504640963e-02
3.081922834999999861e+00 1.916381986013267635e+01 1.263828919693604225e-01
3.122743004999999794e+00 1.979130693839837107e+01 8.855436018412696231e-02
3.163563174999999728e+00 2.035259578507253053e+01 1.824021462355778778e-01
3.204383344999999661e+00 2.091409542855829073e+01 1.648918915104595484e-01
3.245203514999999594e+00 2.138262726431719329e+01 1.129983962103173478e-01
3.286023684999999528e+00 2.176235862404949728e+01 1.817424704287014525e-01
3.326843854999999905e+00 2.196901772127800001e+01 1.937778964886668343e-01
3.367664024999999839e+00 2.216825928785407029e+01 1.993721920318012597e-01
3.408484194999999772e+00 2.230986696499424227e+01 2.215045132682156026e-01
3.449304364999999706e+00 2.233281894945511681e+01 2.055457500721284969e-01
3.490124534999999639e+00 2.244520709167031924e+01 1.234066714036816531e-01
3.530944704999999573e+00 2.251629008545182842e+01 1.203194210763569721e-01
3.571764874999999506e+00 2.249875516136263087e+01 1.109837559100366189e-01
3.612585044999999440e+00 2.246325449804374585e+01 6.619634312201011506e-02
3.653405214999999817e+00 2.254461023111232976e+01 5.490713350634763429e-02
3.694225384999999751e+00 2.260784421136966671e+01 7.142528589892134516e-02
3.735045554999999684e+00 2.273828609713454085e+01 4.253175241027889325e-02
3.775865724999999617e+00 2.315446836275091869e+01 5.657432942475070642e-02
3.816685894999999551e+00 2.371461298531468032e+01 3.762568011009331109e-02
3.857506064999999484e+00 2.479434053506766134e+01 6.768640903241435192e-02
3.898326234999999862e+00 2.613702797566774905e+01 3.225082942105527567e-02
3.939146404999999795e+00 2.796712130327046708e+01 1.340000830611327853e-01
3.979966574999999729e+00 2.992223224362311385e+01 3.084778593066602737e-01
4.020786744999999662e+00 3.361094013872105535e+01 8.208969896050810622e-02
4.061606914999999596e+00 3.710235336384247518e+01 9.845117406755209410e-01
