# GU323K ST100 bf 5
-4.055467495000000255e+00 inf nan
-3.973776485000000136e+00 inf nan
-3.892085475000000017e+00 inf nan
-3.810394465000000341e+00 inf nan
-3.728703455000000222e+00 inf nan
-3.647012445000000547e+00 inf nan
-3.565321435000000427e+00 inf nan
-3.483630425000000308e+00 inf nan
-3.401939415000000189e+00 inf nan
-3.320248405000000069e+00 inf nan
-3.238557394999999950e+00 inf nan
-3.156866385000000275e+00 inf nan
-3.075175375000000155e+00 inf nan
-2.993484365000000480e+00 inf nan
-2.911793355000000361e+00 inf nan
-2.830102345000000241e+00 inf nan
-2.748411335000000122e+00 inf nan
-2.666720325000000003e+00 inf nan
-2.585029314999999883e+00 inf nan
-2.503338305000000208e+00 inf nan
-2.421647295000000089e+00 inf nan
-2.339956285000000413e+00 inf nan
-2.258265275000000294e+00 inf nan
-2.176574265000000175e+00 inf nan
-2.094883255000000055e+00 inf nan
-2.013192244999999936e+00 inf nan
-1.931501235000000039e+00 inf nan
-1.849810225000000141e+00 inf nan
-1.768119215000000022e+00 inf nan
-1.686428205000000125e+00 inf nan
-1.604737195000000227e+00 inf nan
-1.523046185000000108e+00 inf nan
-1.441355174999999988e+00 inf nan
-1.359664164999999869e+00 inf nan
-1.277973154999999972e+00 inf nan
-1.196282145000000074e+00 inf nan
-1.114591134999999955e+00 inf nan
-1.032900125000000058e+00 inf nan
-9.512091150000001605e-01 inf nan
-8.695181050000000411e-01 inf nan
-7.878270949999999218e-01 inf nan
-7.061360849999998024e-01 inf nan
-6.244450749999999051e-01 inf nan
-5.427540650000000078e-01 inf nan
-4.610630549999998884e-01 inf nan
-3.793720449999999911e-01 inf nan
-2.976810350000000938e-01 inf nan
-2.159900249999999744e-01 inf nan
-1.342990149999998550e-01 inf nan
-5.260800499999973567e-02 inf nan
2.908300500000038369e-02 9.162523657712897318e+01 8.862444263423124857e-01
1.107740150000005031e-01 9.389308371236072048e+01 5.746496297820480770e+00
1.924650250000001783e-01 8.897869559995388045e+01 5.500062251313647899e+00
2.741560349999998536e-01 7.781873977297311740e+01 3.487872217832423072e+00
3.558470449999999730e-01 6.793460155825212610e+01 2.308302175080659602e+00
4.375380550000000923e-01 5.916259017680017962e+01 1.002447535973852943e+00
5.192290650000002117e-01 5.029445508528802833e+01 3.770966482564633293e-01
6.009200750000003310e-01 4.386036870259742670e+01 8.550332422600576132e-01
6.826110850000004504e-01 3.701110768170707388e+01 5.597765182924490102e-01
7.643020950000001257e-01 3.069530157230449419e+01 7.150101456845173731e-01
8.459931049999998010e-01 2.566965947988644814e+01 9.692905110416701886e-01
9.276841149999999203e-01 2.158012216662395844e+01 1.123581115954016996e+00
1.009375125000000040e+00 1.748399243426197458e+01 7.456792193254462298e-01
1.091066135000000159e+00 1.369344284761270814e+01 2.474099006330881534e-01
1.172757145000000278e+00 1.028535492093029546e+01 1.058835182715957418e-01
1.254448155000000398e+00 7.684299963131952182e+00 1.313812181886115649e-01
1.336139165000000517e+00 5.525791565347876855e+00 1.280587599671027532e-01
1.417830175000000636e+00 3.797047740078539846e+00 1.096033133446015495e-01
1.499521185000000312e+00 2.295893846859542009e+00 1.003294708977542776e-01
1.581212194999999987e+00 1.177119125685052836e+00 7.870813511389003481e-02
1.662903205000000106e+00 3.340437497577894987e-01 2.380925786397111998e-01
1.744594215000000226e+00 0.000000000000000000e+00 3.110910240306608565e-01
1.826285225000000345e+00 1.570194864136027491e-01 2.633934615171927840e-01
1.907976235000000464e+00 6.368847784319058292e-01 5.975363361160231784e-02
1.989667245000000584e+00 1.121746707907213647e+00 2.740359921569188173e-01
2.071358255000000259e+00 1.839150036975794933e+00 7.279313741375191826e-01
2.153049264999999934e+00 2.999023840837878652e+00 1.143430463356882365e+00
2.234740275000000054e+00 4.343236137230817917e+00 1.571931399012150177e+00
2.316431285000000173e+00 5.716374088708501944e+00 1.929482730652170908e+00
2.398122295000000292e+00 7.206165691148797237e+00 2.034490233628056810e+00
2.479813305000000412e+00 8.672854706091655430e+00 2.010211727973957974e+00
2.561504315000000531e+00 1.006310238366062926e+01 1.886297087571425557e+00
2.643195325000000651e+00 1.116786679128014370e+01 1.731551193047018211e+00
2.724886335000000770e+00 1.220613820650752501e+01 1.553512685382072656e+00
2.806577345000000445e+00 1.313618596073128586e+01 1.328806075729791036e+00
2.888268355000000120e+00 1.399628798299046295e+01 1.298564703279201149e+00
2.969959365000000240e+00 1.502174903647152426e+01 1.385312387119750133e+00
3.051650375000000359e+00 1.601850100706893443e+01 1.428996798843618743e+00
3.133341385000000479e+00 1.686631038182082420e+01 1.378958348559176095e+00
3.215032395000000598e+00 1.747640477386179469e+01 1.321136341396250025e+00
3.296723405000000717e+00 1.795536233533033865e+01 1.292812509955198363e+00
3.378414415000000393e+00 1.826337118850209151e+01 1.246444797218736467e+00
3.460105425000000068e+00 1.847252846873873366e+01 1.168826987621257807e+00
3.541796435000000187e+00 1.854332260821829337e+01 1.156663103053439778e+00
3.623487445000000307e+00 1.859750739713152257e+01 1.141924400045014387e+00
3.705178455000000426e+00 1.873997420300285910e+01 1.172227036115381260e+00
3.786869465000000545e+00 1.934904697053707423e+01 1.162036875190528340e+00
3.868560475000000665e+00 2.097052107962099399e+01 1.181902655275510972e+00
3.950251485000000784e+00 2.416017637886518088e+01 9.902408734124179546e-01
4.031942495000000903e+00 3.024164083766129352e+01 1.157938931239846481e+00
