# C_opc323K ST100 bf 5
-3.781757214999999839e+00 inf nan
-3.705357645000000311e+00 inf nan
-3.628958074999999894e+00 inf nan
-3.552558505000000366e+00 inf nan
-3.476158934999999950e+00 inf nan
-3.399759365000000422e+00 inf nan
-3.323359795000000005e+00 inf nan
-3.246960225000000033e+00 inf nan
-3.170560655000000061e+00 inf nan
-3.094161085000000089e+00 inf nan
-3.017761515000000117e+00 inf nan
-2.941361944999999700e+00 inf nan
-2.864962375000000172e+00 inf nan
-2.788562804999999756e+00 inf nan
-2.712163235000000228e+00 inf nan
-2.635763664999999811e+00 inf nan
-2.559364095000000283e+00 inf nan
-2.482964524999999867e+00 inf nan
-2.406564955000000339e+00 inf nan
-2.330165384999999922e+00 inf nan
-2.253765814999999950e+00 inf nan
-2.177366244999999978e+00 inf nan
-2.100966675000000006e+00 inf nan
-2.024567105000000033e+00 inf nan
-1.948167535000000061e+00 inf nan
-1.871767965000000089e+00 inf nan
-1.795368395000000117e+00 inf nan
-1.718968824999999923e+00 inf nan
-1.642569254999999950e+00 inf nan
-1.566169684999999978e+00 inf nan
-1.489770115000000006e+00 inf nan
-1.413370545000000034e+00 inf nan
-1.336970975000000061e+00 inf nan
-1.260571405000000089e+00 inf nan
-1.184171835000000117e+00 inf nan
-1.107772265000000145e+00 inf nan
-1.031372695000000173e+00 inf nan
-9.549731250000002003e-01 inf nan
-8.785735550000002281e-01 inf nan
-8.021739850000002559e-01 inf nan
-7.257744150000000616e-01 inf nan
-6.493748449999998673e-01 inf nan
-5.729752749999998951e-01 inf nan
-4.965757049999999229e-01 inf nan
-4.201761349999999506e-01 inf nan
-3.437765649999999784e-01 inf nan
-2.673769950000000062e-01 inf nan
-1.909774250000000340e-01 inf nan
-1.145778550000000617e-01 inf nan
-3.817828500000008951e-02 inf nan
3.822128499999988271e-02 5.882913018079977974e+01 2.567923726577097554e+00
1.146208549999998549e-01 5.210263077900707174e+01 2.131800862172516631e+00
1.910204249999998272e-01 4.744138692156589343e+01 1.682535544648475545e+00
2.674199950000000214e-01 4.350880458813264795e+01 1.998577225493889165e+00
3.438195649999999937e-01 3.777417655220699544e+01 1.556453720990024880e+00
4.202191349999999659e-01 3.158396284593397851e+01 1.328426443774640475e+00
4.966187049999999381e-01 2.704272109941347679e+01 1.364440909473771724e+00
5.730182749999999103e-01 2.301046346240215357e+01 1.785945688637485596e+00
6.494178449999998826e-01 1.927452075566549183e+01 1.822854204363033137e+00
7.258174149999998548e-01 1.582115357576670611e+01 1.660915107928873091e+00
8.022169849999998270e-01 1.250005469483091503e+01 1.429499120160744985e+00
8.786165549999997992e-01 9.759254454745565965e+00 1.078358254319277343e+00
9.550161249999997715e-01 7.535152763367470641e+00 8.664488560404078887e-01
1.031415694999999744e+00 5.593094107801803716e+00 7.486449254466169823e-01
1.107815265000000160e+00 3.834259284904629084e+00 6.883098443764961161e-01
1.184214835000000132e+00 2.237513933173495673e+00 6.478555521491526914e-01
1.260614405000000104e+00 1.119670564959747594e+00 3.793672241125493616e-01
1.337013975000000077e+00 4.253704640266988690e-01 1.520278349330149437e-01
1.413413545000000049e+00 5.442495975509231698e-02 1.174477672305885151e-01
1.489813115000000021e+00 0.000000000000000000e+00 1.375926448778950484e-01
1.566212684999999993e+00 3.714959901958927446e-01 4.331559989853833031e-02
1.642612254999999966e+00 1.172907155724388417e+00 3.969400104170768551e-02
1.719011824999999938e+00 2.067473419405459367e+00 1.195766759386526212e-01
1.795411394999999910e+00 2.632287496077193367e+00 3.538986254930620023e-01
1.871810964999999882e+00 3.390193758860938544e+00 6.029512917555492901e-01
1.948210534999999854e+00 3.849893118029157790e+00 8.103540344837706355e-01
2.024610104999999827e+00 4.343904031924026299e+00 9.106840333826197176e-01
2.101009674999999799e+00 4.972394240616608840e+00 1.041642448522317244e+00
2.177409244999999771e+00 5.202785087303951173e+00 1.047664096046412308e+00
2.253808814999999743e+00 5.263508629778144154e+00 7.126807152270207002e-01
2.330208384999999716e+00 5.177084442062554359e+00 3.278415580585959388e-01
2.406607955000000132e+00 4.866777981485608251e+00 1.849167519100968216e-01
2.483007525000000104e+00 4.496178369413364351e+00 2.050691371593741097e-01
2.559407095000000076e+00 4.419808371752665721e+00 2.336309277434655551e-01
2.635806665000000049e+00 4.436991505794715351e+00 1.976275132651544586e-01
2.712206235000000021e+00 4.544278027160657984e+00 2.031989779001669161e-01
2.788605804999999993e+00 4.714099624036286684e+00 1.302651513791700799e-01
2.865005374999999965e+00 4.896890472316428600e+00 1.917120782135174895e-01
2.941404944999999937e+00 5.127622992575592065e+00 1.804376688954263674e-01
3.017804514999999910e+00 5.330063519308126274e+00 2.528212538948261812e-01
3.094204084999999882e+00 5.504959426651403476e+00 2.994640902810160044e-01
3.170603654999999854e+00 5.587347974034649667e+00 2.327404501419588212e-01
3.247003224999999826e+00 5.815581833131901135e+00 2.726462231080587495e-01
3.323402794999999799e+00 5.863450890683353123e+00 2.668236667091506975e-01
3.399802364999999771e+00 5.909814357852361866e+00 3.543824208582048163e-01
3.476201934999999743e+00 5.886926563000287160e+00 3.753202076342401772e-01
3.552601505000000159e+00 5.969092515716216241e+00 3.149801888714286457e-01
3.629001075000000132e+00 5.890584844685292865e+00 3.553750416573894233e-01
3.705400645000000104e+00 5.908304176648471184e+00 3.063909859778093381e-01
3.781800215000000076e+00 5.806506154999695468e+00 3.221962570467197251e-01
