# U2323K ST100 bf 5
2.077638999999999875e-02 8.429318198921686189e+01 1.784086350679450872e+00
6.232916999999999624e-02 8.424625984092315889e+01 3.927834972729330687e+00
1.038819500000000007e-01 8.067871591751097071e+01 3.487704050282647739e+00
1.454347299999999843e-01 7.430758765205629857e+01 2.752858989502851461e+00
1.869875099999999957e-01 6.889635083137795846e+01 2.762755762730428888e+00
2.285402899999999793e-01 6.411707634252957178e+01 2.435840899002029047e+00
2.700930699999999907e-01 5.982491641314100406e+01 2.562245580974061632e+00
3.116458500000000020e-01 5.546880891873512098e+01 3.118986905072981930e+00
3.531986299999999579e-01 5.195466400462978385e+01 3.715588813456949691e+00
3.947514100000000248e-01 4.865810796419616935e+01 4.120725044000100645e+00
4.363041899999999806e-01 4.548399503155420831e+01 3.983540016503057668e+00
4.778569699999999365e-01 4.301987006732477425e+01 3.926171234040059854e+00
5.194097500000000034e-01 4.006952562333028567e+01 3.923096889144103372e+00
5.609625299999999593e-01 3.717385003940884758e+01 3.824137504338406934e+00
6.025153100000000261e-01 3.426531667145525972e+01 3.500662840373883089e+00
6.440680899999999820e-01 3.161844825551496996e+01 3.184982060603812393e+00
6.856208699999999379e-01 2.926242071813554446e+01 2.955672314363678499e+00
7.271736499999998937e-01 2.669889505404918850e+01 2.721471328096594533e+00
7.687264299999999606e-01 2.426575123301220671e+01 2.662797197089378898e+00
8.102792100000000275e-01 2.188406580772950960e+01 2.622766753401285289e+00
8.518319899999999834e-01 1.949470463748849625e+01 2.567540449393403534e+00
8.933847699999999392e-01 1.727007168977489115e+01 2.415132158657470551e+00
9.349375499999998951e-01 1.507617619667330899e+01 2.120360030895631631e+00
9.764903299999999620e-01 1.314659181668316279e+01 2.012439618384880724e+00
1.018043110000000029e+00 1.150120136874427601e+01 1.932384145525491315e+00
1.059595889999999985e+00 9.805308851211686161e+00 1.895330275408714904e+00
1.101148669999999941e+00 8.304903063071886749e+00 1.812405895126971700e+00
1.142701449999999896e+00 6.876065906492852875e+00 1.750456255569982078e+00
1.184254229999999852e+00 5.620047140428722443e+00 1.754776926255516178e+00
1.225807010000000030e+00 4.630902621835561561e+00 1.705760403745429254e+00
1.267359789999999986e+00 3.728081097393705079e+00 1.710814921174309111e+00
1.308912569999999942e+00 2.951159549037917884e+00 1.774253816143251283e+00
1.350465349999999898e+00 2.293755470229292825e+00 1.837121306934315079e+00
1.392018129999999854e+00 1.721844599213959270e+00 1.817975592672807394e+00
1.433570909999999810e+00 1.262318652977453937e+00 1.824177110945859104e+00
1.475123689999999987e+00 8.577197794514628271e-01 1.755966097345835530e+00
1.516676469999999943e+00 4.882312769761920634e-01 1.734780581470286798e+00
1.558229249999999899e+00 2.282205097755305445e-01 1.741435678108294249e+00
1.599782029999999855e+00 6.626130849073952334e-02 1.771957955729582368e+00
1.641334810000000033e+00 0.000000000000000000e+00 1.826332795938233611e+00
1.682887589999999989e+00 7.703908198343434321e-02 1.863415978326065758e+00
1.724440369999999945e+00 2.585145104696877638e-01 1.978778040589525666e+00
1.765993149999999901e+00 4.615952700606449355e-01 2.118223222441686815e+00
1.807545929999999856e+00 7.701249867066426447e-01 2.218309202541198122e+00
1.849098709999999812e+00 1.093117342588090679e+00 2.336969831627221605e+00
1.890651489999999768e+00 1.422851545554378205e+00 2.378834315783751485e+00
1.932204269999999946e+00 1.815489389192112668e+00 2.367706216255332841e+00
1.973757049999999902e+00 2.202960471724791702e+00 2.344736224874230501e+00
2.015309830000000080e+00 2.684650074908338624e+00 2.308256827954257240e+00
2.056862610000000036e+00 3.154156702103323440e+00 2.247494681794231841e+00
2.098415389999999991e+00 3.686210887866453234e+00 2.181448482823185042e+00
2.139968169999999947e+00 4.296841658443812051e+00 2.200183328342524280e+00
2.181520949999999903e+00 4.873120974950785111e+00 2.251108195774414789e+00
2.223073729999999859e+00 5.560785681008589165e+00 2.330398328720188594e+00
2.264626509999999815e+00 6.114453118248277974e+00 2.300485120206284595e+00
2.306179289999999771e+00 6.651856565328218451e+00 2.186421114568408708e+00
2.347732069999999727e+00 7.227804177500471994e+00 2.064777161703560182e+00
2.389284849999999683e+00 7.778949209868619263e+00 1.857604993537647520e+00
2.430837630000000082e+00 8.356921552687524013e+00 1.699522353673324160e+00
2.472390410000000038e+00 8.950794350543164413e+00 1.532586083616744421e+00
2.513943189999999994e+00 9.542845115141293633e+00 1.324590094966320963e+00
2.555495969999999950e+00 1.031861861144717096e+01 1.122951838490276355e+00
2.597048749999999906e+00 1.088117507192614575e+01 8.964606380094978233e-01
2.638601529999999862e+00 1.143414171667935619e+01 7.295076791982402220e-01
2.680154309999999818e+00 1.205260738941734289e+01 6.099997962675873797e-01
2.721707089999999774e+00 1.264050842161400823e+01 3.978292640838169691e-01
2.763259869999999729e+00 1.330208461695697508e+01 2.488941315359138040e-01
2.804812649999999685e+00 1.388802087423746201e+01 1.575660523336457342e-01
2.846365429999999641e+00 1.442867777423914077e+01 1.317564570883258401e-01
2.887918209999999597e+00 1.490845381919289281e+01 1.267081355187265335e-01
2.929470989999999997e+00 1.533976277746654659e+01 9.685631878940294259e-02
2.971023769999999953e+00 1.561258106833923520e+01 4.296376122131374126e-02
3.012576549999999909e+00 1.594607786028290519e+01 2.617447090178572772e-02
3.054129329999999864e+00 1.636739826333539938e+01 8.664824747744574729e-02
3.095682109999999820e+00 1.656601492758181848e+01 1.377004581356124080e-01
3.137234889999999776e+00 1.682395199345121029e+01 1.638526252396936000e-01
3.178787669999999732e+00 1.706225968746052502e+01 1.800818033370890359e-01
3.220340449999999688e+00 1.719766958382775357e+01 1.990644004259961020e-01
3.261893229999999644e+00 1.747535262182836391e+01 1.794050249382310724e-01
3.303446010000000044e+00 1.776684414403419510e+01 1.262195378186178607e-01
3.344998790000000000e+00 1.793451031803352080e+01 1.246163748397037807e-01
3.386551569999999955e+00 1.809377231477273185e+01 1.517749136208722538e-01
3.428104349999999911e+00 1.816414049611463000e+01 1.294269108607674357e-01
3.469657129999999867e+00 1.831691866502143284e+01 1.630180141600678922e-01
3.511209909999999823e+00 1.837574236813335204e+01 1.276664748607784505e-01
3.552762689999999779e+00 1.848342234538360174e+01 7.683926668883384048e-02
3.594315469999999735e+00 1.853206647444059030e+01 1.214358366014042373e-01
3.635868249999999691e+00 1.856418109639026781e+01 6.958129057919699989e-02
3.677421029999999647e+00 1.863283017894870497e+01 6.739204338018262019e-02
3.718973809999999602e+00 1.868502547709687178e+01 9.831015828775636900e-02
3.760526589999999558e+00 1.894350582059528421e+01 7.349418082383056550e-02
3.802079369999999958e+00 1.928277258093303814e+01 7.901509554811141089e-02
3.843632149999999914e+00 2.009391962770319040e+01 1.177200978608939214e-01
3.885184929999999870e+00 2.142389568540396994e+01 1.029517305871816835e-01
3.926737709999999826e+00 2.301271271199188462e+01 1.024690278562780249e-01
3.968290489999999782e+00 2.479826490045909182e+01 1.019835910259700995e-01
4.009843270000000182e+00 2.816348357025657378e+01 3.389650970499206162e-01
4.051396050000000137e+00 3.122535592072607358e+01 9.483648565598017111e-02
4.092948830000000093e+00 3.530526902463657990e+01 6.120327646718988213e-01
4.134501610000000049e+00 3.661142497688913977e+01 1.004580863841647020e-01
