# A323K ST100 bf 5
2.119725999999999902e-02 5.282086402293124650e+01 8.046360544779956880e-01
6.359178000000000053e-02 5.024016189874773630e+01 6.195340035787055832e-01
1.059863000000000055e-01 4.783679457107367483e+01 1.112340399182486950e+00
1.483808199999999966e-01 4.434535171016445076e+01 9.243469232534761160e-01
1.907753399999999877e-01 4.148194212945949744e+01 9.286403780172008959e-01
2.331698600000000066e-01 3.853099878687879709e+01 9.128781799213339099e-01
2.755643799999999977e-01 3.592074748002519158e+01 9.991350115758869110e-01
3.179588999999999888e-01 3.346931342676335674e+01 9.311770873072343635e-01
3.603534199999999799e-01 3.127209903064213847e+01 6.173702640105475092e-01
4.027479399999999710e-01 2.901813709079151238e+01 4.842625629693403932e-01
4.451424599999999621e-01 2.685117317236339929e+01 4.849521408385621957e-01
4.875369800000000087e-01 2.474815314317763537e+01 3.421620248909710837e-01
5.299314999999999998e-01 2.282630675392401187e+01 3.929909077421936958e-01
5.723260199999999909e-01 2.103686848969265100e+01 4.549712902514400636e-01
6.147205399999999820e-01 1.907338862107190280e+01 4.731754289513168676e-01
6.571150599999999731e-01 1.721216912737578753e+01 4.577069787918967569e-01
6.995095799999999642e-01 1.540180886893271861e+01 4.405409789207023197e-01
7.419040999999999553e-01 1.374724054147160146e+01 2.986262849473219072e-01
7.842986199999999464e-01 1.205247604149524498e+01 1.851048239744282065e-01
8.266931399999999375e-01 1.062152942626710583e+01 1.148461869603232405e-01
8.690876599999999286e-01 9.146906416930775663e+00 1.535997241736989927e-01
9.114821799999999197e-01 7.768629025689516965e+00 2.199514363865578137e-01
9.538766999999999108e-01 6.513758135418580508e+00 3.980875705062722480e-01
9.962712199999999019e-01 5.293473222993593907e+00 4.589135869759380926e-01
1.038665739999999893e+00 4.148007323645000355e+00 4.235450207146189139e-01
1.081060260000000106e+00 3.243191286587641997e+00 3.265542993015974060e-01
1.123454779999999875e+00 2.417717295488515106e+00 3.385224104808192691e-01
1.165849300000000088e+00 1.871660342074033423e+00 2.810741627277953403e-01
1.208243819999999857e+00 1.376788338183420279e+00 3.116813504559221015e-01
1.250638340000000071e+00 1.052527882876216125e+00 3.150235121394607263e-01
1.293032859999999840e+00 7.111647391464330781e-01 3.030940303958750692e-01
1.335427380000000053e+00 3.391323004554998022e-01 3.077554953752468236e-01
1.377821899999999822e+00 9.133345298669581780e-02 3.552848179913533078e-01
1.420216420000000035e+00 0.000000000000000000e+00 2.852168020261200421e-01
1.462610939999999804e+00 3.110507611987500809e-02 1.994869901796518241e-01
1.505005460000000017e+00 1.194450792511254633e-01 5.187771646013063925e-02
1.547399979999999786e+00 2.804417634207254650e-01 6.209183892132739274e-02
1.589794499999999999e+00 4.800939719135932648e-01 7.081348116568889073e-02
1.632189019999999768e+00 8.138875181828275629e-01 7.889774202428109784e-02
1.674583539999999982e+00 1.355892965209736900e+00 4.578275816608696341e-02
1.716978059999999751e+00 1.996294023510731819e+00 4.219496538437315925e-02
1.759372579999999964e+00 2.628345618824376118e+00 9.580835755734984360e-02
1.801767099999999733e+00 3.280705652356534330e+00 1.384940293066962147e-01
1.844161619999999946e+00 3.843298130653529654e+00 1.376030632548263799e-01
1.886556139999999715e+00 4.568320140861498402e+00 1.521724911384036982e-01
1.928950659999999928e+00 5.342222369332077392e+00 6.974457495037623966e-02
1.971345179999999697e+00 6.248047158423521097e+00 1.217327785048220867e-01
2.013739699999999910e+00 7.187013160354680963e+00 1.278328393145732322e-01
2.056134219999999679e+00 8.329240777597650691e+00 1.089176279430679739e-01
2.098528739999999893e+00 9.433027689388348236e+00 2.370027366887542120e-02
2.140923260000000106e+00 1.067886787323280373e+01 1.064027248438276230e-01
2.183317779999999875e+00 1.172754103636991729e+01 2.908643379444834642e-01
2.225712299999999644e+00 1.266336627745407739e+01 4.861483335311417298e-01
2.268106819999999857e+00 1.328646671316487016e+01 5.621631828547095644e-01
2.310501340000000070e+00 1.377945301272432843e+01 5.522962230419621310e-01
2.352895859999999839e+00 1.412395339724763943e+01 5.614165192230717860e-01
2.395290379999999608e+00 1.436945864463159062e+01 5.129120937034045147e-01
2.437684899999999821e+00 1.457565068653810769e+01 6.531548663524422427e-01
2.480079420000000034e+00 1.457600730624244889e+01 6.227185452837448176e-01
2.522473939999999804e+00 1.474907213602258693e+01 6.435224632701332936e-01
2.564868459999999573e+00 1.482039881837586393e+01 7.214159046788304330e-01
2.607262979999999786e+00 1.508644798503260276e+01 6.858610950593724276e-01
2.649657499999999999e+00 1.564260187293961479e+01 7.794469806483030894e-01
2.692052019999999768e+00 1.618627059235657839e+01 8.921493545687667615e-01
2.734446539999999981e+00 1.662430608168160262e+01 1.022494615046624977e+00
2.776841059999999750e+00 1.712026051902988399e+01 1.015839633073860604e+00
2.819235579999999963e+00 1.743737100578452726e+01 1.104914712488005879e+00
2.861630100000000176e+00 1.775335212929016393e+01 1.133766298541528439e+00
2.904024619999999945e+00 1.808739841267847481e+01 1.041322043183217527e+00
2.946419139999999715e+00 1.843647293966574807e+01 1.115172840840974899e+00
2.988813659999999928e+00 1.879111553313582306e+01 1.230958859634361469e+00
3.031208180000000141e+00 1.888101182582553150e+01 1.113246528181047523e+00
3.073602699999999910e+00 1.919804319868547182e+01 1.142494247055637402e+00
3.115997219999999679e+00 1.928273847855065171e+01 1.172614775030238476e+00
3.158391739999999892e+00 1.939329298818549674e+01 1.119924884667683029e+00
3.200786260000000105e+00 1.951227516657904815e+01 1.130453182682653601e+00
3.243180779999999874e+00 1.952830680437122979e+01 1.056774249718515968e+00
3.285575299999999643e+00 1.949561773419513599e+01 1.120835977908543946e+00
3.327969819999999856e+00 1.949988821082392221e+01 1.077710667927296084e+00
3.370364340000000070e+00 1.950416042573632680e+01 1.122072284975081713e+00
3.412758859999999839e+00 1.955722844792631676e+01 1.070381365153350472e+00
3.455153379999999608e+00 1.953364441865767276e+01 1.012122713670444929e+00
3.497547899999999821e+00 1.947591531385735664e+01 9.348759114351666843e-01
3.539942420000000034e+00 1.952046897083437571e+01 9.950438686995033422e-01
3.582336939999999803e+00 1.955046170678532391e+01 9.373501824191372567e-01
3.624731459999999572e+00 1.941357593773081902e+01 1.008506097474972218e+00
3.667125979999999785e+00 1.954319673489773024e+01 9.361942213614300456e-01
3.709520499999999998e+00 1.958790728732302355e+01 9.648300787599376482e-01
3.751915019999999767e+00 1.975820216358128434e+01 8.926145230409875397e-01
3.794309539999999537e+00 2.021412239870792860e+01 9.744406316095359788e-01
3.836704059999999750e+00 2.090889250614088013e+01 9.201114568071018240e-01
3.879098579999999963e+00 2.200494858164091738e+01 9.703226679464719284e-01
3.921493099999999732e+00 2.339873545115822395e+01 1.046132335215841147e+00
3.963887619999999501e+00 2.501681309918200569e+01 8.498770817582624870e-01
4.006282139999999714e+00 2.724905947521158112e+01 1.026364124301258007e+00
4.048676659999999927e+00 2.994337460735747314e+01 1.209397292659743606e+00
4.091071180000000140e+00 3.281137888133625324e+01 1.515918864842949576e+00
4.133465700000000353e+00 3.360562718517407887e+01 8.806218799597960167e-01
4.175860219999999678e+00 3.655868279704259294e+01 1.008831027281188675e+00
4.218254739999999892e+00 3.946615437187332986e+01 1.033320468219463439e+00
