# CU323K ST100 bf 5
-4.083078705000000141e+00 inf nan
-4.000936115000000015e+00 inf nan
-3.918793525000000333e+00 inf nan
-3.836650935000000207e+00 inf nan
-3.754508345000000080e+00 inf nan
-3.672365755000000398e+00 inf nan
-3.590223165000000272e+00 inf nan
-3.508080575000000145e+00 inf nan
-3.425937985000000019e+00 inf nan
-3.343795394999999893e+00 inf nan
-3.261652805000000210e+00 inf nan
-3.179510215000000528e+00 inf nan
-3.097367625000000402e+00 inf nan
-3.015225035000000275e+00 inf nan
-2.933082445000000149e+00 inf nan
-2.850939855000000023e+00 inf nan
-2.768797264999999896e+00 inf nan
-2.686654675000000214e+00 inf nan
-2.604512085000000532e+00 inf nan
-2.522369495000000406e+00 inf nan
-2.440226905000000279e+00 inf nan
-2.358084315000000153e+00 inf nan
-2.275941725000000027e+00 inf nan
-2.193799134999999900e+00 inf nan
-2.111656545000000218e+00 inf nan
-2.029513955000000092e+00 inf nan
-1.947371365000000187e+00 inf nan
-1.865228775000000283e+00 inf nan
-1.783086185000000157e+00 inf nan
-1.700943595000000030e+00 inf nan
-1.618801005000000126e+00 inf nan
-1.536658415000000222e+00 inf nan
-1.454515825000000095e+00 inf nan
-1.372373235000000191e+00 inf nan
-1.290230645000000287e+00 inf nan
-1.208088055000000161e+00 inf nan
-1.125945465000000034e+00 inf nan
-1.043802875000000130e+00 inf nan
-9.616602850000002256e-01 inf nan
-8.795176950000000993e-01 inf nan
-7.973751050000001950e-01 inf nan
-7.152325150000002907e-01 inf nan
-6.330899250000001643e-01 inf nan
-5.509473350000000380e-01 inf nan
-4.688047450000001337e-01 inf nan
-3.866621550000002294e-01 inf nan
-3.045195650000001031e-01 inf nan
-2.223769750000001988e-01 inf nan
-1.402343850000002945e-01 inf nan
-5.809179500000016816e-02 inf nan
2.405079499999995818e-02 7.436008181498851854e+01 2.811112316712716996e+00
1.061933850000000845e-01 7.816198404778535291e+01 1.304510533601439981e+01
1.883359750000002109e-01 7.012805255203232946e+01 1.114118754856618665e+01
2.704785649999998931e-01 6.211071956139536354e+01 9.219359722223998688e+00
3.526211549999995754e-01 5.367529893287315446e+01 7.047180873278771074e+00
4.347637449999997017e-01 4.726006676836006193e+01 5.779256319376937512e+00
5.169063349999998280e-01 4.244692777278145002e+01 5.599502610510953104e+00
5.990489249999999544e-01 3.721267257508483794e+01 4.718527475441852914e+00
6.811915150000000807e-01 3.344027012338868587e+01 4.649022424375865548e+00
7.633341050000002070e-01 2.836545698155050133e+01 4.185448241936394531e+00
8.454766949999998893e-01 2.295705870400384185e+01 3.321222884115476059e+00
9.276192849999995715e-01 1.802992394296019540e+01 3.083998149567185987e+00
1.009761874999999698e+00 1.368314354898737761e+01 2.741151869720803269e+00
1.091904464999999824e+00 1.037853725629150503e+01 2.474673254103269215e+00
1.174047054999999951e+00 7.579102250006208408e+00 2.228793414430910502e+00
1.256189645000000077e+00 5.243349099680955305e+00 2.009101356849063436e+00
1.338332235000000203e+00 3.367557582922259485e+00 1.831463947970692896e+00
1.420474824999999885e+00 1.847307804521754804e+00 1.502884490004912976e+00
1.502617414999999568e+00 8.522861021584375862e-01 1.145050725862598151e+00
1.584760004999999694e+00 2.790027689388843157e-01 7.611619788258817687e-01
1.666902594999999820e+00 0.000000000000000000e+00 5.913004588041699261e-01
1.749045184999999947e+00 7.309704302560504630e-03 4.997556396892330888e-01
1.831187775000000073e+00 8.843258541605791834e-02 3.672413239790846551e-01
1.913330365000000199e+00 2.671496977727869648e-01 2.322585205419437637e-01
1.995472954999999882e+00 8.238610222083551093e-01 1.038025184565761205e-01
2.077615544999999564e+00 1.353457985892518423e+00 1.224426376533269134e-01
2.159758134999999690e+00 1.859227261288278754e+00 3.190576150887238227e-01
2.241900724999999817e+00 2.630903002405954538e+00 4.634976649514198632e-01
2.324043314999999943e+00 3.162685209629096050e+00 6.128052446324668834e-01
2.406185905000000069e+00 3.344998668171008660e+00 8.267702926712957590e-01
2.488328495000000196e+00 3.390265850085885546e+00 9.232522467247750164e-01
2.570471084999999878e+00 3.609542478641365904e+00 1.081231779949418437e+00
2.652613674999999560e+00 3.927458390295164747e+00 1.185055719864948731e+00
2.734756264999999686e+00 4.242929710043846114e+00 1.239120720187115499e+00
2.816898854999999813e+00 4.720156394719861481e+00 1.337140055247119763e+00
2.899041444999999939e+00 5.346409442813865098e+00 1.391014484481022828e+00
2.981184035000000065e+00 6.128986934147430787e+00 1.504109064591589773e+00
3.063326625000000192e+00 6.960633998965114699e+00 1.553662885812882921e+00
3.145469214999999874e+00 7.617949971300635781e+00 1.662502096788379014e+00
3.227611804999999556e+00 8.261578833256319143e+00 1.641932407741248712e+00
3.309754394999999683e+00 8.645168514157138162e+00 1.586228165775568577e+00
3.391896984999999809e+00 9.018115527476442850e+00 1.568032004173166793e+00
3.474039574999999935e+00 9.242147185219618422e+00 1.602078655204380420e+00
3.556182165000000062e+00 9.458796820939134875e+00 1.668062351859367576e+00
3.638324755000000188e+00 9.554749143201883399e+00 1.691810773095012266e+00
3.720467344999999870e+00 9.735085443770737257e+00 1.717790154802067537e+00
3.802609934999999552e+00 1.031940735359100536e+01 1.726543519752865574e+00
3.884752524999999679e+00 1.214457567072552457e+01 1.706858853126633546e+00
3.966895114999999805e+00 1.546539428764341828e+01 1.806238999349433882e+00
4.049037704999999931e+00 2.099519981299879845e+01 1.628539985976543925e+00
