# G323K ST100 bf 5
2.028359000000000065e-02 5.828399195124075050e+01 5.854972124230187758e-01
6.085076999999999847e-02 5.661940697460322980e+01 6.052654156295977916e-01
1.014179500000000067e-01 5.243089863947696472e+01 5.212157977486825411e-01
1.419851300000000149e-01 4.872179240233016628e+01 8.713239578002873742e-02
1.825523099999999954e-01 4.562716600926959387e+01 9.626732718659844479e-02
2.231194900000000036e-01 4.243164494387939101e+01 1.985901233472096850e-01
2.636866700000000119e-01 3.959845973577090206e+01 3.861423651062231843e-01
3.042538500000000479e-01 3.711512522941618641e+01 3.741421363813321466e-01
3.448210299999999728e-01 3.472174433217060141e+01 2.134403036379309282e-01
3.853882100000000088e-01 3.253614963742760580e+01 2.791952467544305816e-01
4.259553900000000448e-01 3.017971391833884098e+01 5.268148080815420187e-01
4.665225699999999698e-01 2.799911018066121571e+01 6.991711475608879400e-01
5.070897500000000058e-01 2.573465477644158739e+01 9.938061913567468597e-01
5.476569300000000418e-01 2.389448966387400120e+01 1.052342551471260990e+00
5.882241100000000777e-01 2.196066538464832618e+01 1.170106550080478813e+00
6.287912900000000027e-01 2.029655050810236361e+01 1.290900964262506001e+00
6.693584700000000387e-01 1.864330108092231342e+01 1.342774702799738318e+00
7.099256499999999637e-01 1.714576523023337984e+01 1.367221147023498062e+00
7.504928299999999997e-01 1.580620886179887918e+01 1.350673173391973236e+00
7.910600100000000356e-01 1.466914347724231860e+01 1.319980224474860853e+00
8.316271900000000716e-01 1.365358624852634151e+01 1.211309818573682806e+00
8.721943699999999966e-01 1.249471449906077325e+01 1.104963825304291269e+00
9.127615500000000326e-01 1.144666588473944202e+01 9.811342352906086139e-01
9.533287299999999576e-01 1.035605397480889955e+01 9.270057813726797491e-01
9.938959099999999935e-01 9.294765934300457388e+00 8.897317486294022970e-01
1.034463090000000030e+00 8.312492635123597040e+00 7.710513155025118248e-01
1.075030270000000066e+00 7.267822319141302501e+00 6.111713494686646930e-01
1.115597450000000102e+00 6.209622639313373327e+00 3.782121078517411972e-01
1.156164630000000137e+00 5.137038888930959502e+00 3.145690914101163527e-01
1.196731809999999951e+00 4.258517840916958619e+00 1.780446060967751654e-01
1.237298989999999987e+00 3.665197537617597590e+00 1.174913766764618256e-01
1.277866170000000023e+00 3.197321919643314914e+00 1.056576554703023696e-01
1.318433350000000059e+00 2.730557340677556510e+00 1.210087189514570671e-01
1.359000530000000095e+00 2.275546983957042357e+00 1.470312272629242800e-01
1.399567710000000131e+00 1.748852062336244018e+00 1.907103433267516579e-01
1.440134889999999945e+00 1.300468651484173677e+00 2.113814889526715590e-01
1.480702069999999981e+00 9.182405657427814560e-01 1.968720074823391286e-01
1.521269250000000017e+00 5.933908422208027389e-01 1.068182179807368043e-01
1.561836430000000053e+00 3.560847777239715128e-01 1.179047978974642336e-01
1.602403610000000089e+00 2.167024716135195206e-01 1.459104423968731468e-01
1.642970790000000125e+00 1.048218855947524730e-01 1.935735779549565272e-01
1.683537970000000161e+00 0.000000000000000000e+00 1.676913727971124091e-01
1.724105149999999975e+00 2.086531384853174131e-02 1.817784450732323753e-01
1.764672330000000011e+00 2.084248173011289396e-01 2.688716387194395319e-01
1.805239510000000047e+00 5.253979479518520179e-01 3.797122824065282121e-01
1.845806690000000083e+00 9.155142166470611187e-01 5.451827788161138777e-01
1.886373870000000119e+00 1.495639664005551595e+00 7.026298152233666494e-01
1.926941049999999933e+00 2.074952302060872000e+00 9.445590976414361961e-01
1.967508229999999969e+00 2.629311870283551400e+00 1.135715896539732928e+00
2.008075410000000005e+00 3.334525266187057468e+00 1.272878309706708233e+00
2.048642590000000041e+00 4.028483751401921609e+00 1.282234346269716552e+00
2.089209770000000077e+00 4.647125991149060553e+00 1.248923495097675973e+00
2.129776950000000113e+00 5.272084730272126762e+00 1.125461975727387598e+00
2.170344130000000149e+00 5.984955684914623930e+00 8.705357680705133605e-01
2.210911310000000185e+00 6.687575043449040635e+00 7.036198906751364168e-01
2.251478490000000221e+00 7.208640476133297170e+00 4.752737076299762831e-01
2.292045670000000257e+00 7.795599936909022531e+00 2.948985410116726769e-01
2.332612850000000293e+00 8.453548322156844819e+00 2.484295716606802207e-01
2.373180029999999885e+00 9.020669673610749228e+00 1.377532536393060447e-01
2.413747209999999921e+00 9.543070249058697385e+00 1.466584642467050059e-01
2.454314389999999957e+00 1.010964082797348773e+01 6.840224705126649041e-02
2.494881569999999993e+00 1.058206146304101125e+01 1.073514764227527368e-01
2.535448750000000029e+00 1.110115650134933318e+01 1.190337889905491858e-01
2.576015930000000065e+00 1.169745007865896369e+01 1.119637355660261513e-01
2.616583110000000101e+00 1.206305751690688943e+01 1.613706199230670879e-01
2.657150290000000137e+00 1.255791491819669403e+01 2.498881400666133623e-01
2.697717470000000173e+00 1.313574399976315021e+01 3.583490468473480850e-01
2.738284650000000209e+00 1.373070185621652151e+01 4.746923146854095110e-01
2.778851830000000245e+00 1.420597407691651881e+01 4.100361235774165891e-01
2.819419010000000281e+00 1.454835294379314448e+01 3.432981046581440876e-01
2.859986189999999873e+00 1.510199507374889372e+01 3.451225128470243875e-01
2.900553369999999909e+00 1.560773253679055017e+01 3.904515299745192625e-01
2.941120549999999945e+00 1.603444518662188756e+01 3.623739336646412679e-01
2.981687729999999981e+00 1.652681002384107956e+01 4.444670580155205553e-01
3.022254910000000017e+00 1.693909158304016316e+01 4.429184869957348281e-01
3.062822090000000053e+00 1.735037089271303046e+01 4.272302815618392868e-01
3.103389270000000089e+00 1.763931989857660199e+01 3.529594551353771870e-01
3.143956450000000125e+00 1.791636874537596924e+01 4.452160474192191630e-01
3.184523630000000161e+00 1.811770730745612923e+01 4.031473307705060183e-01
3.225090810000000197e+00 1.826960859984221486e+01 4.370353845500396517e-01
3.265657990000000233e+00 1.852840302294979224e+01 3.912491597045064662e-01
3.306225170000000269e+00 1.845160656110103048e+01 4.439425066313184565e-01
3.346792350000000305e+00 1.862754063764183243e+01 4.938917423959257591e-01
3.387359530000000341e+00 1.872032185384708214e+01 4.330982654658229736e-01
3.427926709999999932e+00 1.869893489020516242e+01 3.849830068411582706e-01
3.468493889999999968e+00 1.884507322281274000e+01 4.115938461738723464e-01
3.509061070000000004e+00 1.879243734649915609e+01 4.469467049132536118e-01
3.549628250000000040e+00 1.878017187634095464e+01 4.653065666137081724e-01
3.590195430000000076e+00 1.871243114885746195e+01 3.094746281689251810e-01
3.630762610000000112e+00 1.881490599503193550e+01 3.545970749245677678e-01
3.671329790000000148e+00 1.871110557771969951e+01 3.789955754298359181e-01
3.711896970000000184e+00 1.900658638985579785e+01 2.907357978040062685e-01
3.752464150000000220e+00 1.909316902089545209e+01 4.105448741243977739e-01
3.793031330000000256e+00 1.956067860108003131e+01 3.720777754311409002e-01
3.833598510000000292e+00 2.037502606392187943e+01 3.782470294697722890e-01
3.874165689999999884e+00 2.135857070225641863e+01 3.764944768527418439e-01
3.914732869999999920e+00 2.291510423821687681e+01 3.350207616327761651e-01
3.955300049999999956e+00 2.478921631771957479e+01 1.810184737807907784e-01
3.995867229999999992e+00 2.829062381772324386e+01 1.722582603864008521e-01
4.036434410000000028e+00 3.224380961170702875e+01 2.746122328927547707e-01
