# U_opc323K ST100 bf 5
-3.781740344999999781e+00 inf nan
-3.705341035000000005e+00 inf nan
-3.628941724999999785e+00 inf nan
-3.552542415000000009e+00 inf nan
-3.476143104999999789e+00 inf nan
-3.399743795000000013e+00 inf nan
-3.323344484999999793e+00 inf nan
-3.246945175000000017e+00 inf nan
-3.170545864999999797e+00 inf nan
-3.094146555000000021e+00 inf nan
-3.017747244999999801e+00 inf nan
-2.941347935000000025e+00 inf nan
-2.864948624999999804e+00 inf nan
-2.788549315000000028e+00 inf nan
-2.712150004999999808e+00 inf nan
-2.635750695000000032e+00 inf nan
-2.559351384999999812e+00 inf nan
-2.482952075000000036e+00 inf nan
-2.406552764999999816e+00 inf nan
-2.330153455000000040e+00 inf nan
-2.253754144999999820e+00 inf nan
-2.177354835000000044e+00 inf nan
-2.100955524999999824e+00 inf nan
-2.024556215000000048e+00 inf nan
-1.948156904999999828e+00 inf nan
-1.871757595000000052e+00 inf nan
-1.795358285000000054e+00 inf nan
-1.718958975000000056e+00 inf nan
-1.642559664999999836e+00 inf nan
-1.566160354999999837e+00 inf nan
-1.489761045000000061e+00 inf nan
-1.413361735000000063e+00 inf nan
-1.336962424999999843e+00 inf nan
-1.260563114999999845e+00 inf nan
-1.184163805000000069e+00 inf nan
-1.107764495000000071e+00 inf nan
-1.031365184999999851e+00 inf nan
-9.549658749999998530e-01 inf nan
-8.785665650000000770e-01 inf nan
-8.021672550000000790e-01 inf nan
-7.257679449999998589e-01 inf nan
-6.493686349999998608e-01 inf nan
-5.729693250000000848e-01 inf nan
-4.965700150000000868e-01 inf nan
-4.201707049999998667e-01 inf nan
-3.437713949999998686e-01 inf nan
-2.673720850000000926e-01 inf nan
-1.909727750000000945e-01 inf nan
-1.145734649999998744e-01 inf nan
-3.817415499999987638e-02 inf nan
3.822515499999989963e-02 5.319395778783669471e+01 2.222414580889686686e+00
1.146244649999998977e-01 5.247908480415645727e+01 4.523952458692657608e+00
1.910237750000001178e-01 4.849264630971249801e+01 3.716933297160983862e+00
2.674230849999998938e-01 4.316547605430887558e+01 2.889331887589789538e+00
3.438223949999996698e-01 3.741606293919083726e+01 1.977548234471844690e+00
4.202217049999998899e-01 3.281013495766871557e+01 1.395055947586961498e+00
4.966210150000001100e-01 2.816050815784161898e+01 1.232263211209195575e+00
5.730203250000003301e-01 2.328361231112154073e+01 1.070315536106133836e+00
6.494196350000001061e-01 1.895964686070722394e+01 1.188737614432040735e+00
7.258189449999998821e-01 1.520350979357212573e+01 1.193555073816222389e+00
8.022182550000001022e-01 1.214311406909587632e+01 1.107842336330825184e+00
8.786175649999998782e-01 9.415255014047922089e+00 1.055288539416625371e+00
9.550168749999996542e-01 6.947485248937990576e+00 9.874742363982152993e-01
1.031416184999999874e+00 4.685373020980573955e+00 9.631603029400996885e-01
1.107815495000000094e+00 2.883774290006993368e+00 7.766934865308471325e-01
1.184214805000000315e+00 1.720236231327689325e+00 6.802506000620563986e-01
1.260614115000000091e+00 1.039536703235871329e+00 5.722850732856008538e-01
1.337013424999999867e+00 3.135498378138805720e-01 3.741970897435807353e-01
1.413412735000000087e+00 0.000000000000000000e+00 6.697862745727961586e-02
1.489812044999999863e+00 1.696115718283692786e-01 1.634656670753691088e-01
1.566211354999999639e+00 5.853816620331606657e-01 2.920430515004021066e-01
1.642610664999999859e+00 1.205620545901282981e+00 4.573695082915336663e-01
1.719009975000000079e+00 1.980488681672504470e+00 4.322711671337944872e-01
1.795409285000000299e+00 2.990362608160555880e+00 3.739825234742450988e-01
1.871808595000000075e+00 4.110841891635256928e+00 5.231478525774515553e-01
1.948207904999999851e+00 5.419280121168867481e+00 7.566195351840806493e-01
2.024607215000000071e+00 6.896174059443335835e+00 8.287626267865507712e-01
2.101006524999999847e+00 7.966510250133696402e+00 8.423694286214586935e-01
2.177405834999999623e+00 8.695362596786251785e+00 8.464898576001913533e-01
2.253805144999999843e+00 9.235348070281560240e+00 7.787029237737278509e-01
2.330204455000000063e+00 9.512620233329673880e+00 6.042492530624480329e-01
2.406603765000000283e+00 9.781643809682396551e+00 4.702408195389313206e-01
2.483003075000000059e+00 9.992469999515309453e+00 2.796077298757272955e-01
2.559402384999999835e+00 1.006774884992941921e+01 2.397325174947667892e-01
2.635801695000000056e+00 9.850810651036793431e+00 2.770014516268886062e-01
2.712201004999999832e+00 9.681105459561262450e+00 2.973262297668614051e-01
2.788600314999999608e+00 9.725383954390686370e+00 2.286150746877250450e-01
2.864999624999999828e+00 9.760001427526855622e+00 2.071582228296934280e-01
2.941398935000000048e+00 9.871939388981347818e+00 2.040328063428167304e-01
3.017798245000000268e+00 9.949649196151369779e+00 1.268638988728466310e-01
3.094197555000000044e+00 1.005696416471295507e+01 4.770785368364310192e-02
3.170596864999999820e+00 1.020336673052251797e+01 1.141929823583588514e-02
3.246996175000000040e+00 1.022003408058102991e+01 2.445557868717926700e-02
3.323395484999999816e+00 1.023452375058227659e+01 2.316359655971836698e-02
3.399794794999999592e+00 1.018920318642266665e+01 2.195120239674233989e-02
3.476194104999999812e+00 1.021287810462260559e+01 1.527123857989890962e-02
3.552593415000000032e+00 1.022677636882599472e+01 4.725840266959181052e-02
3.628992725000000252e+00 1.024242213237868881e+01 5.252325639705977822e-02
3.705392035000000028e+00 1.012343486938562087e+01 4.288383855312097315e-02
3.781791344999999804e+00 1.002995531463384182e+01 4.287830785684576540e-02
