1.323149439999999899e+00 -9.599999999999999645e-01
1.476310320000000065e+00 -8.800000000000000044e-01
1.629471200000000009e+00 -8.000000000000000444e-01
1.782632079999999952e+00 -7.199999999999999734e-01
1.935792960000000118e+00 -6.399999999999999023e-01
2.088953840000000284e+00 -5.600000000000000533e-01
2.242114720000000005e+00 -4.799999999999999822e-01
2.395275599999999727e+00 -3.999999999999999667e-01
2.548436480000000337e+00 -3.200000000000000067e-01
2.701597360000000059e+00 -2.399999999999999911e-01
2.854758239999999780e+00 -1.599999999999999756e-01
3.007919120000000390e+00 -8.000000000000001554e-02
3.161080000000000112e+00 0.000000000000000000e+00
3.314240879999999834e+00 8.000000000000007105e-02
3.467401759999999999e+00 1.600000000000000311e-01
3.620562640000000165e+00 2.399999999999999911e-01
3.773723519999999887e+00 3.200000000000000622e-01
3.926884399999999609e+00 4.000000000000000222e-01
4.080045280000000218e+00 4.799999999999999822e-01
4.233206159999999940e+00 5.600000000000000533e-01
4.386367039999999662e+00 6.400000000000000133e-01
4.539527920000000272e+00 7.199999999999999734e-01
4.692688799999999993e+00 8.000000000000000444e-01
4.845849679999999715e+00 8.800000000000000044e-01
4.999010560000000325e+00 9.599999999999999645e-01
