# C3323K ST100 bf 10
4.130622633927418796e+00 1.271910160540389023e-01
4.731555282165299303e+00 1.937419251241616347e-01
6.328745920105038891e+00 2.590304901284615560e-02
4.204082739934562163e+00 1.803126406965462614e-01
4.209201062172445162e+00 6.267331904250145191e-02
3.970027162539044863e+00 4.479447815425999790e-01
3.286807349756045049e+00 3.101016316298402589e-02
4.073462494555353253e+00 3.085555905384642084e-01
4.183273621658947228e+00 7.578816589327967979e-01
3.334779018896715908e+00 1.505702775620032796e-01
3.090237437441976542e+00 1.063651216690725126e-01
3.527443850716564189e+00 3.450882511948300535e-01
