3.534922415228068360e+01 1.288974721389260170e+00
5.069476519264404857e+01 1.177435410062594112e+00
6.434324558121335258e+01 1.549643434270855158e+00
3.475295834226000835e+01 5.423962166442720667e-01
5.625792048939041479e+01 6.201692645607843613e-01
6.203856427968401022e+01 2.095935109713509714e+00
2.993278230114207616e+01 3.401786647020214049e-01
4.700367924471825631e+01 6.750702677898428039e-01
5.396082677072755018e+01 2.678655725593019010e+00
2.778453110925262948e+01 3.148723241259280270e-01
3.660327479266710782e+01 2.077383006685286748e+00
2.825623632437431354e+01 2.348868506580446880e+00
