7.293746614046902721e+00 1.214857208779496656e+00
7.397685901556498855e+00 1.851982463799104695e+00
4.716097606501106654e+00 1.895259569360522756e+00
5.187740122287256561e+00 1.538078101483733029e+00
2.068499759919501457e+01 8.128623946188469063e+00
6.734836474890541602e+00 7.369285220363650524e-01
5.200138164187933398e+00 9.025838024662624637e-01
2.574708439596932852e+00 1.591756322222675157e+00
5.004779395988002477e+00 2.552581360730529880e+00
1.469186539585810003e+01 8.284808710114342389e+00
9.584349143684685046e+00 5.556435846141932089e+00
5.661992414938636919e+00 1.621944251870697018e+00
3.103156732259314321e+00 1.516997080263244424e+00
3.824645247403231085e+00 6.017810635448577194e-01
1.288937852250327332e+01 3.386714569501728445e+00
6.252648377926494305e+00 5.936228724637414578e-01
4.738979266926513390e+00 7.014498362771051099e-01
4.165464007469667607e+00 1.255413529043260201e+00
1.118279222167072362e+01 3.291161307144416348e+00
