4.636535377506105959e+01 1.367756529059816151e+00
7.565434047609156210e+01 2.969404951495230094e+00
8.414135852528485771e+01 1.654415730753038938e+00
4.036765229419945911e+01 2.713058410160106293e-01
7.305562059588821455e+01 3.758581329179033204e-01
8.269075409975033608e+01 6.444752372840359733e+00
3.863174563753226209e+01 5.591171167605243353e-01
6.641553810818672332e+01 9.996281513174221089e-01
7.782191081517194675e+01 2.316698575213819833e+00
3.626384511341893813e+01 6.407925410683376066e-01
5.262605461548093899e+01 4.286910015494006743e+00
4.682857439444502035e+01 4.293498222973327394e+00
