4.636535377506105959e+01 1.367533647063651880e+00
7.565434047609156210e+01 2.970442933599447333e+00
8.414135852528485771e+01 1.652445594896527981e+00
4.036765229419945911e+01 2.841417326712788460e-01
7.305562059588821455e+01 3.501332334504801969e-01
8.269075409975033608e+01 6.450559019068975886e+00
3.863174563753226209e+01 5.619815737059581373e-01
6.641553810818672332e+01 1.001529670635593616e+00
7.782191081517194675e+01 2.308416000640194365e+00
3.626384511341893813e+01 6.389594308162805936e-01
5.262605461548093899e+01 4.283433446004218936e+00
4.682857439444502035e+01 4.305586288537431194e+00
