3.642333886499027895e-01
9.503084701645960752e-01
8.784310007590288016e-01
9.514702591870868309e-01
4.957845282691069611e-01
3.390249354420775130e-01
4.082215222319734993e-01
6.386148470234674912e-01
8.950707453296369298e-01
7.262699424289299488e-01
9.906221434404942627e-01
7.777187172508760460e-01
7.850678992136338463e-01
9.881132622618765682e-01
7.968888585513348444e-01
9.832320619867853662e-01
9.846051005905935849e-01
9.338503888170367473e-01
9.897448454643200666e-01
7.673910706827271611e-01
6.627069757459583821e-01
5.450557128473512147e-01
9.728759202772647718e-01
8.586798837285913866e-01
8.221888305400288921e-01
7.364319277194610880e-01
9.382855952934927579e-01
9.892588198750571493e-01
8.217473306324128979e-01
8.880928895713908755e-01
7.011834589136004547e-01
7.802113778902169949e-01
7.603169795106243800e-01
9.642252033560183566e-01
7.857499795955112942e-01
9.721167293292295453e-01
8.146582790622198811e-01
6.310266282467454912e-01
9.913102488957109548e-01
9.512069475134113938e-01
9.854896219701518856e-01
9.038620271752674240e-01
8.223506913545862718e-01
9.709678104945586030e-01
9.552359997497167354e-01
8.366421239270773746e-01
8.276583825105694459e-01
9.007064794906534111e-01
8.776048709146742066e-01
9.795498543662257696e-01
5.624446153232970369e-01
7.973959278636508774e-01
4.929415764531102639e-01
4.045148928814982781e-01
4.019749782822205075e-01
4.846055442279122993e-01
5.959794659782189363e-01
4.533295170081153569e-01
8.170150853200912611e-01
9.818598378538901938e-01
8.218038097415295562e-01
6.292481698694822878e-01
4.661948028784386189e-01
3.773835043902445396e-01
4.117570488175589238e-01
7.359781956060996722e-01
4.909441977197089302e-01
5.400013373910188541e-01
7.481518573847666387e-01
3.392705666365167239e-01
3.971478507114018508e-01
5.352936641953858210e-01
6.535220385766247198e-01
3.874710763005107528e-01
6.424111920056281289e-01
6.244179626193676613e-01
6.075919411723690322e-01
6.959380445406767590e-01
6.180571672220798174e-01
4.122810727887413762e-01
5.526658361232130723e-01
5.470690648594304095e-01
7.574257364958993932e-01
7.719912963076135393e-01
7.449840132764177225e-01
4.837157875162964027e-01
4.273171660931154303e-01
3.796722976062122390e-01
5.635067599789714832e-01
6.764743917416049523e-01
7.198523526184970045e-01
7.655253236125254546e-01
7.295688301060158087e-01
7.204610877046520034e-01
7.329618195990454943e-01
7.157608992178746687e-01
7.457304242713789222e-01
6.881599850730220069e-01
6.920884950883410269e-01
6.208765864792763489e-01
4.044378415558657069e-01
3.967248516612223996e-01
7.293859985495675380e-01
5.585532756408835287e-01
6.279821183910601068e-01
4.124403356795777187e-01
4.031972251351598202e-01
4.123847253022476789e-01
6.539386147565008356e-01
5.676038902131573805e-01
4.028141220029923253e-01
4.122422675564691996e-01
5.996990691591099765e-01
4.061777824789625790e-01
5.113690236507725251e-01
4.021275562852950625e-01
4.854905905763585716e-01
7.305076869397812978e-01
6.680925986940320360e-01
5.449097579452513163e-01
5.033197967414378970e-01
5.445597883463232369e-01
6.849490609344304204e-01
7.398725875669620589e-01
4.488065998593257500e-01
4.336452777182012164e-01
6.856709208392870458e-01
6.343538268343015263e-01
7.104234166877215761e-01
4.355972605863911995e-01
5.044070527633605083e-01
7.726637471557455950e-01
7.565568357274068401e-01
7.203031383670875920e-01
7.071434771892483040e-01
6.872745271391929034e-01
7.359325628856683288e-01
7.607658248540155599e-01
6.708004226888731880e-01
4.121780621588901905e-01
4.205589139752444749e-01
4.128403041693400333e-01
4.111201924376786110e-01
7.118341379144563774e-01
6.911282777785692222e-01
7.507558369997420211e-01
6.292037491872659594e-01
6.871651763093580279e-01
7.444173963272381345e-01
4.366962551497590161e-01
5.830683086927738179e-01
3.982401209609771064e-01
4.281436402019210274e-01
4.125770057713307737e-01
4.121154061020587678e-01
4.152411388857584762e-01
4.223824087201626387e-01
5.294698099979976424e-01
7.437317465012643902e-01
5.560625609510104761e-01
6.380318902326373998e-01
6.201872649570121521e-01
4.278387788913020628e-01
4.869976981615960487e-01
7.459480012953211281e-01
6.854483942997805501e-01
3.832408914714707238e-01
5.518526755126071937e-01
7.541318606446685280e-01
7.716269001841602471e-01
7.417517243172440100e-01
5.538834795527595167e-01
3.370014439823981744e-01
3.769341058355794027e-01
5.685394249355917307e-01
7.155518598490081539e-01
5.138341724843896730e-01
7.526924162018769904e-01
7.727878582650929973e-01
7.295293171700223400e-01
7.203238554720375886e-01
7.238325380406803733e-01
5.072661057012322061e-01
7.178243560006226653e-01
7.630094692364836062e-01
6.523930519284989460e-01
5.439988820744326992e-01
7.311022201545941401e-01
4.896827086354014202e-01
4.693993889654513030e-01
4.291654753299229408e-01
5.156659338527310732e-01
4.303554479493084117e-01
7.024212788935512153e-01
7.451710330476625233e-01
7.688278964548622696e-01
4.588691546853094771e-01
5.091410097664063050e-01
7.368152053774336130e-01
7.307066297448480130e-01
7.309318361310769285e-01
6.868059299145675700e-01
5.341148931025231361e-01
6.975416921932681147e-01
6.882396730941542362e-01
5.710964784348591117e-01
4.057707793154997633e-01
5.813305503896050164e-01
6.282056990677016284e-01
5.241741148403115114e-01
6.886331072190530200e-01
5.972175811456921224e-01
7.716738814780431666e-01
6.515579961102730966e-01
5.555962581362757780e-01
7.062699976586112038e-01
4.897856963966354393e-01
6.784129334025744695e-01
5.491349771717567441e-01
4.504844456633956273e-01
7.142129984700756884e-01
4.812831235628210469e-01
7.261448939556716109e-01
7.380130971119108763e-01
7.456156716937464290e-01
5.636029586752594467e-01
7.167374024964906498e-01
7.291811508654267859e-01
6.273870733443301928e-01
7.720100396837805690e-01
7.457593937330494471e-01
7.513657268268257861e-01
7.305333363306985017e-01
6.249217182873939569e-01
4.426743854780913479e-01
7.714928895119931296e-01
7.379273704285517210e-01
7.297130023436930735e-01
4.034176178920963474e-01
5.020902685930511700e-01
4.716084846637440542e-01
5.557160145314663513e-01
5.728498604147491680e-01
7.866847307328946881e-01
8.868441689077882772e-01
9.933585111077978258e-01
9.471036136117551019e-01
9.985875891846551777e-01
9.528235007408253354e-01
9.282502932861201872e-01
9.905296428401160203e-01
8.028033939913669093e-01
7.617394219898455665e-01
7.052100229098966500e-01
6.745847272894757163e-01
6.496454741732347049e-01
5.022913538961339963e-01
9.296569706111514897e-01
8.222637678291417895e-01
8.741262309928513607e-01
8.690699493111594398e-01
9.355087267257616856e-01
8.954479479886283677e-01
6.768770282384082293e-01
9.905673820419111930e-01
9.407891881594225847e-01
8.037488253263289639e-01
8.307364150966061178e-01
9.524737142452266436e-01
6.937076286592142038e-01
5.087792341315512390e-01
7.669918880244829262e-01
4.587623861781963130e-01
5.356856983878358625e-01
6.221048429285074288e-01
8.188763192910484268e-01
5.845745204193223410e-01
4.309672049029688035e-01
5.423255018606798483e-01
3.446812100625239461e-01
3.238777350314404058e-01
7.027763554424308889e-01
8.986370988390598447e-01
9.905536921652692284e-01
9.078183674463560227e-01
8.194506362284950107e-01
8.218182370928988068e-01
9.287847462844897040e-01
9.636185249868809422e-01
9.313196892857971143e-01
8.150907944900680491e-01
7.845897695521747428e-01
8.925441157077164123e-01
5.860248621011400205e-01
3.937914492879759365e-01
9.739354183337148863e-01
9.494455955027999439e-01
9.809302084401234634e-01
9.720575446103406625e-01
7.577333281583465974e-01
6.505023761220712908e-01
9.572594239953621242e-01
8.568405096647728758e-01
9.500479640535155479e-01
7.486765718909208500e-01
8.223648211350123027e-01
6.901907899111968669e-01
8.665176686292571651e-01
7.361340829240864414e-01
9.348499270804777606e-01
7.122575544324298846e-01
7.264121061060699880e-01
9.714608154787708338e-01
8.197736177068687402e-01
8.256390152663987125e-01
9.217309895712126888e-01
9.121861554784950199e-01
9.543515401198903181e-01
8.735250141034821558e-01
9.283557028762629004e-01
9.645281453489535917e-01
9.279084879589060142e-01
6.589351531032665577e-01
8.117686746246726148e-01
5.489452792363642697e-01
5.590322918845267441e-01
9.157676834594929982e-01
9.056954336680790307e-01
6.389033034143720702e-01
9.352183924866377396e-01
9.510488533925199883e-01
8.792516682696379648e-01
8.228410752445799448e-01
9.516152716278476476e-01
9.662734437216692340e-01
8.223792583353319863e-01
9.493441740776978888e-01
7.734104462262412216e-01
7.655064517426830584e-01
9.058124922152007708e-01
5.755625851811045912e-01
5.005349584691309861e-01
9.481389403235063185e-01
8.882524625207129931e-01
8.671036982962649908e-01
9.508229487553117032e-01
9.746628997273640849e-01
7.815151425368885851e-01
9.816233146873919457e-01
7.883726184077199939e-01
8.622310216224537971e-01
8.013623375632868973e-01
9.396204357485056224e-01
9.291476976130320642e-01
9.092348355294914697e-01
6.023861404574998302e-01
9.424925873918407193e-01
8.735569902524736863e-01
9.491441999379753858e-01
8.643912211926123579e-01
8.688726044657012482e-01
9.545911192296911985e-01
8.413761626970692742e-01
9.662839106001582801e-01
8.882531260855518473e-01
8.304143874180833773e-01
8.222121709305242332e-01
7.679665685243187712e-01
8.331892171043632223e-01
9.680877096128762682e-01
9.881354074632451301e-01
7.738826303859978051e-01
9.255850579662571187e-01
5.686585726563192500e-01
6.348897867574946341e-01
9.139056948497922273e-01
9.300977325374801818e-01
9.955638304674349071e-01
7.056350342011002974e-01
6.214768311969109948e-01
8.263683824590090099e-01
9.492427634866031916e-01
9.809368036536827429e-01
9.812754175179859706e-01
6.125788531924231117e-01
4.730087124863660009e-01
6.400505430301417498e-01
4.985401432123746090e-01
3.906196469534536364e-01
4.132968494604778997e-01
4.239917164036028363e-01
8.249013563199218968e-01
6.918421782939260245e-01
7.926452065716537154e-01
9.999947706984249063e-01
4.843507476301061598e-01
9.589177823521528587e-01
4.836503862345355453e-01
5.075981750928385550e-01
5.595700302447265129e-01
9.256946598699848927e-01
9.816526477986269317e-01
3.476942178752755463e-01
8.162241534400164200e-01
5.616986758157020976e-01
3.672943652820170879e-01
4.929450748363231605e-01
5.936610335800013294e-01
6.961325132071426447e-01
4.059572465102897487e-01
5.553205222502237692e-01
4.704023015616276004e-01
9.595953350463674036e-01
8.860687059635592444e-01
9.509568511587963568e-01
9.281906589512418648e-01
9.303315705042097816e-01
8.320378956135792148e-01
6.694162611111610373e-01
5.048930009531250596e-01
3.859476205523900139e-01
5.004783124680842743e-01
6.881003536227298101e-01
5.689035304202003651e-01
9.594243789443221981e-01
8.401705334840834372e-01
8.353247050401941820e-01
4.663506790915594724e-01
4.752003585804522867e-01
4.162663853405035308e-01
5.208805354335315219e-01
4.037694713503115485e-01
4.066700973627658255e-01
4.213745204434223846e-01
4.608928434000476582e-01
4.669026731004565223e-01
4.632610298646951952e-01
4.037456429690984283e-01
5.228040022191522418e-01
4.031698162766346183e-01
4.232004450378123450e-01
4.027428102072699301e-01
5.587254237501285692e-01
4.111243386501212682e-01
4.043851227344589239e-01
4.057030356291932427e-01
4.230087436207916052e-01
4.698624917386112765e-01
4.105800071071205037e-01
4.037470002441808647e-01
4.119987403554445926e-01
4.068390457351386824e-01
6.066086855823764612e-01
6.801463901993206607e-01
7.476864359048227548e-01
7.375104562904902794e-01
5.612448366877358374e-01
5.228495042218337385e-01
6.948873466828499046e-01
7.389272149542643886e-01
6.218100350611701632e-01
5.300826546714851872e-01
5.632214180264635273e-01
7.191004164022231082e-01
4.659458573829450279e-01
6.369222883714606986e-01
7.450104492343713192e-01
7.132705724540816528e-01
7.259016400811939551e-01
7.153519662751094410e-01
5.970652408901300223e-01
7.050620010020425266e-01
7.100281415692014653e-01
6.143941863239628098e-01
7.135399765875733991e-01
7.167657811195707884e-01
7.465587259371198048e-01
4.171528141420249303e-01
5.055293233863615843e-01
7.375762981756220915e-01
5.901887109326964254e-01
4.811080593479447054e-01
7.461461323785368860e-01
4.761962772242268604e-01
6.455516965265470919e-01
7.715562895095610108e-01
7.468736213121610623e-01
4.117782738376762341e-01
4.314152727734066883e-01
3.626427813887798113e-01
6.605877504368660169e-01
6.106251750470019779e-01
7.103321390067421914e-01
4.210788829957458623e-01
6.890568788501265640e-01
4.236830064603325230e-01
4.237478960377165094e-01
7.168790390781000221e-01
7.451877335244309064e-01
4.502847580923269311e-01
5.084870357803977781e-01
4.610844904750607820e-01
4.424370081956615630e-01
5.743824509166886028e-01
5.086002474708087862e-01
5.667928850273958874e-01
6.216114844248923355e-01
6.020644695266169633e-01
7.209235643762237356e-01
6.258430144190965105e-01
5.929786708321942434e-01
5.498792254370497012e-01
4.664426617910448769e-01
4.730474068587269820e-01
6.684240801530942910e-01
5.157241062107763563e-01
7.296876543098269607e-01
4.483681019774304333e-01
6.086386239289128808e-01
3.964561339118032324e-01
4.135474771498360846e-01
4.242586546124099134e-01
4.121946899353339244e-01
5.356218732664078663e-01
4.118822614830036088e-01
4.149480997138114691e-01
5.148237485516101719e-01
5.131498272431277430e-01
4.988277435936768756e-01
4.112344589254945948e-01
4.234461647334814005e-01
4.124041341665689031e-01
4.298081297154835445e-01
7.099682063001621080e-01
5.579975474011324987e-01
7.287365134939471911e-01
7.135490384355696047e-01
5.479576543952483503e-01
7.247507480921789869e-01
6.095568610666981524e-01
4.553631315636194055e-01
4.672062254055185937e-01
4.111252600363424214e-01
5.862777386167776772e-01
5.270144845860449401e-01
5.382411295149729380e-01
7.726374843370352741e-01
6.328209861807114756e-01
7.721259703672200825e-01
4.359734350679547177e-01
4.075446157382542345e-01
7.300941466535407764e-01
5.811926828081084295e-01
6.817105935789564697e-01
6.519311915849468342e-01
7.294884439709511392e-01
4.692971819804461764e-01
4.043674506275543590e-01
4.035270304462814650e-01
4.123066369611725346e-01
4.095213439278435064e-01
4.360566572624582915e-01
4.124374086306644704e-01
7.128803700866928050e-01
4.809366516117192236e-01
6.098258142592067887e-01
4.043969045681297669e-01
4.386991670459120529e-01
4.027188919896733110e-01
4.114715402643114306e-01
4.435752947758654363e-01
4.174985571619344582e-01
4.033660867205612344e-01
4.306331483552731099e-01
4.123554596943612149e-01
7.313480362982131000e-01
4.037957143592955100e-01
3.883257749660283809e-01
7.029664331653697751e-01
4.400320914531475891e-01
7.122791043414712364e-01
6.441570734718224944e-01
4.844897109805260671e-01
7.592459355349131522e-01
7.304790370891958151e-01
6.134663707946808042e-01
4.073306406401296931e-01
4.071818678866570007e-01
5.831473715114898759e-01
6.271476203019262785e-01
7.724709815235589749e-01
7.161042625625806402e-01
7.286886079570771280e-01
6.940603744000700681e-01
6.118409217072967587e-01
7.446821533379233138e-01
7.281980297369923250e-01
7.465645819464804545e-01
5.530546864473104840e-01
7.408880743274836034e-01
7.242065532382684356e-01
7.133425101889636633e-01
7.296906524184554321e-01
3.392035356303362836e-01
7.584995957727989069e-01
7.159833713256443799e-01
7.463649458266136127e-01
7.440493403264927252e-01
3.814260633256758570e-01
3.844733787345898657e-01
3.262907069242897973e-01
3.993750740002633415e-01
5.332925730212044746e-01
6.285765538694710886e-01
6.333014782125192532e-01
5.868482606199066920e-01
3.769552254336667185e-01
5.750812188737913777e-01
7.495299829727809504e-01
6.940445605023334297e-01
4.228101801021945660e-01
6.054481112834140255e-01
7.268908921993064709e-01
7.580008391537123025e-01
4.452713363349392051e-01
5.556234449318526725e-01
6.235560580656341889e-01
3.383148864991503135e-01
4.275413209319270380e-01
4.075045819797352142e-01
5.953222335235845986e-01
7.565740739756591227e-01
3.914425425999467634e-01
5.511769850746661703e-01
5.120718420276535454e-01
7.718214732270322065e-01
7.306766074698038960e-01
4.121625127156519075e-01
6.141502868104066204e-01
4.027501815166454335e-01
6.103451542661421092e-01
3.856206597971042482e-01
4.124139929871668553e-01
4.869371276947030980e-01
5.162647293345997701e-01
5.098813306884774077e-01
6.769913165088793372e-01
6.799703563389833949e-01
5.767011986714175586e-01
4.112756272146023129e-01
7.353368482738522616e-01
5.629458930354744872e-01
5.392225204807562511e-01
5.068975207158503693e-01
4.036349650043956627e-01
4.230803251674492005e-01
4.111419989122048757e-01
4.302884214825645204e-01
4.034040564192499789e-01
4.560065197509570734e-01
6.778364343828809924e-01
5.729253976243078306e-01
6.083590596698179587e-01
7.462194347054418309e-01
6.565652828106470773e-01
7.395628538976114497e-01
7.500057967247100166e-01
6.495933049671995807e-01
6.844710555597509627e-01
7.455070629498651291e-01
7.205577041121653536e-01
7.314105960395858030e-01
7.432068887385390177e-01
7.277583411825120363e-01
7.481029549591042827e-01
7.453444578992582947e-01
6.404640342554315247e-01
6.109801741854137269e-01
5.309769723454382806e-01
6.728679585474485192e-01
5.608454096512734965e-01
4.823370093627346589e-01
4.182891667936980418e-01
4.437996894936045433e-01
4.734957147808789846e-01
5.063506301731340864e-01
4.257058898817719372e-01
5.462045620127178314e-01
5.553599343454735937e-01
4.380648169135540893e-01
4.155461812415811584e-01
7.620368105601541542e-01
7.337079697050200577e-01
7.280574201611273999e-01
7.687124609600024527e-01
7.309747014494161199e-01
7.345706580652592299e-01
7.177567920431545678e-01
7.357976055561155082e-01
4.919257035151101687e-01
6.130270309489237457e-01
5.476816180147381363e-01
7.181416162629833400e-01
3.879676705846582530e-01
7.397888555065721405e-01
7.136116749434444628e-01
7.449330919170842336e-01
7.591787263873076563e-01
6.564779824924492635e-01
6.435082423109383942e-01
3.980145286239630265e-01
4.812540016902916440e-01
7.173453790700465849e-01
7.256985841711779406e-01
7.323887531452640820e-01
7.477992726172482119e-01
7.528360963200348976e-01
7.252127277656728044e-01
7.330617552879904464e-01
6.397386284132349221e-01
7.300194288676267185e-01
4.866978298253274438e-01
4.034925155694165100e-01
3.827138928501854220e-01
2.791810866512876577e-01
3.844963569355301924e-01
6.364609202084096085e-01
3.335167883777782061e-01
6.359725674018406050e-01
7.462197134352592798e-01
7.460917873932134681e-01
4.618670573198004892e-01
5.839708713754844238e-01
7.539921577114722107e-01
7.367045764210077285e-01
6.947256620634771895e-01
7.322024799636406289e-01
7.297348078085218459e-01
5.970500759054984119e-01
7.105489426509314921e-01
3.972419117321321913e-01
3.455215291681371093e-01
6.159734978830176955e-01
3.162113957827691890e-01
3.965817301306506226e-01
6.560306279969067011e-01
7.245848214149827049e-01
6.267429604149979960e-01
7.309255567095542805e-01
7.310082855887426456e-01
5.657856185424017248e-01
4.173074122239330275e-01
6.811389248658592521e-01
7.279201004631851157e-01
6.348888381756787602e-01
7.336750836682582877e-01
4.890915428489190364e-01
5.059674019428437308e-01
7.573968796576582285e-01
6.660613804711582597e-01
5.746762378274579142e-01
7.439548538041728110e-01
6.955773294943750074e-01
7.504617296259586956e-01
7.474948759321863312e-01
6.843056600632365649e-01
7.146303558991120575e-01
7.237468365371663159e-01
7.042842117693255410e-01
5.677491375855276967e-01
7.099353236117853516e-01
5.636478008774598036e-01
7.719538109204652221e-01
6.896277227784861630e-01
7.426455069449272584e-01
7.268542392577375111e-01
7.329785202317131709e-01
7.314786255866855269e-01
5.980073394438966128e-01
7.528223175856528782e-01
7.512492652659933379e-01
7.201358090528813261e-01
4.621284956705204450e-01
6.864532814459569643e-01
4.437788030687470631e-01
7.273871104785424313e-01
6.867169171776191794e-01
7.256793388282420931e-01
4.111189639383195371e-01
6.606765843933388727e-01
7.451226037815276149e-01
7.104743674702279632e-01
7.720925159453511100e-01
7.701776514865339429e-01
7.308846052836345253e-01
6.032999022311652526e-01
7.478931299822177969e-01
7.119460847556897676e-01
7.155152441475385316e-01
7.462737889885372455e-01
4.468832155641702664e-01
4.131787689366412386e-01
4.624363714372713985e-01
6.643960823830635798e-01
7.136567233202819605e-01
7.585001624063667514e-01
4.929765614024985698e-01
3.854032237422060359e-01
6.726000926776002364e-01
6.966368768772744913e-01
3.975576388409868267e-01
5.917038127363195565e-01
7.471303216023066351e-01
7.522050641646502722e-01
5.408984483750896022e-01
7.115978044305659722e-01
6.291059877270483991e-01
6.880127150511238243e-01
6.176646020296673312e-01
7.365262841141281269e-01
7.335630081660940993e-01
7.233573875538881204e-01
7.712439508321615733e-01
6.109356739097194788e-01
7.391505375110197784e-01
6.208306697228365145e-01
6.323203101979646412e-01
7.578425857923262177e-01
7.556742540084389059e-01
3.762924939381271927e-01
3.907918530773576427e-01
3.635358520442765751e-01
2.901067708679376245e-01
3.218507462359368465e-01
4.520106746440651357e-01
7.417492307726882839e-01
7.502935598583202470e-01
7.290558734617813563e-01
7.382179442670593339e-01
4.576926473151403107e-01
5.506495747798266782e-01
4.195039780787006012e-01
4.633162324114165620e-01
4.124993432535330462e-01
4.538920372835748007e-01
7.568841469041966974e-01
5.113594733476894971e-01
7.344685962865664663e-01
7.210385566122569090e-01
6.454029376342569346e-01
3.693912825300396663e-01
3.951315075240613428e-01
6.239458420004337924e-01
7.142901005017424643e-01
4.962104553103041660e-01
7.062504761550667531e-01
3.408495505299254935e-01
4.361682422687700456e-01
7.640487207858684959e-01
7.099483173953473614e-01
7.514336476849363677e-01
6.155516757136694217e-01
7.418697616820358887e-01
7.453678441129817367e-01
5.393877034141939530e-01
5.303256536621734352e-01
5.021229019652211356e-01
7.316114243766094205e-01
7.025700585312052437e-01
4.317151034885600147e-01
7.172885770527990257e-01
5.350262056457931736e-01
4.112424464802559854e-01
4.119962781098919780e-01
5.428506168310434088e-01
4.030740505010338981e-01
4.395341924507031317e-01
4.161033136634640917e-01
4.250441250611515787e-01
7.184689461579689684e-01
6.836853359200485425e-01
5.013011499076055477e-01
5.684699867115852179e-01
4.265278137592430907e-01
6.964542337126721216e-01
5.043934876135166556e-01
7.700807098676099027e-01
6.818723055096077568e-01
4.520979713702433789e-01
5.693057192619103146e-01
7.297626107211999669e-01
7.466501964706599992e-01
7.261389268878711833e-01
6.045516445121378313e-01
3.855011267872618941e-01
6.518079866723571758e-01
6.014964541645307916e-01
7.111673422395369260e-01
6.814389529609055085e-01
7.292702198493286048e-01
7.507928539080892527e-01
7.101835725178087255e-01
6.346033794548856521e-01
5.951468123951281219e-01
7.478914538545461399e-01
7.310588012243355305e-01
7.586432509309515293e-01
6.967672540656616453e-01
7.207227085975412839e-01
4.794662099032043767e-01
4.156609015916847838e-01
4.123842631975649375e-01
4.682067256264100252e-01
5.411191185996401254e-01
4.247965260647009744e-01
6.070361697970203529e-01
7.376975287341184240e-01
5.914823974460302614e-01
5.869096401207588576e-01
7.473686853969818689e-01
7.171449844661219597e-01
6.819008319082668912e-01
5.964685219308381026e-01
3.845628578416592225e-01
6.403776788640448414e-01
3.915169718905805452e-01
4.798429871352602460e-01
3.043989899334957894e-01
4.856714218880368583e-01
4.628042607130430364e-01
7.106312232839029353e-01
6.674710153363516696e-01
5.532540705148158988e-01
4.238169114674958382e-01
6.735695384740362224e-01
5.690146778762815716e-01
7.228755286719058537e-01
6.807401099681149592e-01
6.918625936670969034e-01
7.005808062647183032e-01
7.287362412945013190e-01
4.127641338529826620e-01
7.122272260353433859e-01
4.116414070612780529e-01
4.258410704656478418e-01
4.270061943739753008e-01
4.623880094549245312e-01
4.835084127887603334e-01
4.315774134136364237e-01
7.231717906505453763e-01
6.206011368720268928e-01
4.636498372387899414e-01
7.347841556994351153e-01
7.292514245709732501e-01
7.175793328937689619e-01
5.987229955290473971e-01
4.222825525328745555e-01
4.998356521164407096e-01
5.267395543902619881e-01
4.896900249907894520e-01
3.682327253448146598e-01
3.990771323754278566e-01
5.341797358186338718e-01
5.021199011068177009e-01
5.509219624688160843e-01
6.739706977499156926e-01
7.461338695744943461e-01
6.808413176512349008e-01
4.030154879915915367e-01
4.255769517053793471e-01
6.847055408432991541e-01
6.106181045381000594e-01
4.227621723744942606e-01
7.561392814778229443e-01
3.737574708415383751e-01
7.202235041346582989e-01
6.858502237492123399e-01
7.709006395025557179e-01
7.476048912576074290e-01
7.589227055409569767e-01
7.409627974577044363e-01
6.847582279754491630e-01
7.460987544778163727e-01
7.102995047753695168e-01
5.847520673462504037e-01
7.422031939787042676e-01
7.452264244002269056e-01
6.229840552358001382e-01
5.535494562684808439e-01
7.244343563364203931e-01
7.676281567969196473e-01
7.590511304538627435e-01
7.358731896059219624e-01
7.516127411973588801e-01
5.234341566801286039e-01
7.559125201429771623e-01
5.007836784779103878e-01
6.601094862603442692e-01
2.773023593326988112e-01
2.901880533113484484e-01
4.765640765466956363e-01
6.413850048980203056e-01
6.302584698139864772e-01
6.380085353708387919e-01
7.043728705953414826e-01
7.396164470549499992e-01
3.931331840907372754e-01
5.903315790272045671e-01
7.305516188930973875e-01
7.417032402318269879e-01
7.158103611972620461e-01
7.257801792514485539e-01
4.113456842234755606e-01
4.123563838396940850e-01
4.111963665678633473e-01
4.027787654206789192e-01
5.138053839958023339e-01
4.057478937179013201e-01
4.037641927901806649e-01
5.350373970456260286e-01
6.998612868766126427e-01
6.829997510570877672e-01
5.231532778117478077e-01
5.064911757630491396e-01
6.151317507673743634e-01
4.029694268038845339e-01
6.652764167481179935e-01
7.396783326449264395e-01
6.074966299546278314e-01
6.237633844086769574e-01
5.860498164893864770e-01
4.797182577651352697e-01
4.050418032968612914e-01
4.148637923818716544e-01
3.840225659128619351e-01
4.390614560359750174e-01
3.912497356747018928e-01
4.551136802556902117e-01
8.238990376618794409e-01
8.226185841688414824e-01
9.501916949694042547e-01
9.331704488809454690e-01
8.217550041965392404e-01
9.027674744590233891e-01
7.348143467467435075e-01
7.794854808979134742e-01
8.219167796055514286e-01
8.789489168907361760e-01
7.270755425275489126e-01
9.322625430124285018e-01
9.500511578376547028e-01
8.269430118127992779e-01
7.788236746706156399e-01
9.058767793553188508e-01
7.886291477949278761e-01
7.794313278784966714e-01
7.904652794346515021e-01
7.875252807802551880e-01
9.717271930604169938e-01
8.448778300715340528e-01
7.339656279970725450e-01
8.337832268434943739e-01
8.057053235556345117e-01
7.680423013991368730e-01
7.263279982792110179e-01
9.033631731398991116e-01
9.904179136338526757e-01
7.578026737941673252e-01
9.495065954235004657e-01
9.611245412963735912e-01
9.251491990494880024e-01
8.221264903769728294e-01
7.705143091183233039e-01
6.014892646884547611e-01
8.222677605812624968e-01
7.610102444324142734e-01
9.699010345843235292e-01
8.223648211350123027e-01
7.435706396315751032e-01
7.770595720542936569e-01
6.587350821364184039e-01
5.405559008628628703e-01
6.189725048203241764e-01
6.823775521150062806e-01
8.775071904072018203e-01
8.763790807830270646e-01
7.404407234790469916e-01
6.524393534356008884e-01
7.740251513641805969e-01
7.691360964849558446e-01
6.670630106889436917e-01
9.732386521630503884e-01
5.863210998317514022e-01
8.223399405973322862e-01
8.143059837194092099e-01
7.128196615452558893e-01
8.221829955459345474e-01
8.826069558066849119e-01
9.298181075594033063e-01
9.302843117330374945e-01
9.668727648230629468e-01
8.515606693859325560e-01
8.781682209506198600e-01
9.700912501694721746e-01
9.803554960146756425e-01
9.810214461637520866e-01
8.634908842639542614e-01
8.183461146100221573e-01
7.825719995534838880e-01
8.668394502395352363e-01
8.620197743719028027e-01
7.249854922983252070e-01
7.907455275977296472e-01
7.133664910461913200e-01
7.671136554043502809e-01
7.142282047862893446e-01
9.353357730955846883e-01
9.537539241197443562e-01
9.247221804527279154e-01
8.722964510683791639e-01
8.178095328513615980e-01
8.217709654394561580e-01
8.185637810920040058e-01
8.750445208879886749e-01
9.346289175226041301e-01
8.762579706434043825e-01
4.785633656730229890e-01
9.845172069637326828e-01
8.693975497914637751e-01
8.218747210754566712e-01
8.219456385281358468e-01
9.905107737784031308e-01
9.805375067805442990e-01
8.279011000918151675e-01
4.118839538067736172e-01
2.798390359558914353e-01
3.188635603988506095e-01
5.161860580367398921e-01
3.955544329365160428e-01
3.661932640158199193e-01
4.394100929791104893e-01
3.568971246981328393e-01
8.394299249089022252e-01
9.322527928739477998e-01
6.234752427596625957e-01
5.235943075049056539e-01
6.812857414454770444e-01
5.543835464484014874e-01
6.049433322175230554e-01
9.333785625089042748e-01
9.727516484713029099e-01
8.022539293019806950e-01
9.550554749192322612e-01
7.790154067577942376e-01
6.390579639421708480e-01
6.609063742738803260e-01
9.541704696300148392e-01
9.208297420817913581e-01
7.814021801756454444e-01
9.491395911016584641e-01
9.526195912708431690e-01
8.692179873594210182e-01
8.914176513665925672e-01
7.305881853905427104e-01
7.996612749472116199e-01
8.436290535207934260e-01
9.730928889324184095e-01
6.484352580146236500e-01
8.770906952683202862e-01
9.277733258651575943e-01
9.514286788143392348e-01
6.595549463636303233e-01
8.072934903156601116e-01
8.248357295342628737e-01
8.286306085285932710e-01
9.883664853348086421e-01
7.333232953270506504e-01
8.285337368755850695e-01
9.634500909632605081e-01
8.542172494163836616e-01
9.732688253345740392e-01
8.150335590037116607e-01
8.150338634371548929e-01
8.620880376395211320e-01
8.979791082530031998e-01
7.571055437705966895e-01
9.627460821194392393e-01
7.004439595761824400e-01
9.889928081261781800e-01
9.974628972550457773e-01
8.958299941743885775e-01
9.621072719034845511e-01
9.151856826120619015e-01
9.906077127781879321e-01
8.691400694540705185e-01
9.515374313202360490e-01
8.217767975093963617e-01
8.853934605268021230e-01
8.843011238314508748e-01
7.826690519146161096e-01
8.680496276484244156e-01
7.741110235268191531e-01
8.222794318140171921e-01
9.998853351615250018e-01
3.848808709680425211e-01
6.369096795409757705e-01
9.857506412497171189e-01
9.836041660669698761e-01
4.810004282775494633e-01
3.783497599136395606e-01
4.743801388570180744e-01
5.448877764936257417e-01
8.940429396486526681e-01
5.807977159059800609e-01
9.895337738495090241e-01
9.208465958175727772e-01
7.112170180964643151e-01
8.175771030071579126e-01
6.208608167053099036e-01
6.993848914604134936e-01
5.301347306527913750e-01
9.735091535021601628e-01
9.288527454889147217e-01
7.996334971208420850e-01
8.879767942180147866e-01
8.742499854621527122e-01
5.704583762234334277e-01
7.666393014510037851e-01
6.107376299514457596e-01
9.434777639756800616e-01
5.281959332868056967e-01
5.926786266174572937e-01
9.372767821051756210e-01
6.718543495015544265e-01
8.156770806680301300e-01
6.460095199178734759e-01
4.941437175932291148e-01
4.185548598595016379e-01
5.989345930597693712e-01
9.357033814755590928e-01
9.556746102655965247e-01
8.067056969273599387e-01
8.817334237268273922e-01
9.872260172956138780e-01
4.061151283774129261e-01
4.936836048678387434e-01
9.363173158280558850e-01
9.288412962947457663e-01
6.988568716788994273e-01
3.979639849212731062e-01
6.271513683732583555e-01
9.677749739241804372e-01
9.870870079006687225e-01
9.715584303925085541e-01
5.865333532466507904e-01
3.515690711281473368e-01
3.581568475320698886e-01
4.285231415964269597e-01
5.836466076725237428e-01
6.710254624670203283e-01
9.995522467724554661e-01
4.421592930207567940e-01
9.401572212161537490e-01
8.223089177715130482e-01
9.906206633628892311e-01
9.023207897304719172e-01
9.205852256441456882e-01
3.922756700808573971e-01
5.183250452133312258e-01
5.188323476215338514e-01
4.413085658150793233e-01
6.945463736881338779e-01
6.412254699621235954e-01
9.546388996367423108e-01
9.828589973155639203e-01
9.674496914318818641e-01
8.687943930066232001e-01
8.658010496653668620e-01
9.096421307294360048e-01
8.221089868461733952e-01
8.704392884501477301e-01
9.671093461935417190e-01
9.694015792772169293e-01
9.522769935429158394e-01
8.297951919729623649e-01
6.749345559150228269e-01
8.200480223222361698e-01
9.198304202052315359e-01
9.810929033182078651e-01
9.858983005325053783e-01
9.328083651234758689e-01
8.923067769173040897e-01
9.284729157499632679e-01
8.217233895728757176e-01
7.276028686706073056e-01
7.984909628217378152e-01
8.989301788414543193e-01
9.136009073142798975e-01
8.202823802015054566e-01
8.157754962282200983e-01
9.354898575030020647e-01
8.893569883807844745e-01
8.161509859753974805e-01
9.087737489485862019e-01
9.274704956427326508e-01
8.485157669366201194e-01
9.344145916634001292e-01
9.287604620607721184e-01
9.897466939259804697e-01
8.513399524975470145e-01
9.772442104181817690e-01
9.403949932953786783e-01
8.763990491970896635e-01
9.281851117660248063e-01
8.113700462809717573e-01
9.294111516652707738e-01
6.885724059811204611e-01
8.691423419607503531e-01
9.544820177136540407e-01
6.919925942868789814e-01
7.002051306589702762e-01
7.907024060295119172e-01
8.412900563171057389e-01
9.505143702024821950e-01
8.218796329095737763e-01
7.477344732157704676e-01
9.580002129978215653e-01
9.544763134022741236e-01
9.629622303915262860e-01
9.304959524259608372e-01
8.670551172437356291e-01
9.516234470068080098e-01
9.178034887825882171e-01
7.575972027355954985e-01
8.086999010752214945e-01
8.702949432883029246e-01
8.475376212252144770e-01
9.875310216007358033e-01
9.319279626343385248e-01
9.805228567764504577e-01
4.846285331807233532e-01
9.284000894425699091e-01
9.808627932448887865e-01
4.427031571131439525e-01
4.855854415329944329e-01
3.079709734731611026e-01
3.299451463538463081e-01
4.326866294763865861e-01
5.756391251385275520e-01
9.682971001360225483e-01
9.807243135205897522e-01
8.359164904313939326e-01
9.664416493588949830e-01
9.806679014603809641e-01
9.090127513822980898e-01
7.975398001380307189e-01
8.936292773108052145e-01
7.757988823430619352e-01
8.352822724061295112e-01
9.431683985602764553e-01
8.122985621404085199e-01
9.278915049732964215e-01
8.035444026747293744e-01
9.541277020897391825e-01
9.303572858441129245e-01
8.038136750919173679e-01
8.111561106126325971e-01
7.296590366201832767e-01
8.218108699031096975e-01
9.497357347804468164e-01
9.465830153609210429e-01
9.856273019459931284e-01
6.582301302207732574e-01
8.693264347361150390e-01
7.276376568373362774e-01
9.575072437277604154e-01
4.059123652762606782e-01
3.891971868155502112e-01
4.025727058422820526e-01
4.946585773992545065e-01
6.134104623276107615e-01
4.647312428572742404e-01
3.879270966013064759e-01
4.713853473236990221e-01
5.594383681724600654e-01
3.534239688296713644e-01
4.037527310115048285e-01
5.736701751620086887e-01
4.093885914443782248e-01
3.936779121988379648e-01
4.113816391636739844e-01
4.195304602313234543e-01
4.368758826721222954e-01
4.889397537560989382e-01
6.046654653063235907e-01
7.298607471155752480e-01
7.490248140671214028e-01
7.303619936586471795e-01
7.647411036157837350e-01
7.199859989116478287e-01
7.303873651178429682e-01
4.330850400318070892e-01
5.831689359589780075e-01
3.914567254794814044e-01
5.194214327198447556e-01
5.468455597080658093e-01
7.143720138533258268e-01
7.538268572339462681e-01
7.460385610140410906e-01
5.494080521526972793e-01
4.028034394743434943e-01
4.922874472606550977e-01
4.357212597359278461e-01
4.133809927702218334e-01
6.079308709315895953e-01
7.125385525594903902e-01
7.267505350218887994e-01
5.674135346146388370e-01
6.134737034306150250e-01
7.593676077326679819e-01
7.312341312109995606e-01
7.138257467198202422e-01
7.410175992095526798e-01
6.746031215390224656e-01
7.082330761778176109e-01
7.096511109559028307e-01
7.156710743094008009e-01
7.525810899991509650e-01
7.596558415766809791e-01
6.807721489637948986e-01
7.209542630849047340e-01
7.466900789003594330e-01
5.994417471103331563e-01
5.674637670285299640e-01
4.501850315798990310e-01
4.614837095466654548e-01
4.850329187243873075e-01
3.295303284738544947e-01
4.026537634158328660e-01
2.893263200466125173e-01
4.172947866439871145e-01
4.870439041234819189e-01
7.510121884848460772e-01
7.115762751341623282e-01
6.675488062908350173e-01
7.175608389213885552e-01
6.880882737428597462e-01
6.400677565385177736e-01
6.220971747602451751e-01
4.344442319058317015e-01
4.405619842743233594e-01
7.076663916448676650e-01
6.996192594177305102e-01
4.899101154677486525e-01
5.285302535146881864e-01
4.170855070737456427e-01
7.103918396514528055e-01
4.116733898293211680e-01
7.257725886244226210e-01
4.119373424988480026e-01
4.983504252468535789e-01
6.398507089615553811e-01
6.642821835411579778e-01
7.104597718205509782e-01
7.302171476919286919e-01
6.072262090644044985e-01
7.297189987815666523e-01
7.720195557258469066e-01
7.576079560372708244e-01
6.832753316882332895e-01
6.068559369239748813e-01
4.786793912071465318e-01
4.027071590437780735e-01
4.268089428647327543e-01
4.114151384741804862e-01
5.065992124093779969e-01
5.745019647908803373e-01
7.584786306283124446e-01
7.146818753483735742e-01
7.128745120196081642e-01
7.441391136379776894e-01
5.958383468383481318e-01
6.871261633234946320e-01
7.609579434085834704e-01
7.449906917456576849e-01
7.589255402934507178e-01
7.453194020559370525e-01
5.617664475983701333e-01
4.649479306633239606e-01
7.494000898537961364e-01
6.896279803700170463e-01
6.430651621936749329e-01
4.927630077688390231e-01
7.174059371174416055e-01
4.367789627345063375e-01
7.202826908997357336e-01
7.244519450653492676e-01
7.590624714461626787e-01
4.842805573430638555e-01
7.588858547220825868e-01
7.159427222210231756e-01
6.865373876866622815e-01
5.058256791315602907e-01
5.427131582593283099e-01
7.178415161136253442e-01
7.411731696964496408e-01
6.248656994382584262e-01
5.343274070647017204e-01
4.224395250829501292e-01
7.228625682942875219e-01
7.104271317254442497e-01
6.506676216610682850e-01
3.536505737119690074e-01
7.594053329095392657e-01
4.797730916836602799e-01
4.987219231313139156e-01
5.968890832053790341e-01
5.438450845741362727e-01
6.884672203207449215e-01
7.316964173222975099e-01
7.393479677730171451e-01
7.481552108110719468e-01
5.573436858253525417e-01
4.982126969040778786e-01
5.305753040076401916e-01
4.917620136686058907e-01
4.722862925934690481e-01
4.590894539315260592e-01
7.658373487578735705e-01
5.033013729534214775e-01
2.955874552489493601e-01
5.048396331137364745e-01
3.958982452517739170e-01
6.540504957716105627e-01
4.701135298130276752e-01
6.603294595594834115e-01
5.204198252160369131e-01
3.714706157831555444e-01
6.360571408513392422e-01
6.760293188466136582e-01
7.579948934390081661e-01
6.186112444219565853e-01
4.102985330617194837e-01
6.180719423279191771e-01
4.607322518374344922e-01
3.040165166347463255e-01
4.305889165531184282e-01
7.534358561291423229e-01
5.538462409732815006e-01
7.449294746851696791e-01
5.794014290301763292e-01
6.363480072947969024e-01
7.110093057769558689e-01
6.265493874568325294e-01
4.854514223561951503e-01
7.173515418235187902e-01
7.477143641984261846e-01
3.135337396451917114e-01
7.200758274632546030e-01
7.476847602403799975e-01
3.202409722867582964e-01
6.211250132608955310e-01
4.005668222059488581e-01
4.073834391284993361e-01
3.626842330625640876e-01
5.079537983878510410e-01
2.919120308318015056e-01
5.596684835599972097e-01
5.011584877930943538e-01
3.010021991161379029e-01
3.774093011782274076e-01
3.215790469507517346e-01
6.176606799442846407e-01
2.721049065199706019e-01
5.146428276836078064e-01
7.230156775952346626e-01
7.419592720163472599e-01
7.181000399465141681e-01
7.156232257611705450e-01
6.562024250781400836e-01
7.662848733865520456e-01
6.987605550074910132e-01
7.728328895490448325e-01
6.032766920294987401e-01
4.218343583529733931e-01
4.146359074091012786e-01
6.322662259458600165e-01
5.553829606007693043e-01
7.186417935746165497e-01
5.731011190074124517e-01
5.377889678863628786e-01
6.452881973103516966e-01
7.161882565432523551e-01
7.173877155743573208e-01
7.455115183819834845e-01
7.596558415766809791e-01
7.571414597105359245e-01
7.314988444227316089e-01
7.517020231818921649e-01
7.378099603294896447e-01
6.394192229561118657e-01
3.462438580086288353e-01
6.210547199725726664e-01
7.309419379223737190e-01
6.161428600211494855e-01
7.537705450762026693e-01
5.454243363959148105e-01
7.592479207056821444e-01
6.216718556869190726e-01
7.177948630148268672e-01
7.279910683996611009e-01
6.145520957768110248e-01
5.782242224829289290e-01
7.129208453200414075e-01
7.331540367753998089e-01
6.868351758099782156e-01
4.964789085891780918e-01
4.298999701306897014e-01
7.434659388812877578e-01
6.042091822358525155e-01
7.429124087112919383e-01
6.165637055102045627e-01
5.715700259554263862e-01
7.532214405978757688e-01
5.585292834502039172e-01
5.118073834276603007e-01
4.563561682305065648e-01
3.471801767510991898e-01
3.979729039317977390e-01
5.456780370792145840e-01
4.148799086356018684e-01
4.092256155889200109e-01
4.482289513655612900e-01
6.142886299633985026e-01
5.707895971856064010e-01
6.446326887432836106e-01
3.995036840565933667e-01
6.976216848710805607e-01
4.940006935961797629e-01
7.232976779681161705e-01
7.306602322033279862e-01
6.750376740227210792e-01
4.722605374992275284e-01
7.065620932205202154e-01
3.930141115642797334e-01
7.725460043460166126e-01
4.208694348874151836e-01
6.230296658256575526e-01
7.310721816260682404e-01
5.612586729388655549e-01
4.780422236517742896e-01
4.712218038444714874e-01
6.829270469277554101e-01
4.160688109754506203e-01
4.273755882921290161e-01
5.926057974630488667e-01
7.382069147084400207e-01
5.450787190686662287e-01
4.111076004932654460e-01
7.473993935214869877e-01
7.180109942582562077e-01
7.384862890449810369e-01
6.863694418833226063e-01
6.326607456537294283e-01
6.871200035808341378e-01
7.591160599266310038e-01
6.495855406063411053e-01
4.902932684379118777e-01
4.880551646428449852e-01
4.123717865668321547e-01
6.152179188871997884e-01
5.470668170952878162e-01
6.018841390597711172e-01
7.476635354824826551e-01
6.759260492561995903e-01
6.110449906414936461e-01
6.146324431948907430e-01
7.148671625056912671e-01
7.450455131100193196e-01
6.281888045687171740e-01
3.309732268729018156e-01
4.893747892272296562e-01
4.680210337871850701e-01
5.841842378373391931e-01
3.978951666122151343e-01
3.796001200460730751e-01
6.343490879432281959e-01
5.949027762335488134e-01
4.979137341261449801e-01
4.642158002006621098e-01
5.271706111668704731e-01
3.986051759804944972e-01
4.862224926588267770e-01
3.806304800602987592e-01
3.097897202480277001e-01
5.286601704911974009e-01
7.183302151951419523e-01
5.339549149060049960e-01
4.930019730802419620e-01
4.006254778254287330e-01
7.135138577872500720e-01
7.703669673321089650e-01
7.449664825795057066e-01
7.295222323181141943e-01
7.246619604136582682e-01
6.319930412973009393e-01
7.377600804728597916e-01
6.209350308990949641e-01
7.700016122465052071e-01
7.641834364586186368e-01
7.370877206606999410e-01
7.471512521453990141e-01
7.162661068944438103e-01
5.424409795018644287e-01
4.663475436374626693e-01
5.096749223387261329e-01
5.301980999629076763e-01
5.974244067478354792e-01
7.541220017260144015e-01
7.239155456998014326e-01
7.410485999750591191e-01
6.003153886848979770e-01
7.596640703295655106e-01
7.173279628790808493e-01
6.550854466021972522e-01
3.899219683016632021e-01
5.830134284117162169e-01
6.931044112633979459e-01
4.159253912821394561e-01
6.598003652019495124e-01
7.294958009777759989e-01
6.951913533230666964e-01
6.180112281338596691e-01
6.880808203057571237e-01
7.135087940488584746e-01
6.986548568677473092e-01
6.214109081857531747e-01
7.098369498243235487e-01
7.548882829121078553e-01
7.611936106484092912e-01
7.341073786238734300e-01
7.177645669366650161e-01
6.629312812938495947e-01
5.563104045202205139e-01
6.938413451016871569e-01
4.967198614618811847e-01
7.188450229768809097e-01
7.443228630656367750e-01
7.137015079572682774e-01
7.682414226860124762e-01
7.451089662228441712e-01
7.313843694703722198e-01
5.605000696619246714e-01
6.401347023608746634e-01
7.460753453314883377e-01
4.978763531490822403e-01
5.973764311084982515e-01
5.149381787333430216e-01
4.091563781397803967e-01
6.009047334488650804e-01
5.679797013129906924e-01
2.970365752574807838e-01
3.024902932600751493e-01
4.668517514681579383e-01
6.322926770544828878e-01
4.196163428531599071e-01
6.229496167989192479e-01
7.499937506271419085e-01
7.224126093155276429e-01
4.018787457644990568e-01
5.614845036044860960e-01
4.144426673941221106e-01
3.852872120395507971e-01
7.381501150911771170e-01
4.872695394860651619e-01
3.428332663254974877e-01
3.539981580819653306e-01
7.100257546697190669e-01
3.136598945476146150e-01
7.421144858064763206e-01
7.595085903460375709e-01
3.914888947396012453e-01
7.723552875305285115e-01
3.976898229010159547e-01
2.746468655597520403e-01
3.501574760362947680e-01
5.625923249831275008e-01
7.101241546229791757e-01
7.727041532353826625e-01
5.984265269276064503e-01
5.586751301508212642e-01
3.661031361464460732e-01
3.723325744106997237e-01
3.581181873006307192e-01
4.682973252120585794e-01
4.202710698097023578e-01
5.340883597376141489e-01
6.655480780230256244e-01
5.220767034958597730e-01
7.682003891496119730e-01
6.381975436316710271e-01
6.242882978858169674e-01
7.174161199460444838e-01
3.886601103717386985e-01
6.825136734156804774e-01
4.907639695344034880e-01
3.328477396063880267e-01
4.655330404306778358e-01
4.028538454398279400e-01
4.401394328607215467e-01
7.182151183499427827e-01
5.774019248220289002e-01
7.481440327818488223e-01
7.325386813919219087e-01
7.239761175554126904e-01
7.011441738424907255e-01
6.936146124600074403e-01
7.366776096912375227e-01
5.977351143603858441e-01
7.468942656820241055e-01
7.331154250067891676e-01
5.573765793018367054e-01
7.715542721566636120e-01
7.728401063449129582e-01
5.656998235784327367e-01
6.503114240077930708e-01
5.606359603811584824e-01
4.594114352161041692e-01
5.185773753298608124e-01
6.673241846860995530e-01
6.014867933259008259e-01
7.592969844326434847e-01
7.167339221766714230e-01
7.593460513301756309e-01
7.006839168382709149e-01
7.333517828077911194e-01
7.175836214192117257e-01
6.543222166761640812e-01
7.291117009502064983e-01
7.358855586441725993e-01
4.267131405449740567e-01
5.065869128548204925e-01
4.817318589872032764e-01
7.360296045296791378e-01
6.647567667531748548e-01
4.426814955357847303e-01
4.145234827875428629e-01
4.179298120312571752e-01
4.845932356305810984e-01
4.184612228756485752e-01
6.901601121786032911e-01
4.044683581685779017e-01
4.121152521677037828e-01
6.981698944466889767e-01
4.773131858666005423e-01
7.220133603631180286e-01
4.125586674694548539e-01
4.116078893269415895e-01
4.032799147934655881e-01
4.030648666143721304e-01
4.111063720315311087e-01
4.123003227711819485e-01
4.121856061595181586e-01
3.945597132160982290e-01
4.262546713257400754e-01
4.262599254768172918e-01
6.809954466898222591e-01
7.197730370747688067e-01
5.706757582613378732e-01
4.147796571086377337e-01
4.123414437440567903e-01
4.064615915307093763e-01
4.283608684035778991e-01
3.130669280853303205e-01
4.096296577832342356e-01
4.786266488412362352e-01
8.675582248912645511e-01
4.358317821564656747e-01
4.714763858763220683e-01
6.581000811323292066e-01
6.600214681535824246e-01
6.318570832713653607e-01
4.801235674672447162e-01
4.721155590022939053e-01
5.074304074002662368e-01
3.702878327751009668e-01
4.057780544778294418e-01
4.135440788393101585e-01
5.313765629847748695e-01
5.936621423098572548e-01
9.984551847558156279e-01
9.820296562870930446e-01
4.573964720868353151e-01
4.976151366174007551e-01
9.516184706808177296e-01
9.866583038251973692e-01
8.139860685524826778e-01
9.806334697197369721e-01
4.033058246959781989e-01
4.172477168610393972e-01
4.766256710919888340e-01
5.562946123651816288e-01
4.158573502634054231e-01
4.876378770650217076e-01
3.402319964122443863e-01
3.538378039298760713e-01
7.383698932078324173e-01
7.423060532892528096e-01
8.633064149295844869e-01
8.154702334186516577e-01
7.425914169249913099e-01
5.816926355711203867e-01
8.693767667079179695e-01
9.926778827384306059e-01
7.224080220946864639e-01
9.600233964699995681e-01
8.686941238840028001e-01
9.366433261510668240e-01
7.463830670139953716e-01
8.646782999152795579e-01
9.886238352985915467e-01
9.407143416702894445e-01
8.587016940720879621e-01
9.670103722880264430e-01
8.180371398740020616e-01
9.814557660937139882e-01
9.650103110748079471e-01
6.768724773350900392e-01
9.883384282705424129e-01
6.060255174195706696e-01
5.291080165826045345e-01
9.150704889531431352e-01
4.291412702642252719e-01
4.682873549012230852e-01
7.088213950436776933e-01
9.812820150525284335e-01
9.816317478670950614e-01
9.547747659510278373e-01
5.532524172944596197e-01
5.392023796815574865e-01
8.051662032530937374e-01
7.978374568449226878e-01
9.284066782543896057e-01
9.760906899166897910e-01
9.558538239924311286e-01
9.301571419631953219e-01
5.986205787631518893e-01
9.513138979869678602e-01
7.402897309557988637e-01
6.059945063207615723e-01
9.340265565766995293e-01
6.475532627593022506e-01
9.278686304227498072e-01
8.222149349680104580e-01
9.958096639153612983e-01
9.686559539404876462e-01
8.226858782988789587e-01
5.631831309173201960e-01
3.690072192735397993e-01
3.372103396839857825e-01
3.962827639515933420e-01
6.696913638757873155e-01
8.076539137940114133e-01
9.948144317939680015e-01
9.916179965931056772e-01
6.402248511896470040e-01
7.707057228460048037e-01
4.809109636820951272e-01
9.188596396044612646e-01
8.608225048863366036e-01
9.957895784219470414e-01
9.049241053882969288e-01
5.945449042801176365e-01
4.356211789347145258e-01
8.338031590375928337e-01
9.695866266225268149e-01
7.760950923527263345e-01
8.535611757809031808e-01
9.497208354946284903e-01
8.223083034699447680e-01
7.073291877812271089e-01
8.223795655125641924e-01
8.776012650650896196e-01
7.930245640598749812e-01
8.365358790849254378e-01
7.347166420280059063e-01
9.965802855766162649e-01
5.136969618343052435e-01
7.532388842003372442e-01
8.165882590795124907e-01
9.331983341116327768e-01
9.507774901579449933e-01
8.222855746346352523e-01
7.902798800470994811e-01
8.268475728333135599e-01
8.239495093620110566e-01
9.840175760137785943e-01
9.891435393336084347e-01
7.725789012658871302e-01
9.279611718511160401e-01
6.927355910285811769e-01
8.218001262030466547e-01
6.291492264993631123e-01
8.204343656742870694e-01
9.784491626142739484e-01
9.321448517261712308e-01
8.187961856010808059e-01
6.602118189808466875e-01
8.570332009615079238e-01
8.761012069696832993e-01
8.870668010591408192e-01
7.945322361389552945e-01
9.188057564661269438e-01
4.874785273450452650e-01
5.294085051894296123e-01
8.561824212585851246e-01
5.643640751026092195e-01
6.393757560125687966e-01
7.520109420366745123e-01
6.862235803265889222e-01
4.430763655891704622e-01
4.072276500308138480e-01
7.355266661950905505e-01
7.599785322101610952e-01
3.494978615847458836e-01
4.012736549414395171e-01
6.577120533716790396e-01
9.570424109219306530e-01
9.514944263925528833e-01
9.992980241667619445e-01
6.592473162068067660e-01
4.922565563148287304e-01
4.644548000888351069e-01
4.596876234323302723e-01
7.048094873149718387e-01
9.915983660299169111e-01
8.828239076772389504e-01
9.998005588664775622e-01
9.431127376504163662e-01
6.192384421268243289e-01
8.488964969627130763e-01
9.554501050342510959e-01
7.858218892369420727e-01
8.753344838344127021e-01
9.731550446475401017e-01
5.034356188527907561e-01
9.493828264199966060e-01
9.492076623444392069e-01
8.001993993075043887e-01
8.162482391653543834e-01
6.315871422507866040e-01
6.686081133381093222e-01
8.609270106210190621e-01
9.841557855426481538e-01
9.939516128501755254e-01
9.572247415024879302e-01
9.491069753611575122e-01
9.290102729722089503e-01
7.786520577554553180e-01
9.538775503841301351e-01
9.564481114511044213e-01
5.952117277500542647e-01
5.787335109488962459e-01
7.969641690607760509e-01
8.217930661337697895e-01
9.991394011240717354e-01
9.297510795313104204e-01
8.016668108251152614e-01
7.180351320586749742e-01
7.072779341826909150e-01
8.373346082018739978e-01
5.047059554149178062e-01
8.540883551132588680e-01
7.746044670435567880e-01
6.729038998880931821e-01
9.425073732804054583e-01
9.300133151440401758e-01
9.353081733539270193e-01
5.746476894860435003e-01
3.670682041509609195e-01
3.355624708093033481e-01
6.138273779921217255e-01
3.476855165856340135e-01
5.679852173231851875e-01
9.944106002432960834e-01
9.976007594769052966e-01
9.243533619554499259e-01
9.847735546559248654e-01
9.496850072165625711e-01
8.671202164741866891e-01
5.294486491489335256e-01
3.549750690918225260e-01
3.608210295307153204e-01
4.611854256289608656e-01
8.258101921026325121e-01
7.241494784143704955e-01
9.809060263697945148e-01
7.727457159788769792e-01
3.633240831788040470e-01
3.514774224385975865e-01
9.673846480544291415e-01
9.332928015230476104e-01
9.303388680284363499e-01
8.229280597986157186e-01
9.846367295057582014e-01
9.763328089303545676e-01
6.693440028596064906e-01
8.317414596479623112e-01
7.770319988649573295e-01
9.129288910854376216e-01
8.223645139632917989e-01
9.212061009773404585e-01
4.374880842068847309e-01
7.721914414039154906e-01
9.245146156125325643e-01
8.326631188168585052e-01
5.006757599610095477e-01
3.977051234440520111e-01
4.828121548431184018e-01
7.927600903796621079e-01
9.362040083496621090e-01
9.389387496199662619e-01
8.702432579365122489e-01
8.208711741757103164e-01
9.329341550036008845e-01
4.343866282053540084e-01
4.015258402954456352e-01
9.279178460633902281e-01
7.513312074215668934e-01
9.659349554756864187e-01
9.572901744729840345e-01
8.222379689751082577e-01
9.355080278588692178e-01
7.415600229011413136e-01
7.257094268426725892e-01
7.501307513805008931e-01
9.368347176859873615e-01
7.810193388327256736e-01
9.808785474680334904e-01
7.190426696783912552e-01
7.171554314644261741e-01
9.999077441939138167e-01
8.010825157981089628e-01
9.895829336191099834e-01
9.806748612144121635e-01
9.301835473704510582e-01
7.731276783237925887e-01
7.663501353868881205e-01
7.009407124013010693e-01
9.302283687908818877e-01
9.491906440760732311e-01
7.891793031834685168e-01
9.652940293488804224e-01
9.895308169487551098e-01
8.708929611373155133e-01
9.996302810701850339e-01
9.987024782380315990e-01
9.707034539772012582e-01
6.907826987120199158e-01
7.197759944466528559e-01
7.144854273192772220e-01
8.222324407545524849e-01
7.524841146833004535e-01
9.572458368896753500e-01
9.614081944552482772e-01
6.989597285259977477e-01
5.657306744565219203e-01
9.992177764215135483e-01
9.730936158769001310e-01
7.181670997112640231e-01
9.859064021805366007e-01
9.831674264718561762e-01
9.498361336810644540e-01
9.330690233821481439e-01
8.217399640782647730e-01
6.401559830351931657e-01
8.867812324503707710e-01
7.777779805812474745e-01
9.696800690339497653e-01
9.511579177615243630e-01
8.698678998624645997e-01
7.802472241754171423e-01
8.153130767727914119e-01
6.917744759250628039e-01
7.818815798650144977e-01
8.273307493898057752e-01
8.135435035723576069e-01
8.021340742928479983e-01
9.730118380284099588e-01
9.876501722070225586e-01
9.043212972533364313e-01
9.433805037767176715e-01
9.130990656937013616e-01
9.360040051609704870e-01
9.805228567764504577e-01
9.284423973639004402e-01
9.825341498393568296e-01
9.707378996501736523e-01
9.360581976084990652e-01
9.540913511876850661e-01
8.698149402892254578e-01
8.351144350257901916e-01
7.105868967268695879e-01
3.838076079245219541e-01
4.452367433536630892e-01
5.487328953459309488e-01
4.212215623404458320e-01
3.488517380509674748e-01
3.415323872694414065e-01
4.986150076526717490e-01
3.950441435983773619e-01
5.558646562777184164e-01
5.204933092654503435e-01
4.764658265834276762e-01
6.783913945314001825e-01
9.170855612532452517e-01
6.574428538705777703e-01
6.826118301502147601e-01
3.556980284668994630e-01
7.773231630684240834e-01
9.234788698178044708e-01
9.277650088409490348e-01
9.287958478553776098e-01
8.888538555369501770e-01
9.544413752389461214e-01
7.712894683385185246e-01
9.663171166202346729e-01
8.474613302319862207e-01
8.223466981997717973e-01
8.698396326951634006e-01
9.346802373586661217e-01
6.177439719319993694e-01
7.161647158353516840e-01
6.023861404574998302e-01
4.876684781713960803e-01
4.327795699212895753e-01
4.290106505957512750e-01
7.206223016942603365e-01
7.735872648004085139e-01
7.123927177270439337e-01
6.361269936961787552e-01
6.762151933546417526e-01
8.371350889709773258e-01
7.762049680581749600e-01
8.204414140708938818e-01
6.365928754148503232e-01
7.739803397087641201e-01
9.614175312984302169e-01
8.665976172909927167e-01
9.674435482592266267e-01
8.724759976681505380e-01
6.477390499629117615e-01
7.545020858861770652e-01
6.966941253327042505e-01
7.236003293963353400e-01
9.295083604267238009e-01
9.512616648581000423e-01
9.518474086121936351e-01
9.604724565894133814e-01
8.794865201413725186e-01
9.748449459966324060e-01
8.223258112443965206e-01
8.687028848022201322e-01
8.134720956542220716e-01
9.731266924253979544e-01
6.288304104011970264e-01
5.230960259525222478e-01
4.985157495171769204e-01
4.241678609267692246e-01
4.737463935933744485e-01
9.040099136875223707e-01
4.677417605438803361e-01
6.999381467980592131e-01
8.916091265531789212e-01
5.533817967196450471e-01
4.581857861740394888e-01
4.135385180277775241e-01
4.360449302775507574e-01
4.881361123747292585e-01
6.008181014349684990e-01
4.091294810986747521e-01
4.900451825185433985e-01
7.918820075518222534e-01
5.151324797969580871e-01
5.305412178289594660e-01
5.189391399669003313e-01
4.634692418678297288e-01
3.692851942523754372e-01
4.327477254687380759e-01
4.506083065262003196e-01
6.520863265345123727e-01
8.061457323840368616e-01
4.696314095222836049e-01
5.066991337029533859e-01
4.730578319112491159e-01
5.864623745152668377e-01
5.113006474139323299e-01
5.057087404736855252e-01
6.521615936763482946e-01
8.696057327720247976e-01
9.441267742574189770e-01
9.963733387478462822e-01
9.445754549575415826e-01
9.832607086306969224e-01
9.300185258723664417e-01
9.863631481671886192e-01
7.342601270526462054e-01
9.904486194114353603e-01
9.945614141874858927e-01
9.855050823991536868e-01
9.821672197423897410e-01
7.072029098393746160e-01
7.312988664583800480e-01
5.763196168802956487e-01
7.322640187251749921e-01
9.678201606971953419e-01
7.882436489405401092e-01
9.925266129480414534e-01
9.863587270309325250e-01
9.715163350261459829e-01
9.909722439059779342e-01
9.645991217376241877e-01
9.202562110915664118e-01
9.597924920535230164e-01
9.803741716200750078e-01
8.664118370099472832e-01
9.995175253352371891e-01
9.713864315162624719e-01
7.658825471757667591e-01
9.441384118652711432e-01
9.298146344858814194e-01
7.954432658347805329e-01
9.903934976708803628e-01
9.501696903085498080e-01
9.692046205231430456e-01
9.574872155083002934e-01
7.906902969709371787e-01
9.728519367627108672e-01
9.686327980693695272e-01
7.441335546044364202e-01
6.273327080776922582e-01
3.485466995725371442e-01
6.401127051040605975e-01
6.195604947510214844e-01
4.190310284513127370e-01
5.736009673077505644e-01
5.290131608821133646e-01
8.534132541154791918e-01
6.624765598160768931e-01
4.847789838749881342e-01
3.951901053033283207e-01
3.977291895668656485e-01
8.384584949011136823e-01
8.283341488942447262e-01
4.148027422527753028e-01
5.613790207798616816e-01
7.268520672895756318e-01
7.228118090525590400e-01
9.500050264426084246e-01
9.123814101186400460e-01
6.083352003778851325e-01
3.856658903814484396e-01
4.097061678781623861e-01
3.137096910893071855e-01
4.167871186322424926e-01
5.156651634019537855e-01
3.711252823274493462e-01
4.002996886995016657e-01
4.331486191349633308e-01
5.516158836475055782e-01
8.401931290160659094e-01
7.862925461669573179e-01
6.859624399884944879e-01
9.204260325488581307e-01
7.814882869559756084e-01
9.978690865269413957e-01
7.928341222724439863e-01
6.607886309153698789e-01
5.802740395584822242e-01
5.352714708451313808e-01
7.018377477933831488e-01
5.556097476013912573e-01
4.906446483250261892e-01
9.703601518186473207e-01
6.869190722616963507e-01
5.537016548935800309e-01
8.309340989220186380e-01
4.848081379661371981e-01
7.495509807413818226e-01
4.867830980226980908e-01
4.592599369454310465e-01
8.940780045791076880e-01
9.965899639982309655e-01
9.808470392747729028e-01
7.728123942162539173e-01
8.217454889876848467e-01
6.460857749344711687e-01
4.783848235473792121e-01
4.693695836006818722e-01
3.446406573973398446e-01
3.738641456811113706e-01
4.453762959109639485e-01
3.399817324060136481e-01
3.121501962285355702e-01
4.505482230236063090e-01
6.663323667195550914e-01
3.691880998386547486e-01
4.282877535335316566e-01
4.352890429757116375e-01
4.843256009713126642e-01
5.094729744191203169e-01
3.951391823054055119e-01
6.928724845417850720e-01
9.997886086011866791e-01
5.165764471901006516e-01
7.586401338636450387e-01
7.229184615825139382e-01
9.509298560533538947e-01
6.132052028093928353e-01
9.678501658800381380e-01
4.136808056394252198e-01
7.627119859714449612e-01
4.687201216995893205e-01
7.017022281901763581e-01
3.745256779868206820e-01
9.893837222898876904e-01
4.391034418745073387e-01
8.304016701980750925e-01
4.297423121193273965e-01
5.021973665078202087e-01
4.073782654871618281e-01
7.135698278158266739e-01
5.307943401222241508e-01
7.917625191200561297e-01
7.549694939985317488e-01
9.908897037937961505e-01
8.620542273266230682e-01
7.150522306120704608e-01
9.530032477147407644e-01
9.598390987191520729e-01
9.554044252137486870e-01
9.334333002658813383e-01
9.166602102061462976e-01
9.469663629213752598e-01
9.438905265716818205e-01
9.990199839202686949e-01
4.879323101817207298e-01
7.867825870242471931e-01
9.835861637147877978e-01
7.714087484703927577e-01
9.580402913171354173e-01
9.491424273059730909e-01
9.893046402313854237e-01
9.806140566117121926e-01
7.925546140740131751e-01
9.572072219580274322e-01
9.336442624074600127e-01
8.871705163618771595e-01
9.015250590939019038e-01
9.427302458386489503e-01
6.988004895772810254e-01
3.820476012411285205e-01
4.063970720652163582e-01
7.006517258675926119e-01
9.807906201552840653e-01
9.295392610553282475e-01
7.627652622810340288e-01
4.129519637952618338e-01
4.723279270858913859e-01
4.074108300891192691e-01
5.120039455501659287e-01
4.058937167633777099e-01
5.205076962461672174e-01
8.137018388004018110e-01
8.737864044958629783e-01
9.526818626580070282e-01
9.628464177955315950e-01
9.310348282507697748e-01
8.095721382812545164e-01
7.922601119939320924e-01
9.722499989117530106e-01
6.842726879966753994e-01
6.971858750506980673e-01
7.672265581962645076e-01
8.220552502641963466e-01
7.623941148753191621e-01
7.702208044997619352e-01
9.712920990734313920e-01
7.834655110001500500e-01
9.669468031513280826e-01
9.561655645619913102e-01
9.518751408585542917e-01
9.313579556482116661e-01
8.694722430991012052e-01
8.628940814810847071e-01
6.638228161431083407e-01
7.255218714649849243e-01
6.927319685052638620e-01
7.110597673849139433e-01
8.190038764913825098e-01
7.652654474128935957e-01
7.733801137682511095e-01
9.493342452896835759e-01
6.930572948658454413e-01
4.184183975822133861e-01
8.950466739596694143e-01
9.313412574058065330e-01
8.686775757239839635e-01
9.101665497549210615e-01
9.050539103568614463e-01
8.233929528915153728e-01
8.068786747246315949e-01
8.982612369297082733e-01
9.614304593848472802e-01
9.992233748922955128e-01
8.752419598539725731e-01
8.827817000963036342e-01
9.291883042380630897e-01
8.707013816127433525e-01
7.739190531292570174e-01
7.203351559622482858e-01
6.123050264530390807e-01
6.209143891859568720e-01
7.211231293508322260e-01
9.287719102585574316e-01
8.711701592510759928e-01
7.186788377164742281e-01
7.578881616373108754e-01
9.565195651013878031e-01
7.686240295713929749e-01
8.231712350099739117e-01
8.190812769952433570e-01
6.416239024049498196e-01
8.405001118537337446e-01
9.732117515699898469e-01
9.986066121083274627e-01
9.366475244489577134e-01
7.693576287036978378e-01
8.530422875712357911e-01
9.204693523492468721e-01
9.637175117055666318e-01
8.179961964895067217e-01
9.251288109947084504e-01
9.294635736986315289e-01
8.413846481093134599e-01
8.079085692557579357e-01
6.552822062343902632e-01
8.039136620652415077e-01
8.603088427312322040e-01
9.278024360370461521e-01
8.833341854722254194e-01
9.727814431884834745e-01
9.302895239797179805e-01
6.591544888613563025e-01
5.845288866854955190e-01
6.596936608539296643e-01
9.328243928079142933e-01
8.130109818732638161e-01
9.390243279225727324e-01
9.819790377854993313e-01
8.112773136959590126e-01
8.710429364880590830e-01
6.301155886637339609e-01
8.672931904111832457e-01
9.301057230580828117e-01
8.594936562784130096e-01
9.860614510909461172e-01
9.862902019530371822e-01
5.655153873346079330e-01
6.890046330440698918e-01
5.815466448940646016e-01
9.155258790741951369e-01
7.470178648569860691e-01
7.488620011814319799e-01
4.753219602900659591e-01
5.322311151309698785e-01
8.371269591014945943e-01
9.278790278758214383e-01
9.610821800342070897e-01
7.691978662402468858e-01
9.700028405723090108e-01
4.941289519093955973e-01
8.843946054783982103e-01
9.144383784265426307e-01
9.535772411976979335e-01
5.909740305856078235e-01
6.185389252326790599e-01
4.035360741335694557e-01
5.056692632517907349e-01
6.529374241660423905e-01
4.766594980722576591e-01
9.825734194774631280e-01
9.165297676675977501e-01
7.138350788304788086e-01
9.543265874207872423e-01
9.995791287135138425e-01
8.261353715810076936e-01
8.655873111719878388e-01
6.654580919227207625e-01
8.138139988988324358e-01
9.308828684524247388e-01
9.525669306459206842e-01
9.901234824660120060e-01
8.210180553578064755e-01
7.110486124053584378e-01
7.705209286489879128e-01
8.854470378797286712e-01
9.496825241186642730e-01
9.995458997529833578e-01
9.194419162628645337e-01
9.663662058706048441e-01
4.853183465538352670e-01
8.185026329751408092e-01
4.962719939244301659e-01
4.898167982018013511e-01
9.084380974126974317e-01
9.534483118233795240e-01
5.421519264792278303e-01
4.662245807873011127e-01
3.839068264094427363e-01
4.035467760920216085e-01
4.028177330626597219e-01
4.022405253308263262e-01
4.205334664528105892e-01
4.032128881766298689e-01
4.112648739056372071e-01
5.428386537140407198e-01
4.892737154119735088e-01
4.112160266989244306e-01
4.722245532814250413e-01
6.172116505364048100e-01
4.175380131396325689e-01
7.544795403415162083e-01
6.811921008732427785e-01
7.227516045734037053e-01
5.983431576183100287e-01
7.510710999876781813e-01
6.767764098505232306e-01
7.315160581965496345e-01
7.248874699023725166e-01
5.940068359004454512e-01
4.343710521786574574e-01
4.415474817209532055e-01
4.113593590227107577e-01
5.563721228990745615e-01
7.139676079690719934e-01
6.809290601039162949e-01
4.957910098454606507e-01
6.677006743704551051e-01
4.057657777170601276e-01
4.146921311535418653e-01
4.114652388632449864e-01
4.951316199349443670e-01
4.114366532312921931e-01
4.114180582680926346e-01
4.272172602963401622e-01
6.737285642660779672e-01
6.099843723054533262e-01
4.263197955288490215e-01
4.054265707946020370e-01
4.763323672416506227e-01
4.051360693264211554e-01
5.234574234160723760e-01
4.112484372481398642e-01
4.400578970272753243e-01
4.113565932963049732e-01
5.181111546432679571e-01
4.116103492513359385e-01
4.122408817228698785e-01
4.037961668399236981e-01
4.388415879901297334e-01
6.668218644495945702e-01
4.165766932557630753e-01
5.119108177042349661e-01
5.994753337998359743e-01
6.657962242710659950e-01
4.813027189008897144e-01
7.655350456664361536e-01
7.311800529928245140e-01
7.481068670355263128e-01
6.029340511411158676e-01
6.189325084834583768e-01
7.186742742045698629e-01
7.167515916675780696e-01
3.996639823773388556e-01
2.973300715632221647e-01
6.849472700294875205e-01
7.404426594805606499e-01
6.865553385234934858e-01
5.690036259142613462e-01
6.897212348264137871e-01
7.287278031620852969e-01
7.178685977514854821e-01
6.220232863461898631e-01
7.005546384827626705e-01
4.928813713272973129e-01
6.915708919324351500e-01
5.224760362991250906e-01
4.049578448096785577e-01
5.110873646755025312e-01
4.527342095690219947e-01
4.126377283194212486e-01
4.111178890043913903e-01
4.754098524255959690e-01
4.116464810845996691e-01
4.074605950461859250e-01
4.111489096560434486e-01
4.111289456018766830e-01
4.342623600425731811e-01
5.632601285190227403e-01
4.120598395358084365e-01
4.027360407562783351e-01
4.113040480275016453e-01
4.107002596421281404e-01
4.112356877699762103e-01
4.911340313796210832e-01
4.037773139099330444e-01
5.437741938983866596e-01
4.244336417471956668e-01
4.708855650172903973e-01
4.596016079378738572e-01
6.335981843581245387e-01
6.726402908836057737e-01
5.578987628627056772e-01
4.269277293410692065e-01
4.346578379108038681e-01
5.068855925849874433e-01
7.046544429266036191e-01
7.275686256934210672e-01
6.232046925443837093e-01
5.487654856044350549e-01
6.115397849139813102e-01
7.227810312483439192e-01
7.472472610824745232e-01
5.423751339744441458e-01
7.252495688280490294e-01
6.701089857155078100e-01
6.940663371107906876e-01
6.049266114118209137e-01
7.471791604483104532e-01
6.108163378914681640e-01
6.864753326953261237e-01
5.537070322406361100e-01
6.849879503108763368e-01
7.479839258438142346e-01
5.976404564256628804e-01
7.111947033785430694e-01
7.099143749513268098e-01
6.980520308525954842e-01
7.300807841522343189e-01
7.386118074832226377e-01
7.101960402963866104e-01
7.024380707848031369e-01
6.139360655502327235e-01
5.628657847352201982e-01
5.629223429557346225e-01
5.067012156061290185e-01
4.550995708721574107e-01
6.861015828715312237e-01
5.919900960038988469e-01
6.087773172699570967e-01
7.471652061665500222e-01
7.206169183412388657e-01
7.225561770639681303e-01
5.134245681964358932e-01
4.124119903951596333e-01
5.561699531960268006e-01
4.476349914463850221e-01
4.577524867050586921e-01
4.122116263230961586e-01
7.187102462020705795e-01
4.705035190204630013e-01
4.238387581426133477e-01
4.526611614885037715e-01
6.052538808810021820e-01
7.231901591082908753e-01
7.727947859841425293e-01
7.292753954458225385e-01
7.555023763959402006e-01
7.311319868230379271e-01
7.101726965492828336e-01
6.881054940614613757e-01
7.467508827876152555e-01
5.739998305268354528e-01
6.636919099897681251e-01
6.478462405196541152e-01
7.563921031031626274e-01
5.997911406809210977e-01
6.771084061384060604e-01
7.100822467763843182e-01
7.217580107565022551e-01
4.433978812431074723e-01
7.125747497692956900e-01
7.102729739849197310e-01
7.481191622660303686e-01
6.822896230140428342e-01
7.557149007359776904e-01
4.114701570216637294e-01
6.829369954567915402e-01
4.111616564438360655e-01
4.376832412332980482e-01
4.770869929925588004e-01
6.127140960088525157e-01
7.144763535794371734e-01
5.411838009214202661e-01
5.052405012474429080e-01
5.662924121873798011e-01
7.029590811376367210e-01
6.812183087580224727e-01
6.709302248404060975e-01
5.392748900796007216e-01
5.660969986891957184e-01
5.687327074551727923e-01
4.467585430130489033e-01
4.427744328369693227e-01
5.847221448370223396e-01
5.434225178461667971e-01
4.119984325739444175e-01
7.451793832392616945e-01
7.269299907075406075e-01
7.594234870460194742e-01
7.162505896543864825e-01
7.307260084138034184e-01
7.309919028889990678e-01
4.900942404739551672e-01
7.325668647624190566e-01
7.504446306451131310e-01
7.609312257944865765e-01
6.877580868332326958e-01
4.600914760765341671e-01
4.107910859144401905e-01
4.030975381138752200e-01
4.767937614422146919e-01
6.382271035792494995e-01
4.524657481983606067e-01
7.192296247042465618e-01
7.451457047055161098e-01
7.580920126195175301e-01
7.711232560215011134e-01
7.127123691802961236e-01
4.955810498688518195e-01
4.910492849676147964e-01
5.257359109457556690e-01
5.517061369679067129e-01
7.455975691377055847e-01
4.886372294628307245e-01
7.545931203742159976e-01
7.728288481727982884e-01
6.335768850291126908e-01
4.923850974615924248e-01
3.532157155725464404e-01
3.585112712878059660e-01
3.762046581163566716e-01
5.490875978172926608e-01
4.853707385301849198e-01
6.183531983958019396e-01
5.585922912297065501e-01
3.047738616693799196e-01
7.460488715867552578e-01
7.640430130191508962e-01
7.366564222389015981e-01
6.991320607176939594e-01
4.599559028333699562e-01
5.977429287748382558e-01
4.646041941153329913e-01
6.528503623723506122e-01
4.992490122501306304e-01
5.692249185642421772e-01
7.492220832720959400e-01
3.956816648424499316e-01
7.300355170879145872e-01
4.146896528113636071e-01
6.674864730735038387e-01
7.306880703746965189e-01
4.819870782245304630e-01
7.335610901524896033e-01
4.834847545999310103e-01
3.331672867143804506e-01
6.011348402307398198e-01
7.495604999235940813e-01
7.510326667213801377e-01
7.480931748575559981e-01
4.669365076667674197e-01
4.869836917083228411e-01
7.191944326169470436e-01
7.073978839955099573e-01
5.154115550570932403e-01
3.950249615392864566e-01
5.017391252327088047e-01
4.713534791804042667e-01
5.314476239738511465e-01
6.264375309570814343e-01
6.135209093726662344e-01
6.140057824676542486e-01
6.232070203585911017e-01
7.451715897241901754e-01
7.168080834169962001e-01
7.316453110556920825e-01
7.190614704281714786e-01
6.696388355270364023e-01
7.303055248650095477e-01
7.266604166567823819e-01
5.690973618634702635e-01
5.664208211851675667e-01
6.829122519474724040e-01
4.037477542878658565e-01
5.518871001962171174e-01
4.027524380668938142e-01
4.028208927664246319e-01
4.967456516427988800e-01
4.558621038833083339e-01
6.235809801721482470e-01
6.072348280067496606e-01
4.116188053535684843e-01
7.125486663006490584e-01
7.245477434853505594e-01
6.699157813587831578e-01
4.721555911942861838e-01
4.215064363145741844e-01
6.719012793007164142e-01
6.078677471172564406e-01
7.282189739120248362e-01
7.143359921670406898e-01
7.334468403893081856e-01
7.504967697383224667e-01
7.200505452407055529e-01
7.694585030281071436e-01
6.459142138033728830e-01
6.133098857435770324e-01
6.834379253568428902e-01
7.596671916039772210e-01
7.490888858856319388e-01
7.441713568514861654e-01
4.573541037745116333e-01
6.720596601971521311e-01
6.835571512604730060e-01
6.225130187900995704e-01
7.643353054791106604e-01
7.183610717965853709e-01
7.057441608563830293e-01
7.476526440643261884e-01
6.281378891741181691e-01
7.116934980736030480e-01
7.456627403964228851e-01
7.290117591532331298e-01
7.137105718566880697e-01
5.841456166578067322e-01
5.867923670166519390e-01
3.903025777281349806e-01
4.302498498319705100e-01
7.159178525252550829e-01
5.992516819116087134e-01
7.295756428974830010e-01
7.316256347283633943e-01
7.717969687365285880e-01
6.089510695765243398e-01
5.313045192254756133e-01
7.703525799959918263e-01
5.056475426498109327e-01
7.399919843187627855e-01
7.299654404824240661e-01
7.685132175842267488e-01
7.547148926482815101e-01
7.467570192347682267e-01
7.290471593127256789e-01
7.175361810329857759e-01
6.616718469403478631e-01
6.278758692259840402e-01
7.125563847786391403e-01
6.924003291472992094e-01
4.011754924414090984e-01
4.123682438886453472e-01
4.766465011063728552e-01
4.113811781830141734e-01
7.056389877707937019e-01
5.140328570232918226e-01
6.838145662973579286e-01
6.536033306629127626e-01
6.127005932694354895e-01
6.215987143322899700e-01
6.847991528171372133e-01
7.728077756247528907e-01
6.030372058901454224e-01
6.045981639142511410e-01
7.547521047625663781e-01
4.961253888902850684e-01
4.239849065287910057e-01
4.033148634256908949e-01
5.662862780545380170e-01
5.018052856284197505e-01
4.410215102231498929e-01
5.109631021659508665e-01
5.184921541892359986e-01
5.590032678882473904e-01
4.111283313386613347e-01
5.296343792902871161e-01
4.142908328149162989e-01
6.950680211926445473e-01
6.497612319759478172e-01
6.086470355755979611e-01
5.802137874599512246e-01
5.262243239393810113e-01
4.735772548656730363e-01
4.370198337710372583e-01
4.162407311277820932e-01
7.434034587211927336e-01
6.344393699049017954e-01
7.595905822105265548e-01
5.192425811342724629e-01
7.602275261867844636e-01
6.139729870105479215e-01
3.937621794710584044e-01
7.184627738048974255e-01
4.956773167720081585e-01
7.427364980195627631e-01
7.564997544959967124e-01
7.558405242330780149e-01
5.515254390843896681e-01
4.042412006091101184e-01
3.616770545609945264e-01
3.317403481657222875e-01
4.171607608321590832e-01
5.761708856422926850e-01
7.100374240323491515e-01
7.334862915334015021e-01
6.352425202618440236e-01
5.590746821549262835e-01
7.448838434217994742e-01
7.432757378454417641e-01
7.670033476597396538e-01
7.453052041186063459e-01
7.098525932616974732e-01
5.230188533285792252e-01
3.857798546378502502e-01
6.579553119054663002e-01
5.567687800482533644e-01
7.397617758781908082e-01
3.591240401790820047e-01
2.946645584578123644e-01
5.236222753715999989e-01
2.872642728891003916e-01
2.991236280977220274e-01
6.584760399199097725e-01
4.969056177758866544e-01
7.473804101683453327e-01
2.857453982509668977e-01
7.185100070737100442e-01
7.507541544563642866e-01
6.999240290368533568e-01
3.003372301797702093e-01
7.566303129589448950e-01
7.321991980416292511e-01
7.568349563933500779e-01
7.330828393517788699e-01
7.449300311812462327e-01
7.515403126621785779e-01
2.983696243815253668e-01
5.178965785519769049e-01
4.355456860326140101e-01
3.031617277992522119e-01
5.953026656143399764e-01
7.479691183818976130e-01
6.297546462185039662e-01
6.750825567501228530e-01
7.308106255244513072e-01
7.464193107086727341e-01
4.959251048893180136e-01
6.456061937762329617e-01
4.978412064322166874e-01
5.649354286104422140e-01
6.156070895090229866e-01
4.783921497911332588e-01
6.105184418818643266e-01
4.113140341847654757e-01
5.919323860712482066e-01
4.541964616457450088e-01
6.703731050917206558e-01
6.689563418091047931e-01
7.379394983577480804e-01
5.540663986999724289e-01
7.706043971756613153e-01
7.303761797422591018e-01
7.480453939139986019e-01
7.058962809892950219e-01
7.314138744268618986e-01
4.661322928715416758e-01
7.431233344786158934e-01
7.596819468929858488e-01
3.940152367018170398e-01
4.166515439525091957e-01
4.862065107971167421e-01
5.689855606693451362e-01
5.712189357464233508e-01
7.169733004779296204e-01
3.944139843436543780e-01
5.454679359885229450e-01
4.048134164365098098e-01
7.261104483761025019e-01
6.906395108487333179e-01
6.477804238998956521e-01
7.592331738467565927e-01
7.667232086557728143e-01
7.006349766791934996e-01
7.530810624413217802e-01
5.085846698704806768e-01
5.455042037252990639e-01
7.713761895027231308e-01
4.209972613187633050e-01
4.895515815045151653e-01
3.924340942862691306e-01
6.726051173219693702e-01
7.578069196515008210e-01
6.231297415743438650e-01
7.531781146879622524e-01
6.283591782424736705e-01
3.680246812534239131e-01
7.512080169464099288e-01
7.725731297751178284e-01
7.316934109725040658e-01
7.590721114228445865e-01
5.060282604528040240e-01
7.163474441343099519e-01
7.320545345965925321e-01
5.799336323890421641e-01
6.078243816765170893e-01
4.861420438479402972e-01
7.646568420915684783e-01
7.584743810074978665e-01
4.095686129776977547e-01
5.026470142176171496e-01
7.474619303303969842e-01
7.681903463102334184e-01
7.049400774699429162e-01
3.869139804031802021e-01
5.070798856580538416e-01
7.467676186713514408e-01
6.257728884106519285e-01
7.591948900692917501e-01
7.695231730130145387e-01
7.100268155129433323e-01
4.766667978934448491e-01
4.113890149244653349e-01
4.032556634278762764e-01
4.378173190934716019e-01
4.261433940662349706e-01
6.815150625161630060e-01
5.208974624815564392e-01
6.857264997274636897e-01
5.695743576859270130e-01
6.836539259018142856e-01
7.323479932895330391e-01
7.368504340046377887e-01
5.962604682326371197e-01
7.306534092839447325e-01
7.576481407786105349e-01
5.525958597210074430e-01
6.811399425495255899e-01
7.446148427363415978e-01
7.236903385726799476e-01
6.901495428554791367e-01
7.702354770750405866e-01
7.048052751321286502e-01
7.302673358853418728e-01
7.666739514361297081e-01
7.294846292558782030e-01
7.451551679414001317e-01
4.139811452163779104e-01
4.774542318954449471e-01
9.603716508563928667e-01
5.390896051075562134e-01
8.529779266377011115e-01
6.870956218080113143e-01
4.025373704500161409e-01
4.875737666875899490e-01
3.321815218991106544e-01
9.514659944498372601e-01
6.085451942655896174e-01
9.337649332608431996e-01
8.949771380827625800e-01
8.222631535613025289e-01
6.775402701117708704e-01
7.735551917641177999e-01
8.098449431030093626e-01
7.302697908311160946e-01
8.599599331313517725e-01
6.927086813076701599e-01
6.899034007520594702e-01
9.278863061622898423e-01
8.101381141227149696e-01
9.861564812380947398e-01
7.241437982277804108e-01
8.514929216617989072e-01
8.842941874246295075e-01
9.134040269861184447e-01
9.830047547494273896e-01
9.289259542786187929e-01
9.364176953259379932e-01
9.313589992982997945e-01
9.511199036788440253e-01
8.320375848287482334e-01
4.693974603257550227e-01
3.380672954140762076e-01
7.528864330237184932e-01
6.031662867931167904e-01
4.679250694260946308e-01
8.016263873625429914e-01
7.570427656683549333e-01
8.358268841819608275e-01
8.481941340681380392e-01
4.044987259944900493e-01
4.112739373902876694e-01
4.689575869493559646e-01
3.329844020667479532e-01
2.779553619054249691e-01
4.717596510669916365e-01
4.303221745134066523e-01
3.969544576741369513e-01
3.866087278289446760e-01
6.727423046144135332e-01
3.431576573515586204e-01
3.426119290765931580e-01
3.697644198890543410e-01
4.027092649319715112e-01
4.147954602229546595e-01
3.918849393184242191e-01
4.029584391283762002e-01
4.034319332747008935e-01
4.286324786008852694e-01
3.758432714993429902e-01
4.204528927897273061e-01
5.505582604250566225e-01
6.746114369123371590e-01
7.278929115160965857e-01
5.355876629309083148e-01
7.672437529726928718e-01
6.738352734986468029e-01
6.145121555407038194e-01
3.769600127070730222e-01
4.814359523941790231e-01
7.850107193910638159e-01
5.056190239718340029e-01
6.476821953548301813e-01
4.310042309631701429e-01
7.635540157873852429e-01
4.084503062142274543e-01
8.008569339073992044e-01
8.523711972138560133e-01
8.022602221847190407e-01
9.807627781494393515e-01
7.890826224991770443e-01
9.631525241840037665e-01
8.241902157245817317e-01
8.635947462289322862e-01
9.950374081338765331e-01
8.053839740379521439e-01
7.837994866973186925e-01
5.121141145227883218e-01
4.987660743623492099e-01
9.310619541188333015e-01
9.899396923181572605e-01
9.817274511997615694e-01
9.771748585627015871e-01
8.042566548086638178e-01
8.015805765690631191e-01
9.732680982592030183e-01
9.354077458729884720e-01
9.390979876250358238e-01
6.562931207065788586e-01
6.296257547178494285e-01
6.256132641719223120e-01
9.452573496018511490e-01
9.623232767548588473e-01
9.279733034341841602e-01
9.136957798820686261e-01
8.638802697131022779e-01
4.086337309825763819e-01
4.579007511178735945e-01
4.680984838578294283e-01
4.122200947779345315e-01
4.114008471502929032e-01
5.668602127758770592e-01
4.414112722665406996e-01
4.120024337513635837e-01
5.285316354421516483e-01
4.033266140771631370e-01
4.124118363500215434e-01
4.455536689298094655e-01
4.115433215693662938e-01
4.037355389535572936e-01
4.122425755201229447e-01
3.835956358811299927e-01
3.613127531307375184e-01
3.981281267171165039e-01
3.867911569805275729e-01
3.884096220042938530e-01
3.849477259513122696e-01
4.028255571363283383e-01
4.031514443486396426e-01
4.179760220196857001e-01
4.118956464155315578e-01
4.166470307436738740e-01
4.261355946040887854e-01
4.030054022486865839e-01
2.812232389924485543e-01
3.126373606419601825e-01
4.047325288131273791e-01
3.576936008979367809e-01
8.748644457125180907e-01
3.496450171329201217e-01
4.667966507533024556e-01
4.175531415191421902e-01
4.069419380638166217e-01
9.653315282190857438e-01
8.700030751075679136e-01
9.703199205509152048e-01
9.501625921395577823e-01
9.858968275127470982e-01
7.817933856257549552e-01
8.703141229103962262e-01
7.222631348748047575e-01
7.991491830751860093e-01
7.699961476200148924e-01
6.958717608221011153e-01
9.277968911719821632e-01
8.267320724269964227e-01
6.618760237861510687e-01
9.546692093435620308e-01
9.335996251186103878e-01
9.958092919580986413e-01
9.349264022705222610e-01
8.227043160075240280e-01
6.313225044224526350e-01
7.399452735729981079e-01
7.764795803663114837e-01
8.218946755841792795e-01
8.048961771007586696e-01
7.619602468093792380e-01
8.005644302769140408e-01
7.127078435546474466e-01
7.771704551775189262e-01
7.649056545776263816e-01
8.911549810319013831e-01
9.448411659353654901e-01
8.496591043269704491e-01
8.085078088844669386e-01
8.173899243772484446e-01
8.221657979094895152e-01
9.328574943322248680e-01
8.562716510603894937e-01
9.029114720416137052e-01
7.260044096458725393e-01
9.586896504994373291e-01
8.864878087817389396e-01
9.494835426672196821e-01
8.228124922217044945e-01
9.330404449919493803e-01
9.337628405698146228e-01
8.949096132191790565e-01
9.732491944901516812e-01
8.195412418836216517e-01
8.683813845412582388e-01
9.637081525260318138e-01
8.809989559951322269e-01
9.320170794912727708e-01
7.853409536294231330e-01
9.906269537079763765e-01
9.298743731578325011e-01
7.744094816786324387e-01
8.380589684472351530e-01
7.618964969909362006e-01
6.892728530503801077e-01
6.483371723398883013e-01
7.072945779853136994e-01
8.681537136708010749e-01
7.773972052593579596e-01
7.655098829571401753e-01
7.110913741106823505e-01
6.801601090372529912e-01
5.942436236322468091e-01
7.205431704542297755e-01
7.673543819156473100e-01
8.712606256126257387e-01
8.544406271824134258e-01
7.568804716405811428e-01
7.739624157730219389e-01
6.076722865263518569e-01
9.095945639184883635e-01
9.270396354458522170e-01
9.066577247050585653e-01
8.920108585497473763e-01
8.799751472523263951e-01
8.673330376114889440e-01
6.280517881976706018e-01
7.353640405988512985e-01
8.775937256092886107e-01
9.509390911347679332e-01
9.809672154898338992e-01
9.493140334349385867e-01
9.805254205113650423e-01
9.749833239017152708e-01
9.319951475992507284e-01
8.170605574416915928e-01
8.218909916384120606e-01
8.458554336746220148e-01
9.898864476237436705e-01
8.175566425714883012e-01
8.844438277017886429e-01
9.811108600368213528e-01
7.644226723849725236e-01
8.785245181579605100e-01
9.492899216097281379e-01
9.418848065576502782e-01
9.714368668496434767e-01
9.875092588011941119e-01
9.693867335648270744e-01
6.681168052526303969e-01
7.705974890923528164e-01
8.010564838759060002e-01
8.416062419437140285e-01
6.575044947573257526e-01
7.612032776902314390e-01
8.419697192796186114e-01
6.301640751755398506e-01
8.153867782497500327e-01
7.555630512194533299e-01
6.624033186908709903e-01
7.428097428358513277e-01
8.598619683198976960e-01
7.958768761786384482e-01
8.526313532332870926e-01
7.139302733282458790e-01
8.718068774883769301e-01
7.276784263369057149e-01
9.354094928539028464e-01
9.278169914655054473e-01
7.506512460553829147e-01
9.342865083076025146e-01
9.347228314712751063e-01
9.732688253345740392e-01
8.193095439913190559e-01
7.781714408854473186e-01
8.374888147220077572e-01
7.127115705383895161e-01
7.193397790075286569e-01
7.777599686992520134e-01
7.794496696088862864e-01
8.250868649533663612e-01
8.222739033146908572e-01
8.688459923076541358e-01
6.967334213134066534e-01
8.022533299823865205e-01
9.727716326320542395e-01
7.875035133575823965e-01
8.410682315759900884e-01
8.615736203272529314e-01
9.718215677598244229e-01
9.340890081757139418e-01
9.674836602672215458e-01
8.140721170219756830e-01
9.096523239411168360e-01
9.212659747956882805e-01
7.402648450345116204e-01
9.507597334836539460e-01
8.108389472632233641e-01
8.221185062640702368e-01
9.889717519185506900e-01
9.572208085156155288e-01
7.306918913829588691e-01
6.898090910280531007e-01
9.350301251946796510e-01
9.875424564842258945e-01
8.141067822264491660e-01
7.667014434475682982e-01
7.676642851737288664e-01
7.688100918400602168e-01
9.272228304689158485e-01
9.268093943731975370e-01
9.683813754228600690e-01
8.191488936975398483e-01
9.881641969670137415e-01
9.550347845292592730e-01
9.899689041656991595e-01
7.647299634240455335e-01
9.426763713389066934e-01
9.722412831763928009e-01
9.309006016126863958e-01
9.278672441044805153e-01
7.527807017149875657e-01
8.397667408450660842e-01
7.278398959902138143e-01
8.223789511582187961e-01
8.334139445881512120e-01
7.774976816270252611e-01
8.652815079343834093e-01
7.401210760910160724e-01
8.221292541264304532e-01
8.217583805874566494e-01
6.969820002154065719e-01
7.329336210338185387e-01
7.475951176673428789e-01
8.728316154923969616e-01
8.058407620244227854e-01
7.859918569525252696e-01
7.968721899934215758e-01
8.322604473531688418e-01
7.217272778237144859e-01
7.557456695043770489e-01
8.815101545376599068e-01
7.421660461411997423e-01
9.345793459348475940e-01
9.327327599779315914e-01
8.692066238965078240e-01
8.780304652023145362e-01
7.808087393917810815e-01
5.451080381384421081e-01
5.157639831076860082e-01
6.164154098716105867e-01
4.026124054719096290e-01
9.279310168888534882e-01
3.295894155296251737e-01
7.157884370873681679e-01
7.378422049042505648e-01
8.595151662432851669e-01
3.829644271715794135e-01
4.039762943954921526e-01
8.938355837479341481e-01
8.321566239116727770e-01
6.881615273342519545e-01
4.665796241896311702e-01
8.623943228746437928e-01
7.869939158488004072e-01
4.318081578311442903e-01
8.566289832411487781e-01
9.962110867651298163e-01
9.504831273261246105e-01
9.671407743334652363e-01
7.101681870502064564e-01
8.902374080678870927e-01
9.921985702011572039e-01
9.895500369616085923e-01
9.470908781744251659e-01
9.302005723067874321e-01
9.297590670737980734e-01
8.522164786572820061e-01
9.805906148802913114e-01
8.381403612124039837e-01
9.182324571560890325e-01
8.680282283307474422e-01
8.628705531448520594e-01
8.217451820472987389e-01
8.242268511177290868e-01
7.396051203423815723e-01
7.983415513703846500e-01
8.204818669093963956e-01
7.717488268856895761e-01
7.777405047150632855e-01
8.033850431149299753e-01
9.881350383724895048e-01
8.219717352347910566e-01
7.750272967657482193e-01
9.066330030755415104e-01
9.896749761450952532e-01
9.720052617214769430e-01
8.571935966896191417e-01
8.223675856856683675e-01
7.542084829198889562e-01
7.127392573134665454e-01
8.243028978460333889e-01
8.787545805080558825e-01
9.180071466151946691e-01
9.491059118232694214e-01
9.290217242492433414e-01
7.810199222895661819e-01
9.940054474878450286e-01
9.709413353365912158e-01
8.119266644281040168e-01
6.340648192541802342e-01
4.283874296304312490e-01
6.375187569603941729e-01
9.688354307117506004e-01
7.172357980778999442e-01
7.468976134714470083e-01
5.107160031224230456e-01
5.847324100508537459e-01
4.853558724120234369e-01
9.830179731171021507e-01
9.587179401984237126e-01
9.905185433485192981e-01
9.790768806712877304e-01
9.728613847433190687e-01
8.844481223881252019e-01
9.519138962486169975e-01
9.348167548566643781e-01
9.871305153679713618e-01
9.703010740442672422e-01
9.729158941154357754e-01
9.876992383997994507e-01
9.818913785817376949e-01
9.491257647269792930e-01
9.510286050328187191e-01
7.257978006559635542e-01
6.834315434002709022e-01
6.850470561567020278e-01
5.597782449318212672e-01
5.981031725117581521e-01
9.852179997165787517e-01
6.070073742868374866e-01
9.621978370858912388e-01
9.843061472057154093e-01
9.902015203920028208e-01
7.707788468040674967e-01
8.692702612022954467e-01
7.236373588430989878e-01
9.110144839677797313e-01
8.433921207331730452e-01
9.181635206635468949e-01
9.264653511720442047e-01
9.355020875113903012e-01
8.687583726694646513e-01
9.409666649004320149e-01
7.449739956848123734e-01
6.943917713861745833e-01
7.015169468366034833e-01
8.195678745047667579e-01
7.842349517897161393e-01
9.583652738809540494e-01
9.884222326547856818e-01
7.062834519819003454e-01
7.133427766385033175e-01
7.887914729789793356e-01
7.277730203734671388e-01
9.999439731918797758e-01
9.876402116986117141e-01
8.230857619559063254e-01
9.840918244647982593e-01
9.472507910890806127e-01
8.174430506600679491e-01
8.884976834806947998e-01
8.746063263569262558e-01
5.567858334948988519e-01
9.208569145835573400e-01
5.084820975890695927e-01
2.964389357040305151e-01
8.177087338728149524e-01
3.503623557567429048e-01
4.080001814004360350e-01
5.975047466780110117e-01
5.645911552723769100e-01
3.976503116002474414e-01
4.203296276930214570e-01
3.556329324248473367e-01
6.782031485691798478e-01
9.367290451297306531e-01
8.864672793836320119e-01
8.535538428530525801e-01
4.925421875660639937e-01
6.212015793586884715e-01
9.077407190193509390e-01
4.716255721429948311e-01
4.151369234783416906e-01
5.033666112366147471e-01
6.529693741225391923e-01
4.400728550910580350e-01
3.834233068277077550e-01
7.831378204972139212e-01
9.686990108598978466e-01
7.094661157452946121e-01
8.128834471555224095e-01
9.091370303209437287e-01
9.851970238767243648e-01
9.830128326196617694e-01
5.546511515768217659e-01
9.354196254075426431e-01
3.693588596020129788e-01
5.981523236318760928e-01
4.762121079202479845e-01
3.919540357540371445e-01
9.794649729727707976e-01
9.301811152621267675e-01
5.377514053321126308e-01
4.780961516729421712e-01
6.140917928609938015e-01
9.896819998219071879e-01
3.907073458423926393e-01
4.845697053587580960e-01
3.804724153397252562e-01
4.493287647434132115e-01
3.378323779061870313e-01
6.309783110523622396e-01
5.133975285436046532e-01
4.112949838792832602e-01
5.474020402707580057e-01
9.497367990240893620e-01
4.233479546173916641e-01
5.263432541407113696e-01
8.316672118368759747e-01
9.723956358827299251e-01
9.996803158345600737e-01
7.338425437611399982e-01
4.563421907815520262e-01
8.571084327450941842e-01
5.327989927456950880e-01
6.757129951226874542e-01
9.731103357499066853e-01
9.354605061351956019e-01
8.607289428237542284e-01
8.223648211350123027e-01
9.931166213280097077e-01
9.962996522328209092e-01
9.506301198074507131e-01
9.679546490164440131e-01
9.906165931608816866e-01
8.680321190765398764e-01
7.428913194276055565e-01
7.413287728440776103e-01
9.332896640754249074e-01
7.073196765235256755e-01
9.732684617968206942e-01
9.553120016322307340e-01
9.215884656573856137e-01
9.354322039026914393e-01
9.216211684718010888e-01
8.247131169504207104e-01
8.813899814090383478e-01
9.805206592947153244e-01
9.010147059002860948e-01
8.894131310843896854e-01
9.026073167767221239e-01
8.155954321879073099e-01
9.265681354073864728e-01
8.356620587502254782e-01
8.641736344823930382e-01
9.516860087535256030e-01
5.868769766586893200e-01
9.669254939782649938e-01
9.892318459803062236e-01
4.793478450832810434e-01
9.800970035928572299e-01
9.949515563268985785e-01
8.438991498307287786e-01
9.906928197199504904e-01
6.609572300935034894e-01
4.524767337311766946e-01
8.217998192422524273e-01
5.773383049040720083e-01
4.870440860453807974e-01
4.742206931614566523e-01
4.971568053995800707e-01
7.872441155284976011e-01
8.446840856201720538e-01
9.353654699297188069e-01
9.999704921564516180e-01
4.709288350502511267e-01
7.769318728791727580e-01
4.889309875943049222e-01
5.869857157672146997e-01
6.300162735748408016e-01
7.606086988513542924e-01
4.004754143721809267e-01
9.829056226573049670e-01
4.798424494390806094e-01
7.191162639885347874e-01
6.723843196258216803e-01
4.975909740444051654e-01
6.812297591212604919e-01
8.693744935882985470e-01
4.817754058779828985e-01
7.859774713869559504e-01
5.972383274079906545e-01
3.809335735837954262e-01
4.128123939806890297e-01
7.022961394733768792e-01
7.172810752358383946e-01
8.915681640555920273e-01
7.792828630923801514e-01
9.547362507014381938e-01
9.832313274684306714e-01
5.413918474223876620e-01
5.889513082741363315e-01
9.278339730873065294e-01
8.544182867774628987e-01
9.287125893080218075e-01
7.792036934365587086e-01
8.214027080249139967e-01
8.237144114454431065e-01
7.697080154213080672e-01
9.278655112095516300e-01
8.304801478579801888e-01
8.972736714491785781e-01
9.854307273196570849e-01
9.394954989521551170e-01
9.899729717065105516e-01
9.420589711744475903e-01
9.724969772180702687e-01
8.535430029881464487e-01
8.276889888317152666e-01
7.211842756931073906e-01
8.173178735569157638e-01
8.219232267237635003e-01
8.423685929463510247e-01
9.966994111526651379e-01
9.577340210061477954e-01
9.280769482802975201e-01
7.255026308084291387e-01
9.422535810449883531e-01
9.125010370059539744e-01
8.100509686195864756e-01
7.067489710610146414e-01
9.730798040245739466e-01
9.444343374190099505e-01
8.406583553902712280e-01
7.061919148818529557e-01
9.995149119425358331e-01
7.197499162225344804e-01
8.215653346978178950e-01
6.045839367268535103e-01
5.822623929783219410e-01
7.174991957891143635e-01
8.204496883528729079e-01
9.578839237946137342e-01
9.387567462984494071e-01
9.851664809085204366e-01
8.317877513866006600e-01
9.589048880530059993e-01
9.847882681697481821e-01
9.632856442703137123e-01
9.822438968040319018e-01
9.288954210014325197e-01
9.510968117535913979e-01
8.221317108004113638e-01
7.542344010395541920e-01
6.814066280628393590e-01
9.133235127694921962e-01
8.123006860258136230e-01
9.491091024405038379e-01
8.572204923248413211e-01
7.832100761741304096e-01
7.863316089674701193e-01
8.078783926150459038e-01
6.663022516927533667e-01
8.222680677168433538e-01
8.660895671268745710e-01
9.460372605594925544e-01
9.731532271726237582e-01
7.436309117361307175e-01
8.409231031378764376e-01
8.980428394437866002e-01
9.491534176777531862e-01
7.661884217483582171e-01
5.638543736999502842e-01
7.992656066387768821e-01
8.762340779170521010e-01
8.483620650825509646e-01
7.633806310680494311e-01
9.260906486740195787e-01
8.277217604908427839e-01
8.043642080530915006e-01
7.501046940954738673e-01
7.105717679361323036e-01
4.404084767106982712e-01
7.994471418221991144e-01
8.609688164672277821e-01
9.581115060385800852e-01
9.802511388861939734e-01
9.895426446047906888e-01
9.574704064331762687e-01
9.496413765844190502e-01
7.254224217380319528e-01
7.071043864359614073e-01
8.194353322081582292e-01
7.166479904091893616e-01
7.373468412450011611e-01
9.491034302395053857e-01
9.994025425202135438e-01
8.223774152743701382e-01
6.127990098841767930e-01
8.284925775889525612e-01
9.863734642288358723e-01
7.057763221721562452e-01
5.705725980274000131e-01
4.157428862729838914e-01
4.767047231537797636e-01
3.967066252430589968e-01
4.494635559894407106e-01
4.034967355706144954e-01
4.380019886232854320e-01
4.038829016563948993e-01
4.111274099455569653e-01
4.124321708055064817e-01
4.126865902583456980e-01
4.130550135515237420e-01
4.803029379284332601e-01
4.119416508218323725e-01
4.238197609699549395e-01
6.107271363257611441e-01
4.680138663698746870e-01
4.112204810779743758e-01
4.111482953629978510e-01
4.841850570026754452e-01
4.282210491034962874e-01
7.303617208520480908e-01
7.559958180847656806e-01
7.120548575728463669e-01
7.585324612195470939e-01
7.715738695223652854e-01
6.784060915693836957e-01
7.096972347512903179e-01
7.455989616264130371e-01
6.848935450585279527e-01
3.722243900913363990e-01
5.305594496986408837e-01
3.735189589014961120e-01
6.205102745925498153e-01
6.499287168694716232e-01
5.325739572341225969e-01
7.102610354525209502e-01
7.586234152666628816e-01
3.544642979122162862e-01
5.964939210359540001e-01
7.728210541497130270e-01
7.174490811454983241e-01
7.337704572359965427e-01
5.575816868438392415e-01
7.457251318951471086e-01
6.336590097171620473e-01
6.913895769598261687e-01
4.822195569105999780e-01
7.334046519304827649e-01
6.613535951589120110e-01
6.843110277593258406e-01
7.315297202101231910e-01
5.386282806603158724e-01
5.784728686410071097e-01
2.786618365032828004e-01
6.582436528673305531e-01
7.510775524806673209e-01
5.663601035824307184e-01
7.595380950494576844e-01
7.160138596686888013e-01
6.313845263329014301e-01
7.098666461349779633e-01
7.512178377694564979e-01
7.463116999602485979e-01
7.700369894509132562e-01
7.467648293313479124e-01
5.489036569995432435e-01
7.701992276909257473e-01
6.735680289153881395e-01
7.284899424728775719e-01
7.207870517419529000e-01
7.054687407663136067e-01
5.598173460861585182e-01
3.094732900029327216e-01
6.450804631774333942e-01
3.942952602773883153e-01
7.173392163695185841e-01
7.221932648344723260e-01
6.147729616385877449e-01
4.227770162870495008e-01
4.671064151782370333e-01
6.279187889097826991e-01
6.150825829025663438e-01
6.241043414475547779e-01
4.111805469886524178e-01
4.478383549539931563e-01
5.217412035987896157e-01
7.728106622412068694e-01
5.002521662742018815e-01
7.290722127720073997e-01
6.636507592225789898e-01
7.049787852485394080e-01
7.506655458339028808e-01
7.272632278970360131e-01
7.261118044703840368e-01
7.316518699490606181e-01
4.440863969722408378e-01
5.645860939948231794e-01
3.505636889185652083e-01
6.772510653581766960e-01
4.125349367593377781e-01
5.237134257794519021e-01
5.385671224360192300e-01
