5.999951183686961289e-07
4.756689191975096695e-06
1.731980405335853629e-04
5.374578882379359603e-07
5.273733966125513705e-21
9.191505120761196853e-12
4.249786179074488964e-12
1.293658454847593757e-35
1.565449237957573662e-08
9.701319486900549694e-07
1.501958535085088754e-05
5.686848069327372419e-06
6.391840866650907291e-07
1.005453261602153254e-03
1.622329460822917333e-06
3.361965538059337532e-08
1.784831970221856538e-05
1.194216579753113686e-03
7.021731415873254910e-03
2.242928482774105784e-03
1.633792543533532418e-05
2.313512255784606311e-08
2.538409330059538669e-06
2.995350626276172012e-04
6.646256014236570653e-05
1.420832516174512332e-03
7.181637996571816869e-05
2.624823205104994870e-05
3.639177398094330129e-04
5.060134966816591615e-04
3.139599521024821348e-04
1.352744044407271984e-04
1.776368914661360932e-03
2.988823775105756315e-04
5.475891368402298126e-04
2.600495677070691698e-04
2.112657592972916418e-03
3.419084801686880867e-06
1.735097298015010547e-06
4.220003261644340543e-08
3.935778665553227496e-11
1.500132897229180630e-11
5.362918640581408777e-10
7.191222700292521913e-12
3.088929169003051968e-11
8.688333139595827404e-09
1.134160020227189318e-09
1.392485576758739850e-08
1.933996061545358491e-04
4.199608161026620497e-04
6.235408931068592026e-04
2.327178156476028049e-04
1.091357402390679970e-07
6.509236688093777528e-07
6.796628825792534450e-08
8.943839404221278666e-09
1.235322883784410188e-12
3.459997112578145696e-11
3.582622213348789737e-11
1.236135428092857647e-10
5.751844532887662604e-11
2.558194388021824199e-11
2.700724256051258206e-11
2.051356772359466064e-15
3.750985908723605784e-18
5.692675609943291179e-11
1.952326992230604657e-10
2.003022349027759826e-10
2.586185393208093838e-10
1.613806703000674823e-09
3.129961587235915666e-10
1.171772062210131008e-10
2.318918298460940739e-10
5.671835792014553783e-15
6.019579745399616063e-17
9.228144827658187256e-18
1.419624440860168775e-15
6.771600679289727506e-23
1.423026325969203721e-16
2.169323929086029934e-14
1.209959668910317296e-16
2.941283569746340047e-20
2.711764477069318224e-12
1.273523680598185953e-11
1.841850250870748166e-12
8.724439770796000581e-10
3.788503680802577045e-14
4.775743339468536289e-12
7.253913075586752059e-13
3.011165127719835927e-11
7.584326629530315774e-10
7.692496749552229483e-07
5.230684179231251570e-05
2.899898604423566248e-04
5.699916466880118544e-05
5.720140292249317488e-04
2.489690264166519412e-04
4.062434352138288493e-05
4.696341967493950116e-04
8.653693257250894802e-05
6.516988964806632841e-04
2.369114889783000661e-04
2.127822569464759878e-04
1.661835814939679177e-04
2.330541117830536879e-04
8.030750844975158547e-04
1.344249467359978981e-02
2.497332430740684985e-03
2.322817890942690741e-03
4.871578151123219513e-03
4.862163323438632723e-03
4.042987452134649655e-03
4.763580027976283514e-03
2.682224845274025233e-03
6.179484610430534958e-03
6.382037151162581494e-04
1.233517612187359129e-03
1.935856528549337666e-03
1.161857102066022815e-03
1.177451216564498796e-04
2.034209624491458476e-03
6.163817254564127627e-05
7.542222557601071338e-04
6.523206549039641368e-04
7.022735509099969865e-04
8.916257415523637332e-04
3.502140989058701525e-04
8.380116669237589995e-04
2.160512058249158221e-04
1.250515705832661676e-05
2.054982777539512441e-04
6.955398884817245086e-04
7.733769040921806672e-04
4.267944179490075767e-04
3.332354760058968933e-04
6.118632933170509115e-04
3.169427277024820696e-05
1.911753942650489652e-04
4.145682150017781327e-04
1.417411318972049334e-04
6.926694352540323110e-07
4.124764349276205418e-07
3.334710106693889015e-06
4.752357719559189192e-06
2.532177378556621066e-05
5.727415360188015803e-05
2.146219994154452397e-09
2.971049844649059307e-06
2.986026074734284444e-05
2.371282914853210972e-10
1.591361547381868900e-07
3.831030878304442845e-13
1.996816330048309056e-14
2.199772275613766769e-10
2.540663951331636849e-12
1.557453903780101725e-11
4.030959006333810952e-08
7.950026315546514531e-11
1.341967556046747471e-10
3.033710341564726617e-10
3.241921278954182703e-11
8.022062648182478974e-09
8.015406218354131746e-11
5.229094131993604513e-10
3.399443664174187739e-10
8.844764487479299342e-10
5.815557952776307787e-08
1.734649272461996073e-08
3.918441482205328155e-07
4.441224776460819826e-06
5.355680064220395339e-10
2.753262851629153618e-05
4.095336881017461932e-05
8.902398406864852222e-07
6.150503497299395763e-05
1.064049060521230514e-05
7.193349760567879950e-08
3.245254439123054747e-05
3.550509358585966773e-08
6.285573308146884788e-08
4.654601426282410957e-10
2.960746142844278744e-05
6.596184464358699900e-10
9.914153175916867167e-10
4.788267994965124915e-07
3.290117703965517917e-10
2.471275525823253473e-11
2.324351898831886975e-11
2.372471689830998169e-11
2.046572634932648833e-10
3.803893654372051039e-11
2.500334988126207365e-14
5.126047211978826413e-11
6.694058972165115996e-11
8.976605767328280331e-13
1.952787056282785836e-11
1.561046932522838028e-10
1.655911334119627659e-06
5.509406358762989052e-10
2.432927118949811583e-10
3.953239678236506854e-05
2.202663109338939902e-05
7.128459407557125168e-05
3.354353860692013776e-04
5.852401926821509427e-04
5.390511239717575825e-04
5.388546444005304012e-04
5.323084320028207772e-04
1.303763439501779092e-04
1.279901064556597064e-05
1.109923535405652845e-09
9.839883208169672528e-17
1.630019721951764688e-18
5.523772344568147559e-16
6.129113786797159853e-25
4.388487726799702804e-20
6.463724380395322894e-16
5.037777479298081870e-15
1.320193783773932630e-14
4.265451152831430748e-16
1.210464579200589444e-11
1.167861607050476524e-12
2.222414766240454222e-10
1.937148731753258659e-11
4.759559896014852694e-10
2.237838063258035717e-08
7.988164047446293579e-09
2.751419537584326851e-05
7.526577096363073979e-11
6.262419762071874577e-08
2.769052650327101957e-06
1.160522181924281600e-07
2.457020182537628791e-11
2.929502917886770718e-07
1.429142996947389452e-11
7.106795674604900170e-08
9.015464446048144828e-06
1.636558742501808593e-05
1.297175278470187615e-08
7.764536248394349885e-06
1.768652343763112817e-04
1.649273961075970146e-04
5.845192140766014490e-05
3.332193958499714227e-05
1.207535920821155821e-07
2.571330774584505411e-09
5.424885436260214525e-10
2.014896367043351056e-11
1.190868852965915677e-11
3.171802574598673361e-12
7.951625209917778387e-09
5.482592092704958555e-09
2.640100065168499901e-07
2.124268098380886554e-09
2.886037712494814357e-05
3.139331706019364638e-06
4.030457942494715733e-07
4.342167095205710170e-11
2.831827402918844535e-11
1.169633661048124985e-11
9.118106692247504732e-10
1.082800631487900162e-09
9.998641814719230396e-12
3.834941416090574452e-11
4.297205706199507983e-11
2.597700353764439765e-11
7.834691839796390566e-11
5.237341113471892731e-10
8.046356666654658968e-12
7.432757847095618718e-13
4.974928802512664307e-13
1.682287964139005957e-13
4.220009937858328212e-12
1.022770325750359968e-11
1.286826664007146828e-13
3.662421736286657320e-11
1.164851713758552160e-11
3.032911353027552996e-11
2.526634159069229725e-11
2.160667542099956025e-11
1.094771977140501772e-11
1.379498175523989368e-13
3.954061678802807746e-07
2.121244781371545073e-09
3.452398422582996013e-06
2.154246428480090992e-06
1.513371778508177773e-05
6.805953679076096356e-05
9.823928248028016962e-04
1.105795761848970215e-04
7.852854812956201530e-04
7.625401849755490116e-04
2.769231986027293054e-04
6.420757958053819681e-04
6.230010166379187789e-04
6.385399243202069964e-04
3.522920532286756795e-04
5.881277904389964036e-04
1.196169993367120060e-05
1.368918917645159886e-05
9.809681339968970577e-06
4.952356270867318313e-07
6.383854908865791017e-07
2.419332649574056595e-07
6.418395611127509137e-05
1.608988638966703548e-03
5.429945779334710305e-04
1.063654621419931820e-03
3.462632436800773929e-04
3.797906625894313782e-06
1.467942573371675470e-05
4.565197543969340287e-06
1.084991307832438597e-04
2.528266757207317506e-04
5.078372588782745808e-05
5.390803586705011398e-03
2.184006372376441044e-04
1.092248221687330442e-05
7.456563035122402202e-04
5.164704686073309651e-05
5.330035566505611684e-05
1.250170569691576755e-05
1.153805131138927241e-05
1.801812573829566512e-04
2.479993596970825577e-06
1.720798702404859658e-05
5.631327529919245045e-06
1.825237284118770564e-03
7.418174128843517921e-03
7.873364210748054742e-04
9.027189454195144735e-03
5.792705273811484326e-03
4.831686550852099145e-03
5.132029387807028435e-03
2.850046651285363924e-04
2.898845071240261240e-03
1.441293169755087679e-02
2.870077352854980002e-03
9.435207198866537529e-04
4.526085944823224003e-03
2.531697125648460782e-04
4.181792671507106470e-06
2.794379960301549684e-06
8.959828241105998316e-05
4.143895559593032047e-04
1.142831390619111461e-03
1.650237848442186444e-03
2.104737820978381819e-03
2.495357520676799983e-03
2.160687338584546362e-03
1.279056295154676077e-03
3.873081294633278610e-04
4.989300249441020905e-04
6.565797719014783429e-03
5.109857933795061225e-04
1.001075908250410569e-03
4.395561743533718730e-04
5.569807143191503763e-04
3.767678499094926844e-04
3.107447931644333888e-03
3.608339531838467592e-04
4.993405619949923451e-04
2.007424450422391933e-03
2.476886769579044559e-06
2.171342266157821546e-05
1.338004554921972636e-04
1.281724385323739532e-04
7.152709285201093252e-05
1.382119138645192507e-04
2.441442596331457786e-04
4.288968738535527321e-04
2.007993499785583271e-04
4.700617117745364165e-04
2.560660244545996385e-04
4.280404856504163949e-04
5.826768311238371412e-04
2.499230308571452207e-04
5.510480982868701250e-04
5.071933313740285528e-04
2.951856975665083274e-05
1.211137976574207282e-06
4.198390466934907790e-06
2.085060340727338166e-05
1.222216268175428887e-05
2.749037685929504784e-03
3.080261820195753916e-04
2.320663379121858802e-05
6.849123500458528905e-06
3.186756129719607980e-06
2.968548402958417849e-06
1.150393437549521438e-05
8.227429436970246091e-05
8.986978183147926146e-04
1.871342470863667515e-03
1.090101992041214479e-04
2.694382784077778339e-04
3.284090579310185360e-04
1.446392112964663623e-04
6.026422253530718367e-04
7.404603296062046026e-04
2.830007955142621514e-04
9.820212490910699282e-03
5.581935176823440981e-03
3.701622789062890013e-03
1.270547694136338378e-03
1.202900357094016486e-03
8.300404212733767176e-03
1.147905419855624158e-02
2.720990197666087879e-03
4.998954146129887602e-03
3.402381067007655829e-03
2.171355743929246970e-07
7.068224464882100488e-07
2.472278896874557943e-07
1.488254017475249185e-06
2.369795866890422465e-07
7.793049104230471945e-10
3.997223179974565723e-10
9.606547676574492889e-08
3.958445879776800164e-08
2.129343884688342160e-07
5.711362649546715296e-06
4.273450275489461558e-11
3.192154112449611933e-11
7.761453491171863025e-12
6.950726275029073637e-10
6.037233218434416719e-07
1.795240073573213639e-07
6.058942685888658862e-08
1.377097742447628570e-11
8.609722096061765671e-11
2.849241349863982432e-07
1.080173201575408480e-10
6.395910455650985642e-07
3.031462503645341421e-07
2.570676014675772528e-08
6.793502359439336328e-07
1.539222524223627060e-06
3.240550510273621275e-07
9.666609767180482686e-06
6.671178122036109228e-09
1.427569409576235043e-08
3.782043579426372294e-09
3.385844749535122234e-06
5.543276252867375224e-09
1.313686528156919323e-07
1.185715000479626176e-09
3.963286496679847818e-14
2.329794212514450716e-10
2.357383682230020776e-08
1.239358854499205125e-09
8.835537304501884543e-07
7.282845642151842398e-08
5.668656539451813594e-05
1.563194250805976257e-04
3.660034454249687179e-04
2.869140339274144644e-04
2.325664077434108251e-06
1.580222731750202951e-08
6.860171963627463229e-05
8.158170923310739716e-06
4.373025707243768957e-06
1.885710972433110810e-05
1.176206871948075761e-03
3.845308383249111239e-03
7.753249176405214906e-04
8.538500441011216994e-04
3.530324921102778518e-04
5.665293844343766844e-03
5.445026507469769711e-03
7.872858957909293492e-03
1.592818263097037614e-04
4.152904766583001735e-03
4.894298275176025247e-03
3.680861444850937886e-03
8.071095946333053939e-03
1.760547312764174695e-03
2.673858269062891636e-03
9.253880423385419524e-03
6.728857754156077195e-04
1.961233990465596419e-03
4.239928074224231266e-04
3.908516889765842285e-04
2.446215932572746304e-03
1.986721491669770322e-03
1.195047891381184222e-03
1.112015549588959464e-02
2.218231852993980766e-03
7.292922542584699469e-04
7.529557588524168312e-06
2.425125420485035063e-04
1.979985896643515590e-03
4.246047184506783197e-04
2.736854755998313800e-03
1.255914051490039348e-03
2.731651208296051285e-03
3.515393797223690503e-04
4.002379247198859609e-04
3.487473408206757860e-05
2.212852748534939289e-03
1.583565751494458236e-04
1.247605532454244479e-03
3.194287134231808475e-04
2.280299984797228528e-03
9.837863717267769127e-04
6.235541244046590326e-05
1.332814585098267886e-03
1.055165819270871682e-03
4.084370163102695882e-04
5.424342707981344089e-04
1.849313818367086552e-03
5.701920659457929532e-04
6.347671679902131599e-04
7.927405142518576800e-04
3.334827670314813699e-04
3.945451068139359490e-04
6.909011127329294953e-04
3.538371284309193491e-04
8.430695608988204469e-04
9.246420117382002975e-04
6.757995438032546364e-04
4.458844583326528250e-04
4.865451278274040550e-04
5.425137002875845410e-04
5.860979527892758037e-04
6.311788843693874346e-04
7.301224784254185720e-04
7.385977067048525319e-04
5.885870987517957025e-04
5.765570828941542171e-04
2.209548858117808183e-04
7.763954432813030852e-04
6.646107538817503692e-04
2.326778334241318808e-04
2.229024998925344862e-04
1.280572066592964707e-04
1.965294260295183328e-04
9.173691347417895219e-05
5.882270517218392454e-05
1.318704858421828599e-04
5.932338162934484616e-05
5.999174423131039722e-05
5.775938401838370242e-05
7.031354716807934862e-05
1.467514510795975887e-04
4.642794213017725530e-04
5.420117880011398291e-04
8.386983927335846115e-04
1.799114449513522312e-04
1.657344064214978652e-04
7.416161701856422263e-05
1.757988995043688980e-04
3.993726706428454539e-04
1.104649345507470698e-04
7.303674195360795917e-04
4.869425639994730748e-04
4.756021527756861764e-05
3.187245618468631487e-05
1.255736560301445810e-05
1.940423442017204721e-06
1.792084086864672324e-05
2.019900615215700470e-06
2.913321774437439450e-05
1.130520741292650495e-06
1.166241356640027242e-06
7.399846615234773049e-06
4.891529172548234295e-09
8.320933152577081228e-07
1.880843126156754764e-05
1.115094417612445369e-06
6.893301417811336527e-06
8.694380594649817410e-10
4.818682246720026878e-10
3.516111931858976225e-10
3.282363919797350587e-09
2.760073424051492497e-14
2.132635605798643058e-15
6.278578161572471081e-19
1.777891091812884695e-18
8.901693141782583450e-18
4.351516101217583997e-16
3.167727878067248281e-20
3.624774829780271988e-17
1.171572077430826804e-15
2.516090344875128057e-14
2.158478640527474457e-14
3.731953082577982367e-18
4.615801213705713809e-23
1.483522212527949448e-30
4.488828687570942685e-30
2.514981192130315612e-32
5.950182791439072211e-10
2.054885184207951175e-10
1.306516949038644501e-08
1.173281728039644203e-10
1.725043858420441999e-13
1.285179314193442634e-05
5.151997340321453301e-06
1.124337208752488642e-09
3.584249762740380713e-06
3.075079078865724127e-06
1.036190984512839154e-08
3.556748712286149101e-05
1.689258902625560030e-04
6.703945162768164459e-06
4.522578350609343789e-06
4.513583419206565464e-06
4.456255197532136430e-05
8.997032895510021411e-06
6.930267198552494262e-04
1.262076096019367470e-06
8.668843739179675818e-10
2.269852857038865949e-07
4.996828628889756697e-06
1.030634944313440306e-07
9.027827551938625245e-07
3.875043217114730490e-05
3.853140876921082474e-10
1.482257552679693658e-05
2.963192097984148824e-06
4.380420239092457904e-05
5.828929073961542600e-06
9.184452379651801227e-07
1.037765260414069746e-06
5.971447959934451623e-05
7.225679708263740939e-05
4.959555789233309666e-06
2.086369163879896402e-05
2.772230818901722574e-06
6.001218405238235116e-05
2.417847636177652841e-06
1.365131180680889688e-05
3.793231222402700982e-05
2.136513810654281861e-04
2.249607849175495639e-04
1.199920547237488875e-04
2.324236558853258353e-05
1.989717778996321840e-05
2.053767140099271448e-05
3.160010499080700953e-06
2.080015824673247754e-05
8.407953117360864236e-08
3.735308354653667388e-08
6.530981957361869157e-08
4.981243689796760095e-07
5.009664153281277969e-10
8.704130560380603582e-07
1.152581141683721625e-08
3.040483066914959653e-09
1.763778074792430064e-06
1.484318162825300080e-09
3.489283009189497659e-06
2.578043051225431174e-06
5.160512906064688996e-09
4.416700922447565492e-07
3.995664099987107341e-07
1.728118394561276261e-06
8.930846747233804454e-09
3.456414134969876537e-10
4.733109189916351687e-09
8.667619858429699035e-10
1.001076227277591624e-09
6.151522727618702784e-07
3.498337210328447734e-06
1.164078429564550845e-05
2.496446816335504173e-06
2.030969606668835196e-06
5.722143549737121027e-07
1.316710888603836545e-05
8.177754756866770154e-06
1.108214271507424316e-04
1.014725430842532616e-04
1.571616675869858632e-04
2.307591414920998876e-05
2.698194987240019763e-08
9.193142767148991338e-07
8.827155921593394475e-06
4.936197502149700941e-05
3.938148209634642367e-04
1.418800707609764954e-04
4.950026403759849749e-06
5.817731015714809799e-07
1.918744302810887963e-07
5.612796236310097933e-09
8.296702127663172664e-10
4.682757655050714305e-10
1.730972680958277641e-10
3.181216695428037080e-10
1.599518912708270625e-10
3.683190508537905429e-11
5.905675066028067896e-10
4.805096094965193024e-10
1.296569095188123207e-10
1.153225125118514481e-11
1.492041278077645609e-10
2.034901684250893123e-10
1.903339800896772355e-10
2.857490655909105813e-12
5.298751803842178138e-09
2.276951399529859349e-10
7.628270168033674531e-10
1.611982477181443620e-09
1.151386917071146646e-10
3.797395754674018711e-12
2.374848027683661299e-15
8.354953863917219051e-14
1.487076563693317041e-11
1.413860338034920888e-12
3.205007128375182140e-11
5.096780368720667429e-12
1.102211479666979003e-14
2.539893121416124690e-14
4.832217334639015774e-13
4.895890217971300550e-10
2.529164688176522487e-11
6.006738551604401698e-13
9.500243004398736994e-07
6.178468655054014181e-04
1.571634874035962018e-04
7.249997111819771448e-06
3.161391063482117615e-04
1.207989926676731597e-05
4.738988660045001817e-06
1.699563640141152140e-05
7.317530799284090668e-07
8.795515306744403810e-04
4.418784328055043128e-04
4.485194428324075195e-06
8.337787131241545884e-06
2.098754812148029693e-04
6.984833461801645451e-05
1.335952056247447948e-04
5.895136178266528531e-04
2.663122998279192477e-05
2.988658340140589110e-05
5.655195885624951860e-04
2.142068013505756541e-05
5.970238741171715451e-06
9.474014909161635736e-04
9.818050833141301270e-05
2.848051306464083050e-04
1.075113944039451800e-04
2.029584383541439894e-04
7.811000636107598199e-05
5.013348347670073439e-04
4.326043556997758474e-04
2.859459456160328721e-07
1.526456231265842678e-08
3.291662311012535923e-07
3.937613715299424548e-06
1.178311180210448843e-06
6.435995147967092916e-05
9.451467369598551000e-05
1.367892154653265239e-04
1.072120654281393700e-05
2.294593083220863608e-05
1.673662821687411752e-05
3.769029492514556421e-05
8.478107732863946367e-05
3.412785787098049790e-05
2.059259438090764360e-05
7.526214854187279757e-05
9.260064904743102248e-05
6.009915775251485192e-04
4.317202457932724203e-04
7.962259240010692487e-04
3.305475956602665997e-04
6.574776984397533598e-04
3.864172754542172261e-04
1.063941907352497279e-03
5.745240441105777971e-04
1.607708802375205350e-05
1.217057667385572058e-03
2.408499663161752001e-05
1.647968969090295283e-05
2.532078833865222611e-06
3.331754626198587426e-05
9.673689323333099665e-06
5.692568793155893993e-07
2.331681597966560584e-05
8.752315390883208207e-08
9.299755610290325418e-07
1.066902018894067488e-07
1.989958307651625900e-07
2.462563009148233842e-07
5.306005362482063677e-07
7.505675040624954958e-07
1.303896207006795138e-06
1.786392004264307571e-05
3.004228038906674983e-05
2.986825673090880063e-06
3.801768337232510529e-07
2.644762499142218591e-08
7.792194465321094732e-08
2.928804878938673899e-07
1.035085946934368077e-06
1.350693967996500458e-06
2.829181041820750042e-06
1.942120335010367530e-05
2.915532521322517107e-06
1.179797982012927207e-06
3.169516067202813236e-05
8.728268903830116318e-06
6.131549746051953261e-05
3.290014185856537873e-06
8.473159525062962908e-05
5.151879954050704754e-06
2.122383330887275575e-06
6.578748317184942914e-06
1.287909428276894747e-04
4.191509206535738545e-04
5.158221451442758119e-04
6.948015208434646185e-07
4.520766756656185471e-04
1.837533837067911540e-04
3.370019335235239664e-04
2.215184690340708893e-04
3.008003066331230269e-05
6.745391643233085160e-13
1.072445477516021240e-05
7.115395675968251912e-04
3.360568876490474413e-05
1.028882222802257620e-06
6.487333260383326248e-12
3.329067201645228382e-12
2.194158287738086242e-11
3.470447536886455461e-06
1.335997775025409375e-06
6.619496736752183670e-04
1.289779141549793031e-05
9.466797241018568853e-06
5.365639164772955794e-06
9.558829250289294657e-06
8.407858300828093234e-09
4.765124374395812560e-04
3.378415998709220856e-03
8.412677106444317902e-04
7.902281911951659519e-04
1.929824424319827769e-04
5.841901052116936889e-04
1.458122652154345781e-03
2.256302892604243964e-05
5.302495711244051453e-04
4.217243589490854199e-15
5.718210136638560262e-12
1.574789072753365772e-11
2.184884047493431134e-11
4.437220735723882477e-10
3.432222071441084653e-11
1.257496155322704259e-06
3.486017100842169224e-06
1.227301094902422501e-05
4.349210140994797578e-06
1.399597012698634336e-04
6.201984575589152422e-07
3.182724669892666057e-06
1.728601042563878080e-08
1.456572257627572181e-09
1.394948063927172032e-12
1.550617477778475431e-03
8.465777783780177159e-07
1.435262370825358774e-06
2.891295590529137130e-05
6.290356600753573934e-05
4.427499379994741940e-04
2.281053902302440130e-03
2.969076671991749861e-04
1.081646600333761778e-03
1.180468091769067823e-05
2.699066862052458462e-03
6.210323804099026474e-05
2.328916110456732073e-06
5.917138704824030353e-06
1.074294556401475340e-05
4.462967741328755273e-17
1.612322936440630229e-07
3.814878577991900524e-05
7.795746028766107651e-03
2.118388877904512236e-03
8.492965922470225773e-06
8.147253805326930940e-06
6.004880138077307228e-10
1.788042099241693658e-06
1.779583636636115868e-05
2.039703892505948572e-07
2.425821031406753312e-05
2.460710615013149077e-05
5.677633227226476422e-04
1.478687110966866135e-03
1.544425007466981555e-03
1.281372937366168642e-05
5.657815797635611706e-04
2.264859971121678279e-04
9.510108042464127023e-04
1.545999310645809784e-05
5.780527360126452678e-04
1.058994534605094546e-04
1.432769515711069679e-06
5.558174640054333002e-05
5.041935754543394013e-05
5.513818570476563081e-09
4.702112278666487783e-07
3.003185530951422689e-06
5.819887084247966686e-07
1.366537111039253209e-06
4.325681378997989949e-10
5.951814350094859921e-10
7.230490448933273939e-11
2.522576444157516454e-11
5.064880722530029414e-16
2.986000783323375091e-19
1.001328817698800925e-12
4.217701335860994987e-12
3.199436197386460427e-14
9.040398150505711764e-11
6.214871288022077880e-12
4.484210556581787023e-13
9.000021108994715294e-11
6.393923208532542211e-12
5.802007379677978560e-15
2.274197307835243341e-11
5.603105374722562510e-11
1.702203293771384638e-11
4.143686971122050870e-08
1.985794559863321863e-05
2.927977066295311885e-06
1.486666987033326368e-03
7.699245039204886260e-04
6.065998238031716045e-04
1.682852281513447842e-03
2.998275772651540303e-03
8.624404136156336650e-03
2.035024317952918195e-03
4.365504669642612280e-03
1.560707810260132796e-03
3.630027399055747294e-03
4.176100554965009033e-04
1.965930671806412716e-05
4.890761771327695705e-04
5.665598168586486556e-04
9.244505619989888776e-06
1.040186570228891678e-05
5.803000669662519012e-03
2.708753293393756064e-04
5.526203208847631286e-06
2.344576821960396140e-03
1.868975795473917572e-03
6.260169348827355346e-04
5.889627232728513904e-04
5.278525358233667831e-04
5.915369456450212012e-04
1.357331764073109719e-03
5.489477170073859061e-04
2.819981463469463812e-04
1.013179511017142567e-03
6.135030094192317224e-04
4.870695355914658395e-04
4.483843288163138260e-04
1.695923134090375581e-04
8.519188033760369575e-05
2.297322962220459857e-04
4.423013320503842377e-04
1.416457598026276104e-04
7.668526353447556974e-04
5.266659535402113627e-04
2.521390000507511223e-03
4.594282333297649667e-04
1.870746328604074677e-03
3.205964192540984299e-04
7.932470179928522878e-04
3.108226638237488316e-04
6.474497213846823777e-04
1.196621960718406230e-03
7.315627530133584277e-04
4.327013190456865878e-04
7.381161722432131060e-04
3.253562861943626924e-03
6.667518509757114874e-04
7.048670645562804863e-05
8.082806486687527786e-05
2.214377116182130809e-05
2.548754975245080912e-05
4.269422070529273884e-15
5.526106680130063970e-10
6.179309837256613573e-12
5.184107784652939211e-15
8.068043439522821303e-12
3.031019149861731778e-10
4.457602382983247813e-09
8.981229265150831367e-10
4.008669494016316042e-13
4.018216403439751655e-11
3.840601123320228821e-10
2.824185105210502944e-10
9.836132024143938381e-16
2.659185045331856419e-14
7.276450290109648956e-08
6.860460544597699718e-07
3.198973179334480184e-06
3.528473820163092900e-10
7.134368727165774294e-08
1.641772699574144443e-11
7.928086610322532379e-19
4.512292012610438146e-17
1.348178325871812690e-16
1.797038585001646976e-24
4.873091180711705806e-22
6.675383138302632697e-30
4.312117931637103714e-14
1.579012959448786653e-10
3.632377211346600280e-11
9.214475959597811763e-10
5.409054290409543979e-11
8.005675149490565930e-07
5.185832475075181090e-07
3.985476709751985816e-10
5.581197235633688910e-08
1.952976819173718305e-05
2.659464883029215328e-05
5.127235642801058019e-13
3.383714474626653087e-11
1.535328364219900593e-05
1.562917872893980098e-06
1.336110772391610728e-09
2.313020277026270961e-10
1.381276279427984117e-10
1.662081524765110841e-05
3.988925446763835024e-17
4.687722937935411382e-14
1.452309456826148236e-07
4.613968623997783500e-08
1.482600859505729496e-05
1.852588053110946366e-09
6.341987770977801443e-11
3.027238766740282296e-11
1.937911523276254478e-11
2.067053374575945628e-12
2.308277492481439268e-11
2.955998821131099585e-11
2.016823070643114547e-12
2.995480084939301984e-16
2.376052790034027727e-16
3.326610806203363389e-18
5.922689488330925038e-15
9.610199322525627299e-16
2.134484829709207381e-18
3.872335687446995599e-22
6.468887036684524705e-24
3.112447165436741980e-05
7.072701930683771997e-05
5.464465394126826693e-15
4.498136566252034886e-11
2.239582751339302031e-11
1.531490770016815284e-11
7.351046173335426323e-12
2.728727374215009234e-14
6.859474642262656181e-11
3.999147902987028980e-11
4.775487154188310475e-10
8.655807615211762517e-10
9.375791393815661063e-06
3.852225907277001063e-09
6.023802323574084283e-10
1.609683908864835555e-05
1.758178274606497703e-08
9.931929446248673345e-10
2.607876315660530483e-06
2.702560817521828862e-06
7.355463766099423405e-10
3.632997829044636396e-09
3.118294390092521993e-11
2.316664758344659288e-10
8.977350797209330073e-12
8.334355960398034759e-11
1.122686617861908532e-10
1.027292479485045780e-05
4.157713838898389856e-06
1.225191231597212802e-07
4.457585022584583583e-06
8.423383667262428323e-09
9.821153990535338404e-10
1.143341900764875652e-10
8.382854811896998899e-06
2.070604292497397682e-06
8.241037065261670876e-14
3.093879185031118787e-12
2.554804457658567744e-11
2.503194809538125438e-12
1.027382690925109067e-15
5.950247571379827221e-04
9.498527015435136286e-05
1.045497956405166788e-02
4.580295078343165385e-05
9.557743898769075196e-06
3.946395550687338289e-05
6.210436583463405912e-07
3.146813433498612520e-07
1.652459882418419463e-06
9.306713159155097833e-06
8.022886000688557570e-05
3.637449599767005412e-06
2.036713585929965056e-06
3.606041498789826615e-07
1.552019999878301532e-06
1.109385935148788732e-04
1.189099061034839746e-04
3.130562516220657457e-05
1.920692823642950860e-05
1.216344070221433738e-04
7.827019992167785322e-05
1.742926030407699798e-04
9.609266432995226955e-05
5.997930893192058216e-05
8.053118024133954986e-03
1.245555936373152726e-02
8.953859721404299843e-05
8.092875447464574479e-05
1.238920981047193749e-04
1.321924252420298730e-04
4.142364734490004187e-05
5.720077922773696328e-05
3.201423410297453901e-07
8.887099444250893805e-06
2.072170133108216147e-07
3.139288543833737626e-05
9.152008970354362938e-06
1.428656850653589280e-05
3.391637158400060103e-05
1.655339038022950703e-03
5.685117543551893764e-05
6.053078903538810325e-04
4.454414627844732115e-05
2.061972582542879613e-05
3.380448830642216314e-06
1.934668310223703952e-07
8.787207511138884775e-09
1.786410020311410019e-05
9.657511485878160051e-06
5.572988261561625541e-06
2.824495215119177965e-05
7.428848126918915884e-11
9.746550215091371498e-12
3.807318270002665990e-10
2.176249641611374749e-11
3.029561019901708840e-06
9.408410243364885263e-06
1.022666857551821888e-05
5.485879821239332977e-04
3.178570536514123629e-04
6.730285505385264367e-04
3.141411882602218510e-04
1.126221632376876378e-02
3.149601277783951794e-03
1.722318453756597860e-03
9.416213620343574786e-03
1.090676419460738511e-02
5.959053587169072658e-03
6.533336360932816451e-03
4.269848351714599852e-03
2.243225915918062915e-03
5.800315280690311603e-04
2.490412944359463574e-04
5.632706341100914439e-09
3.406035310117764412e-09
1.726271217991080779e-07
1.385578664128897167e-10
1.733946810318142608e-10
3.336148596370801922e-08
2.069262075231860021e-06
1.495250245673273602e-06
4.794263991534030388e-05
2.444096504495745566e-06
2.756364211750060328e-05
2.963868702220593363e-10
4.811923018973760106e-10
2.975382412316691462e-10
3.399188450234642960e-10
1.130814440668792147e-09
4.597153960032470926e-10
1.680543906407403967e-18
4.370851369381298369e-19
3.669638241491905408e-16
6.958367158706019741e-13
5.941142705330545748e-13
2.642311344007765260e-10
1.415343920670280212e-08
4.372712245945471194e-16
1.040534399943170229e-15
3.516132752654907039e-16
1.462468323320635363e-13
4.552535314789872646e-11
2.016829994602450452e-11
2.736074524497924362e-10
6.352338718143117294e-11
6.793926737033026945e-11
9.185822098849618648e-11
8.261809041696770149e-11
5.424584298008233895e-08
8.869860624894305516e-07
2.450422158243053524e-11
6.449716487437818574e-12
1.284797461158988612e-08
3.430717563966460187e-10
7.330372632323704527e-11
1.821002484751750008e-12
4.012199325113900653e-11
1.920927160687671114e-07
1.493231480331846763e-06
2.297289168468887051e-06
3.652809668026661699e-09
1.647431443242747595e-07
8.850030919444714514e-12
2.579936594568243754e-13
1.258711885435717502e-11
1.126057880467260998e-14
2.908234414709181616e-11
1.569281791415478203e-06
1.932560927062041950e-06
7.397641386942863286e-11
1.202154838792462984e-07
1.864847183098145574e-06
8.560877433661817564e-09
3.867737490850465638e-06
4.501498379162759584e-05
1.137144956163280707e-05
2.358233889245841718e-06
3.262750935255293917e-04
1.394053472107755094e-04
1.915229548038677992e-05
4.346659376928713073e-04
4.718024194922780930e-05
3.041067952606755142e-04
6.898776031902549956e-04
5.973900176463811532e-04
2.168448109169276820e-04
2.292183540862050722e-04
5.699058932328519411e-04
3.130254996064704985e-05
5.593808831579899369e-04
1.348854344516133230e-05
4.633962803024062381e-06
4.883582203882811269e-04
6.892161858424837454e-04
3.291069216133374743e-04
4.605605150708044163e-04
1.017756065600068053e-04
1.455177924970929158e-04
4.837876484060335720e-05
3.684094955270906494e-04
3.070202281169128729e-07
1.977130750978407124e-10
4.882016307261167979e-07
1.340509482559070602e-07
9.637182076516975053e-09
4.423709927926564052e-06
6.396479523537114627e-06
4.743170092934673008e-05
1.435672114320427073e-05
5.308273154852977304e-07
1.453371123935436140e-05
3.410243603485895564e-05
2.654306544610934848e-04
4.539362702755504199e-04
5.890058430557557154e-04
3.688517353323290536e-05
4.233533135220367391e-04
1.356579906506912052e-05
1.412729333172221846e-04
4.833628500299837769e-04
5.297645166580345178e-10
4.061982836157808986e-08
1.078849175696284986e-08
1.129420586277617922e-09
1.417755618220167431e-08
4.335760085271235519e-07
4.298963582400684780e-06
6.927290555464252495e-10
1.200839914881183494e-12
4.239916453066398216e-11
2.354108979878284179e-11
4.993008880711072350e-13
1.888646087259491298e-11
5.389111374316341597e-11
4.001431961040100907e-13
1.528800648250125660e-15
1.304762671631220146e-14
1.576013771338210876e-15
1.035477123343074395e-03
8.677988074978809789e-07
2.306613652721303982e-03
4.540026036984745952e-03
2.279319676134093566e-04
1.558871874114535776e-04
7.790205565019613532e-05
8.591000541118088492e-05
2.145336862627038668e-03
2.280277839576579958e-03
1.111295464266066554e-03
2.785169941351665120e-03
1.919468131699716799e-03
4.352657751464566256e-04
2.264725626586831016e-03
4.686509852121755262e-03
2.615755589128414011e-03
8.152588370526201627e-04
1.072134346592256365e-04
3.041334902552065992e-04
4.224058994960920230e-04
4.185790758577112580e-04
1.101172056038806496e-03
8.408596217248768840e-04
6.851921273621978774e-04
4.222317483666833101e-04
1.021987670602280546e-03
1.123210987763312416e-04
5.692567886089935090e-04
2.550691525824705722e-03
1.693412669947607361e-04
5.868993123559903494e-04
1.598710960327574121e-03
7.336361400174177660e-04
6.998745401366262230e-05
4.800574875543335909e-06
3.128894318956729041e-05
3.243670512264897586e-05
8.808981660211159033e-05
8.258609372002852507e-06
2.754019665636416818e-06
7.683798931151889587e-06
8.393153337921188128e-06
2.405155196089200579e-06
5.106111903886388422e-06
3.156460865972397209e-06
1.349574602504020828e-04
6.156361355994476333e-07
4.722671537342081978e-06
1.365564573150612012e-06
1.244472500768292647e-06
5.869415395545077688e-06
5.532522272068528951e-03
1.092824596447855567e-03
9.075810622265095481e-03
9.431127658875902708e-03
3.694323599659716449e-05
4.009801215029663250e-04
1.851662115660042690e-06
1.479271819820574938e-06
7.048588021635530312e-07
1.867822349108642779e-07
1.801170787861161136e-08
1.135923952136784451e-06
1.901916863230046342e-06
2.455257771955230651e-06
2.242376968264702249e-05
4.237552571612513128e-06
2.006790667449534575e-05
1.742724751762319611e-05
6.641505208705813185e-07
5.626122252341567783e-05
9.803022900250881811e-05
4.261285126171425716e-06
1.168971884797601035e-12
4.272386637819469490e-08
8.449543273166833374e-38
6.466262249764348967e-11
1.065400060106250233e-10
1.260285232608081437e-04
6.520745151926230614e-06
7.153627897633167586e-06
1.169900505687407680e-02
7.360136286217674757e-04
2.979452767395877422e-05
3.984040056223479403e-06
1.227071533273475931e-04
1.144611902334485013e-04
2.153539248834673331e-06
4.094904583342238134e-03
7.538243456662592316e-03
1.129475913754982280e-03
1.628411855280170436e-03
5.061120152708622338e-03
4.458411898151652675e-03
5.836059525995100599e-06
5.817232480806648707e-04
1.521853152099426681e-05
3.273093430711994530e-04
1.245060927084401525e-03
8.738900381441367580e-06
4.701713191785362490e-03
1.175283303236192073e-03
3.966111930945798777e-04
1.025646722661127316e-02
9.804522029376806086e-03
7.783860042015697429e-03
4.065765496295890499e-03
4.807435910520681081e-03
2.581440263652460491e-03
3.322951823570398713e-04
5.355814773267113076e-03
2.175188711392171074e-03
4.614233962103195426e-03
1.905191518858402513e-03
2.245299827216254776e-03
1.268204401640006345e-04
1.621580272474712080e-04
1.907824103269594395e-04
4.949531971037871708e-03
5.455536965767537969e-04
5.090083892511655372e-11
1.492550083247140572e-11
7.089677545945888671e-10
5.604900065459327326e-09
1.794968102100828392e-05
5.724073901832154866e-07
1.754578546601411973e-08
3.239598798337531465e-09
9.409505410664436686e-08
4.723038468621880288e-06
1.137725999160258160e-07
3.659293880014708183e-08
1.396004720746132026e-11
9.622390079150019700e-11
1.445349937913968162e-13
6.712035808406611668e-11
6.932365509953466030e-12
1.328981197854979816e-04
1.825933370845405561e-04
6.742465887297378207e-05
5.566524765546285863e-05
8.513198978747174509e-09
4.492877717505664652e-10
2.690159017320784145e-10
3.890750544191134592e-10
2.443719710439765780e-10
3.847960238745195291e-10
3.413800453616631337e-11
1.571503883162957321e-10
5.769436232161796935e-13
6.016282934320679551e-10
3.555286872685986173e-08
5.012089844543810140e-10
2.633042525409536256e-14
5.740182740972590916e-19
3.196983448424362660e-15
2.470697041571324774e-15
1.166539664800191853e-18
8.612633757695076034e-15
8.632697092020822449e-13
4.519974050351446257e-17
1.622151714631871215e-13
2.131214475475995007e-13
1.109939960301964051e-11
1.501458671255671788e-11
3.438779712378378052e-15
1.679427146401584495e-11
3.894024714249666818e-10
7.352083627042156848e-13
4.615491061808904698e-12
4.939394243293131448e-09
9.790450402803440787e-09
4.523786748442333962e-10
4.685024722931552549e-11
8.319274347906126332e-11
8.333877156448569870e-10
3.554274334890044067e-11
2.600577914319805888e-11
1.096804158595841594e-11
2.178295146474858119e-10
1.118158421126330467e-10
4.962949760431469797e-14
9.720261567750146808e-11
5.300707238949182733e-10
2.948879342556371297e-10
1.620165750645077023e-06
1.038106207390015126e-09
1.341811578968107390e-11
1.697902358654023527e-06
2.090588541135441186e-06
3.231157009385471869e-06
4.770622036797340427e-04
3.088733201228999989e-05
6.379660910566032402e-04
5.052298039568835435e-07
5.392276963618029031e-05
2.311332666766454448e-05
4.251615783497932316e-05
7.206816576442862881e-06
3.660729009628127116e-04
3.383589778595063962e-04
1.356535920027592435e-04
3.399450199443878554e-04
3.544749825053443296e-05
4.003109501199270748e-07
1.891636143775681932e-05
2.487535205349806418e-06
6.618435160869865233e-06
4.846166777592261053e-06
1.956469775318901949e-05
5.170891261294579882e-05
1.186127742665108490e-05
1.805217633755510830e-06
1.471102483128474985e-06
1.424601979370359879e-07
4.420457320927937767e-07
5.351848833953069557e-04
1.525786869199258634e-04
1.865403389111405655e-04
5.354569831405610585e-05
2.753870903080171792e-04
2.081799020826746586e-04
1.713605381654928679e-04
6.253090600264420412e-04
1.576157475322312665e-04
8.091397398429618572e-05
4.873672663860263536e-04
4.684601508106738828e-05
3.911525480391056585e-04
5.320173876659880006e-05
1.641871641289900674e-04
2.144375327055577729e-04
6.510665439406562467e-04
1.095566120804436678e-04
6.004985887329209035e-04
3.749652998823458831e-05
3.464029312156598753e-05
3.796243239330618482e-05
5.953729105096724778e-04
6.578977320739505931e-05
2.669441279432916195e-04
5.057358848133783634e-05
6.331968592445953291e-05
2.614600605147161024e-05
7.098469957937148271e-04
1.270787287993200253e-04
6.210737167081393237e-04
3.381208304034444070e-30
2.710189376244612093e-25
1.491336896751560248e-11
1.093570172158989341e-14
7.725477844376678254e-13
5.792569884946511723e-06
4.033201039523879798e-15
3.728018139659542329e-04
1.351255297714405745e-04
3.259630610718563211e-07
5.737725038265001577e-06
1.232074869817919605e-09
5.965145322577648246e-06
5.017504732895527196e-11
4.817792840943602564e-11
8.311702460059758991e-10
2.624947722741050485e-05
2.284524645291607014e-06
4.924820459644817759e-03
6.019598822983813829e-04
7.161280390875666372e-04
1.234496165167710529e-03
7.319254524938381039e-04
1.038479980189565909e-05
5.138710028019786470e-04
3.090952857079373202e-09
4.138459728344957600e-05
2.759153681869726943e-05
3.120539900198444382e-10
2.587145915846360451e-04
2.675264682667210527e-04
1.070480096350054762e-04
8.371012247970802632e-05
1.303069670525441176e-04
1.964556506424960526e-05
2.213557592230759323e-05
9.154541762110346220e-07
7.592197720951826268e-10
4.623375356846081840e-10
4.405347903207664393e-10
2.785005866102790913e-12
5.407720988400792082e-11
1.406229842094334717e-06
6.717857302513897958e-11
4.139510715686323626e-06
1.282054288534994753e-04
1.211703399665670306e-03
1.373564156403901410e-03
6.760977733517884065e-03
6.210473153178065059e-03
6.237938809440105384e-04
4.723418452957251629e-04
6.332723566891886469e-04
2.987523460220648441e-04
2.168821225134923148e-06
5.298329406101174591e-06
8.394033867767120753e-12
6.686496025835310633e-08
6.384749164078748103e-07
7.609413303630771684e-11
3.435536823920804189e-04
9.068266280036297114e-05
1.940939423871475975e-07
6.227363984145827401e-06
1.132026066123257521e-09
6.726938028612944103e-14
1.543811577736611093e-06
5.668495621550276943e-05
6.622496596503433088e-04
1.454690889218923571e-05
4.624778424377108503e-03
3.601825039792248394e-03
3.172910447131577285e-07
7.257263188588260398e-07
1.525837835674594183e-07
5.351195189083582555e-04
9.461587195782231283e-05
1.068698028102937930e-07
4.070762549985270887e-06
1.571073763014130427e-04
9.683553614840342827e-03
8.002741498805974671e-03
3.004917545132410311e-03
4.186774008592674410e-05
1.836019109447792341e-03
7.880460374631828749e-10
2.677935540025396189e-12
5.546423573027977420e-11
5.391985010946098590e-10
7.248169019664927029e-12
2.750044795591194166e-05
5.863944046342562603e-05
7.520265997966854049e-10
1.754470846989617580e-15
8.958543840967839655e-04
2.061066774079625433e-12
4.657801214449510029e-11
2.291701473248597716e-15
1.130024695796195377e-11
2.031990052267990639e-07
8.476812160403834402e-11
1.579852828048529106e-12
6.260880787345733418e-08
2.249983361945497467e-10
1.756780520753953680e-04
2.002043338499779593e-04
4.875329533534977018e-04
4.982287955219661227e-06
2.963753308341899273e-06
4.350513828752151945e-04
3.463259531394344867e-05
9.411010478199439495e-07
8.955437958469944483e-11
1.665966981704645717e-09
1.307695731630912136e-06
1.027384666019726567e-09
1.758111165008902904e-09
1.315282922985959500e-05
1.709279890440124660e-06
7.117344081137744367e-04
2.243586757547896791e-05
3.937680247601815914e-10
2.226784668238390421e-10
1.042760375775965250e-09
2.045896182616713943e-05
1.503304287662145709e-17
2.293999441864430688e-14
2.162984886049766324e-12
4.515724556669593591e-18
2.641492103279225673e-11
2.026484838178675369e-13
1.196277610551078530e-11
7.548109136216631436e-16
2.705669789557685364e-11
5.124756504738502589e-12
4.817157984133021204e-10
6.518687929850749360e-10
9.567921859870439316e-09
7.514348053337392786e-08
2.756281847852638364e-05
2.268079018970930577e-07
3.196856765678436732e-05
2.630863902547097275e-04
3.033059977948848902e-10
1.053227945457386159e-05
5.207599088566974075e-09
3.757955009083359578e-05
1.043810110221960942e-05
1.713856947706085575e-04
8.798111094900350768e-04
1.484726912644730419e-03
1.077556231154751869e-05
9.537911552263540920e-06
2.218095498317557698e-06
1.563857104470401879e-04
2.229630533976712046e-03
2.023536374888822501e-03
7.597335611682207905e-04
6.253567095128008142e-04
6.411648496725320424e-04
1.496162224905473197e-04
2.240411356534806277e-04
1.245614291608340086e-05
1.563349684410129600e-03
5.785156699272783407e-03
9.022948652594786623e-03
1.074879925555591092e-03
2.916807366207015010e-04
5.766876452116651182e-03
5.227623504404881180e-05
3.448524215040968822e-06
1.720800659165333285e-10
1.514065317928040383e-07
1.577215553618870964e-06
4.578875625358206345e-04
8.201542835342913364e-04
2.426265233661440877e-04
2.345249328722474468e-04
2.690928978597094509e-04
7.950502455565469379e-04
6.803209167378598777e-04
7.790604776373913744e-04
3.474824092577080074e-16
3.679008224277818079e-20
8.421866953439807855e-20
2.456959746363541447e-05
1.384214547404721912e-05
4.168358982652289006e-07
4.818818272181531580e-07
2.520593588698487813e-07
2.939968650807872123e-05
4.560047650085451794e-05
3.981439656318220509e-06
1.483896728164955901e-05
1.325298332198142738e-06
6.580586751280936915e-11
1.076380638822880775e-07
3.491867215116921163e-11
1.472113552403514145e-04
7.050735595573019319e-04
7.808743309501359805e-04
2.199191556124465189e-04
2.726033740716969091e-04
3.623014444263013560e-04
3.485961608488457523e-04
5.530188871361386754e-05
1.270402300117192794e-05
1.582088288988294173e-04
3.029754963874552068e-04
4.249243862472602357e-05
3.116380294582344360e-05
3.037997575912010708e-06
1.389969210452509521e-10
1.731117515846713871e-10
4.295768081150040551e-10
3.659761687147590679e-12
2.410460792312581172e-10
9.565393602279438242e-17
1.494487672290318975e-15
1.619086747855283872e-09
2.404372319739452207e-09
2.179916488947379849e-05
2.120603240366339285e-08
4.479859390293301462e-08
2.850773632671688769e-05
1.099409934648804415e-06
1.793344053932861818e-07
7.644550825500654348e-06
5.228595633840966440e-06
2.869403781906949748e-05
2.092527439297996023e-07
6.213815484087604767e-06
1.442929209876579951e-06
6.048408695807270116e-06
4.285415620724050169e-03
1.040579674249049458e-02
1.318218104816562378e-06
9.351161560644903397e-07
4.816571018898616701e-06
2.092486612143175297e-03
1.519251325679800206e-05
1.026408246174269545e-07
2.233480477555827492e-04
9.579453577596715554e-05
1.277608375493334867e-05
1.646904523075401331e-04
8.383429035386895638e-04
2.475161528419442779e-03
1.890643238966084562e-03
5.054689620792252473e-07
4.245292621445203793e-03
6.385030020740646919e-03
4.876134153908407923e-05
7.851613599159165007e-05
4.432012922779377276e-10
1.085481734247789076e-10
1.739978648509707937e-10
4.305973994114800093e-10
1.148987914837178696e-10
1.040084796754565780e-10
1.128270488469054660e-07
9.403341369566100362e-10
9.195342156388841001e-10
1.025979946178217319e-09
3.558872643127005251e-09
1.493297879443115936e-11
9.852071625379763560e-11
6.177449338471342399e-13
1.113393446610704925e-11
3.500970275679929587e-15
2.821103479428642121e-04
3.793565615458445103e-05
1.671542643060130572e-03
6.443117757549876503e-04
4.353449595720365194e-04
7.313944471973376571e-04
7.218625904466301549e-04
6.556545688332259458e-04
3.033621689637534027e-06
5.980282690325603362e-05
9.177220748936151267e-06
5.046097268926309829e-06
7.610561548316317983e-06
3.938692231252068749e-05
5.129234900705884753e-04
2.619901162138603095e-05
7.010225868486846216e-05
1.625034252817109714e-07
5.904029594181352595e-05
1.359293532296627563e-05
5.536436858348140416e-05
2.937673327154460701e-05
6.119966032205090268e-08
3.074477535848127613e-10
2.123952930535076778e-05
8.045448350648475910e-08
3.419114964143245080e-08
7.322327156553153430e-11
5.769888295470539801e-09
4.698490748205811783e-11
4.949422977241430427e-08
6.854683478959890218e-09
1.274214072440678235e-06
4.381740839895467997e-05
3.212612410228480957e-04
1.249149085238788542e-07
1.156760740316822823e-09
1.224338689116336279e-10
6.207946230590606657e-11
3.795308424883241731e-12
3.005003856470738679e-14
2.932694399485070994e-12
1.207254715852224169e-15
1.380228928527243530e-14
4.070215535970887648e-31
3.721817775640890821e-27
1.018300822592868317e-27
1.526397371076109106e-04
2.393581799773849726e-04
8.810218436686746700e-11
1.704218736064623877e-11
5.271207445097811761e-10
9.297381406246956116e-10
3.642406743124789554e-11
2.755932903772496262e-10
5.682559372501289074e-10
2.873125956718493150e-07
1.007761106637540697e-08
3.240402148540037862e-10
3.499829596940384338e-12
1.244424999300497270e-07
3.462304734979684124e-06
6.188879201180693027e-08
1.952528969308475057e-05
1.562801953012826940e-09
1.356747154611217033e-10
3.055426235802722521e-06
4.841028670472289403e-06
3.177573388111542088e-04
4.874541084654563554e-04
1.312815139858241904e-04
9.107245700140305681e-04
2.099855891499950115e-03
1.472708524204923171e-05
7.654846893432435979e-04
1.855078198904984302e-03
3.384853861635693517e-04
1.224989322779607192e-03
6.658598643229039207e-04
6.035920395462289825e-03
3.915272205752553039e-03
1.695546142959820121e-05
9.992360947930609485e-03
1.316518202811221242e-04
7.170634245582531697e-06
1.190615929660620659e-04
5.028965032276703473e-06
1.313205435486308277e-05
4.791547827608741139e-06
2.879749923568303707e-06
9.492025237702290147e-06
1.114438345620586578e-04
6.979012617122115657e-05
1.131734669224947536e-05
2.357558876354547139e-03
9.954387791650120708e-05
5.496108204700269522e-04
2.283415069896730775e-04
2.035874787609771798e-05
2.516912196214723357e-07
6.586746336806802614e-07
5.273163316473461787e-09
1.963259285214163671e-07
1.067500353013167716e-07
9.010585645940833679e-07
4.827222987985764344e-05
6.853370130555420599e-09
7.038044633603815709e-05
1.118531015034462134e-05
1.154571140523888026e-06
7.674858670666274963e-05
2.754172505611569149e-03
2.457232151800399345e-06
3.416394455322720181e-03
9.174511646663219278e-03
2.154152746747100243e-03
2.878672939047539035e-03
2.795261634545118980e-03
1.616288588991307562e-03
1.001532574063419270e-03
2.443341068285767147e-04
7.265107954217939505e-05
4.052883165411992985e-04
4.261387299525019315e-05
8.161143708722533177e-04
5.527139142250037844e-04
5.780179746280204390e-04
4.005144550326913943e-14
6.192765583420254617e-15
1.126218564176991997e-14
1.656928166101964908e-14
2.364843239544124145e-12
6.949513434572066819e-11
7.728350141483228423e-12
4.450577277035638423e-12
1.278075970953377555e-12
2.350840208095133899e-11
5.858805726335540627e-10
4.256279407667339575e-10
5.636041272792017184e-11
3.020046975088051097e-10
2.889325375665373604e-10
4.233594272733860337e-11
8.907926829418824051e-12
1.341268796805568942e-12
1.889787988242023687e-10
2.202454372372103446e-14
1.066863551595702412e-15
1.703721436968100198e-18
2.173811943091483641e-19
