1.025497602834853084e-01
8.767634082168833387e-02
1.658118633752075910e-02
2.282411513670578318e-01
6.577506247338118506e-01
6.065980363216880722e-01
9.981829716588066503e-01
1.009370038860298302e-01
6.543742768165424772e-01
9.831354775309497640e-01
5.242532203062056917e-01
8.763895559598999796e-01
9.144062720375915054e-01
5.417466611080122840e-01
7.137420298123938744e-01
7.098342984284266022e-01
5.962444328450403619e-01
3.352244734536086734e-01
5.661473260205378555e-01
9.308310617428676714e-01
4.877796054773217982e-01
5.351515227181081746e-01
9.783932468744460653e-01
7.440543428886036148e-01
7.327907284803371057e-01
4.016425408687994691e-01
2.721411934589069714e-01
7.174121003911712036e-01
8.392994999149115953e-01
9.178117165059520577e-01
9.378784365927401723e-01
7.413354185456240142e-01
5.898191341028508061e-01
6.186435943999366582e-01
7.147558242611757873e-01
9.862349432611414723e-01
9.805642436022711239e-01
6.425868631140440046e-01
7.145190545364544787e-01
5.460964422723928458e-01
5.226942669015472998e-01
4.409169181473329147e-01
2.177559134326908230e-01
2.873961744620701086e-01
5.687584126072753321e-01
9.975478479387939190e-01
5.450463477610267837e-01
3.364276792331550858e-01
5.706894006801522812e-01
6.542875122169109492e-01
8.298977908349960408e-01
7.200276844207398330e-01
4.718890090328171083e-01
4.214396861307964648e-01
7.509274762338599141e-01
4.425566727495585106e-01
6.156956239721641522e-01
3.054712446789332181e-01
5.717839872563273973e-01
9.506624327964150467e-01
6.933993498280326406e-01
7.142065959074709314e-01
7.760536393338118843e-01
9.979190331377757461e-01
4.429957749064883377e-01
9.273669185234283407e-01
6.294632667246684576e-01
9.454526201911269689e-01
5.680325299185012833e-01
3.492282589902349632e-01
7.369409903141880269e-01
5.229045806123251428e-01
1.665540196398998529e-01
2.144243259555745074e-01
1.850745572402987538e-01
4.333536565449436218e-01
2.679974504508335631e-01
2.948517264175289365e-01
4.378393968248073809e-01
4.204739378319037324e-01
7.412985910326034267e-01
6.431747024114579103e-01
6.988033607780818057e-01
6.554305491945330298e-01
4.682766851545941411e-01
4.506046036697334278e-01
3.280557320579754466e-01
8.667277519380600648e-01
6.234452016999416646e-01
6.450705842178470206e-01
7.032660937136760992e-01
8.110069977527610552e-02
7.223339877663825792e-03
3.714292432800444382e-02
6.631942109498798095e-03
6.576857202244508482e-02
1.453017278083033360e-02
1.108699150725961369e-01
1.590244149028214454e-02
6.300362315594230933e-02
1.060012047420926112e-01
2.432254795170970749e-02
9.155011268773986799e-03
1.919922546510299116e-02
1.756361864308669460e-02
7.923916973071187461e-03
8.081110259801779772e-02
3.662630030411402615e-02
8.320689152787051623e-02
6.628371451398611114e-02
5.474915259632852013e-03
2.599395299679892191e-02
7.297423877763131728e-02
4.108324873974229102e-02
1.027842151636168024e-02
7.409554957703423130e-03
1.906154407044570107e-02
9.856033018614071550e-02
7.610525451917900253e-02
3.023373260432004120e-02
1.011652470228163736e-01
3.455458977129607229e-02
4.241521154649003505e-03
8.043740654759039266e-02
2.815876396179991734e-02
7.376241843078495952e-02
1.106086212677064445e-01
8.715600154635644303e-02
2.774582692545340956e-02
4.285573352642453419e-03
1.082359415653118100e-02
6.384132238858405105e-03
3.165582222163918630e-02
4.811329702493230727e-03
7.607969748126155660e-03
5.079585054496249530e-02
6.680845655207376388e-02
9.110712481944743812e-02
7.673958887545101470e-02
8.887359374407705070e-02
7.142313551658245607e-02
3.606310213780785506e-02
4.756860297958711431e-02
1.261267551395156214e-02
2.353490251732348257e-02
1.046202971299376450e-01
1.820629406525845623e-02
5.370074864479341958e-02
6.963909725183101140e-02
5.805705816120278195e-02
1.103324878115123364e-01
8.832173295340180197e-02
5.925652491976068914e-02
5.850910669139723630e-03
1.373056184596860990e-02
5.372231579626486619e-02
6.765845201994018232e-02
2.702151309792601153e-02
2.632318602433370014e-02
5.509639042117762259e-02
5.050666851555596359e-02
6.800261380687337709e-03
2.684930990415616142e-02
7.309295997947462542e-02
9.811052930027358565e-02
8.834753502359321553e-02
4.443027205930984852e-02
1.897384395864552473e-02
4.580953990290671796e-02
2.872857131152773899e-02
5.006959220984000952e-02
1.100978311899997453e-01
4.987684606641015761e-02
4.447133220408745063e-02
3.270580685373564167e-02
5.601864570221584162e-03
4.858482587086026400e-03
2.840897579171601170e-02
1.472075018102962998e-02
8.568250250962812509e-03
6.906043292909216577e-03
6.727851795541095643e-03
9.349639848655035002e-03
4.940057896563462662e-03
3.642654717108293611e-02
4.562736408090595913e-02
3.160350810502751684e-02
1.424099476216599165e-02
3.851571087456693437e-02
4.635109316578406302e-02
1.004664418955883431e-02
5.249207300899370182e-03
4.044790270972995275e-03
5.569488279305603862e-03
4.064902289653801390e-03
4.194398351627998643e-03
4.690878617466218668e-03
2.757415711468944736e-02
3.551458622654696251e-02
7.403405057319915362e-03
7.891597355097089081e-03
5.909892197945669501e-02
2.363646154272463010e-02
1.962977338375090919e-02
2.844536431748732885e-02
7.275400391685542256e-02
8.480280762950548334e-02
5.644015589343243794e-02
1.018153066818972413e-01
1.089872413218252040e-01
9.813618519855193956e-02
4.801384183872364070e-02
6.845622853029285915e-02
8.831754330295303601e-02
4.407517311450211833e-02
1.069804210507109971e-01
9.875084505859317574e-02
6.434339279309607418e-02
8.325719359646908957e-02
9.068205686516520037e-02
5.778247566805653351e-02
1.105759047771149584e-01
1.864020757126369152e-02
2.911078908570567322e-02
1.714993564512024352e-02
1.308461999178251421e-02
1.070547240939864753e-02
1.686341337026653342e-01
3.491700855360567179e-01
3.232789759268158702e-01
2.788596709903753967e-01
3.871272077352788110e-01
2.304968567793426737e-01
2.320819673868745603e-01
5.702779268151151326e-01
7.185623430147378699e-01
4.442269163993665670e-01
5.230157275888149826e-01
3.295400524901662132e-01
2.662682666981806556e-01
1.856979085372816030e-01
2.459082731575241432e-01
1.380326897369876793e-01
1.598832139426165644e-01
4.458486704568293546e-01
4.118111901631633098e-01
4.128534118151624965e-01
4.152794508262476758e-01
2.263193259486674658e-01
2.559878082408261202e-01
1.305852382978398285e-01
1.796505659434984581e-01
4.059608857467523202e-01
5.237282930160419570e-01
5.584126752197500210e-01
5.800627512499614280e-01
3.653442898546527817e-01
6.180509340802422535e-01
7.140945603524220253e-01
7.202929145608603090e-01
6.560874802533870342e-01
4.541248738882345259e-01
2.201383539624090779e-01
1.031103432101479894e-01
1.720850195072770247e-02
2.723471966098111804e-02
1.414674096567644299e-02
9.893651033390611291e-03
2.242573900763668998e-02
3.023913113064790464e-02
3.147754478489371566e-02
1.788161854469886777e-02
1.781594277516723723e-02
2.570656507587680203e-02
5.158751169963882166e-02
2.022397445017243278e-02
2.417032528604413227e-02
2.310915809466548843e-02
1.347388052389985637e-02
2.197628010187501618e-02
7.995712596934193353e-03
3.754077393004531804e-02
6.311614195083350976e-02
8.060065723673688620e-02
1.011915505402158078e-01
7.061393744811074458e-02
8.709299837351767992e-02
3.566910628397845784e-02
1.122048159305868639e-02
1.651528929685770752e-02
5.140309002999594867e-02
6.472951865700446450e-02
5.874157852559620807e-02
9.810913674346229130e-02
6.936811498655273689e-02
1.094474097122658113e-01
1.047126010696629861e-01
1.054740609056406681e-01
9.814674271599856115e-02
6.252658329009377902e-02
8.091866206888560786e-02
6.896737839572877893e-02
1.026742876203468186e-01
8.216377012943769376e-02
4.208434669464216488e-02
6.297927092700425500e-02
9.525337733325053846e-02
3.935126373325155413e-02
4.448115041473275216e-02
6.675986293936075899e-02
9.850512389913441968e-02
5.574471212987661128e-02
4.750326186237591869e-02
3.532276965545773362e-02
8.270093650311140243e-02
2.479479814990878314e-02
4.085943241628086503e-02
4.570168022531900798e-02
3.252255154926104314e-02
3.985158247332803300e-02
8.449279486014565910e-02
7.078947585048737945e-02
8.859653871445938300e-02
6.578208473384672406e-02
8.183809033848322978e-02
5.686387785716065513e-02
9.261649574161230636e-02
4.148082904496045581e-02
4.622876414723954552e-02
8.449484628254515239e-02
5.942899733599078804e-02
3.957218391479078168e-02
2.300083347974735820e-02
1.782687307156103837e-02
1.588020610968485583e-02
1.078574254964358506e-02
1.036229180087098155e-02
4.877553391000424149e-02
4.087729276282123236e-02
5.547619615075132654e-02
9.478509237343717142e-03
6.929746699823036149e-02
7.787203535178699454e-02
3.976991530225577193e-02
7.608450561892984854e-02
4.530212417950909426e-02
1.030788820442520154e-01
1.046889331978433091e-02
1.776719768094057669e-02
1.437424654284239975e-02
1.482468018562264206e-02
1.436416689982385891e-02
9.039625123212218991e-03
1.031174611908964103e-02
1.951584817563967525e-02
1.975326722765560761e-02
1.943723542193399878e-02
3.025962719708944620e-02
7.473831484494135313e-02
1.023734042956192108e-01
6.379675017254164693e-02
7.975900897279149249e-02
4.453365063114675393e-02
2.015165260472755182e-02
3.006130804619459168e-02
1.165553415722351237e-02
6.513642546233477937e-02
2.887273484710822097e-02
8.637940571180133253e-02
7.286202415582752889e-02
6.367024567943979640e-02
7.616645407319268257e-02
1.008275006067019947e-01
6.013876795826858523e-02
1.023240426367620637e-02
2.012772313130390886e-02
1.395135365392475429e-02
7.120523621883875255e-03
1.428170850614026745e-02
7.957340819405809076e-03
1.058568252470603460e-01
4.031965939370384111e-02
1.101524162901991316e-01
1.085659035716237536e-01
5.774217258199308700e-02
5.121984420970488588e-02
1.574616297431672904e-02
1.735380735750096867e-02
1.043762588410055737e-02
5.162886047549285207e-02
2.249572490373335371e-02
3.774402890977036906e-02
8.805123286529303872e-02
1.220080735239890794e-02
6.072946236382810968e-03
1.805909116541162818e-02
1.181630566981600045e-02
2.318372734416635633e-02
8.303851125853425885e-03
9.512334593540092836e-03
4.489794372808911943e-02
1.602770623386351109e-02
1.109514367361601368e-02
5.205698776296989461e-02
4.452057797367946212e-02
5.412953574541189833e-02
9.386062638696393567e-02
3.080486092830121703e-02
3.898878611108997500e-02
3.847961771851311080e-02
3.132454032853154713e-02
1.970481449231823584e-02
6.035234438936277340e-02
1.014825539862515835e-01
6.326030427370357700e-02
6.943196204321575027e-02
6.718174124998815833e-02
1.064062693856495656e-01
6.836515788562022578e-02
4.577512571601457386e-02
2.167239914372361825e-02
1.847319790873254777e-02
1.324117374560936609e-02
2.980608297544001459e-02
4.341496099733378050e-02
2.067217410985788123e-02
8.636526878376892327e-03
1.840737068703010917e-02
2.804513721633220685e-02
2.159109076457347426e-02
1.194886192641209967e-02
4.175542034684329162e-02
2.039900079696171931e-02
1.394033643516451662e-02
5.030419716250462969e-02
4.986557611415421559e-02
1.062523683822197973e-01
9.758667865172401812e-02
8.271687762089866003e-02
6.298004722959187063e-02
2.067338642444068592e-02
7.105265981671919640e-02
3.204882936593294457e-02
1.233113478635208815e-02
1.284726286351128670e-02
7.219876373436850091e-03
1.761171969013290012e-02
1.351026131868534284e-02
2.263974339430533528e-02
5.603566368142130077e-02
9.244392713866268763e-02
1.065412101290479641e-01
2.423318872374129879e-02
1.631519877349188186e-01
1.440925912082445803e-01
1.303169020405161305e-01
3.142153681656250641e-01
9.798554150945024688e-01
7.099992341042574706e-01
6.440868200088898377e-01
4.724909720282496894e-01
3.848397573259181303e-01
6.789488378568494520e-01
9.948463886681038204e-01
5.746801016217251146e-01
6.718566080799067697e-01
9.548821175779581560e-01
9.727174946742670469e-01
9.425432828326442136e-01
9.846231215921490421e-01
6.238938722705977824e-01
9.399258287369600673e-01
9.774530257193303484e-01
9.763207744889836892e-01
9.377327153290218043e-01
9.570334740413830588e-01
9.112050631764400110e-01
7.256010074173486757e-01
6.550925426264307960e-01
6.917287418149993261e-01
4.999753231309564394e-01
9.305035988035811334e-01
9.581762838245048153e-01
6.717552304861419410e-01
5.582873328843460659e-01
7.143877572347683280e-01
2.154382817159705144e-01
5.587485895448746076e-01
3.908502452621835377e-01
4.857528814550617358e-01
5.323569706028408177e-01
1.716640149305402319e-01
2.510524359933858363e-01
6.560808635736631311e-01
2.655608738967195626e-01
5.716464620164076749e-01
5.235722080794533717e-01
8.702289556141140636e-01
7.034815289967636387e-01
7.790971763717166043e-01
8.904000270170071563e-01
7.927100487362177539e-01
6.210588955892221152e-01
9.819232870931767776e-01
3.031793934001064672e-01
4.959641918994917020e-01
3.975803594899438020e-01
2.442246243440923670e-01
7.328791433834259683e-01
5.838046828093157448e-01
2.349253548090407817e-01
4.527644806304998992e-01
5.919923072243414852e-01
6.812307769406378277e-01
8.471571842224624449e-01
9.215378646421087394e-01
8.621881883470189356e-01
9.791090634392327630e-01
9.001185845370831551e-01
9.693295253847407089e-01
8.963943288232435469e-01
8.168094242487431433e-01
5.530104804410054253e-01
3.400724159524704526e-01
4.034494137991382345e-01
3.244230678462621253e-01
4.638901052008813086e-01
4.981159375975316994e-01
3.775899280757841758e-01
2.646999878592278255e-01
9.028730254748006390e-01
7.239109489355206595e-01
8.201013213682162295e-01
2.628255289304766706e-01
5.605392212365525317e-01
9.874395472993237055e-01
9.658927429786474672e-01
9.793753432793691482e-01
5.447607899120439079e-01
9.821903322934275593e-01
9.234926675269907737e-01
9.508666336739961533e-01
6.782315214672013370e-01
9.305998790254071951e-01
8.421622120058138705e-01
8.095715334946307351e-01
9.832052524222679724e-01
5.587963850752065698e-01
7.148196347068209722e-01
6.240351095313523277e-01
7.137236347377574619e-01
7.467430728368965598e-01
5.932540479259877930e-01
6.058817932124840322e-01
7.154813027985355012e-01
5.807630063791379138e-01
5.239409798162909526e-01
3.956179698885965434e-01
5.853803565741697579e-01
9.477342318497787854e-01
9.727516484713029099e-01
9.576213410399728732e-01
6.670921634034366887e-01
9.318722689259298919e-01
8.935044483241700863e-01
9.426816530164862096e-01
9.606012593795361099e-01
9.772504158240958860e-01
5.975650087156155754e-01
6.277527552654729170e-01
9.187199618120633904e-01
9.751676154993236256e-01
9.299990726355787940e-01
3.142748786237181124e-01
8.858605524166474066e-01
9.188181115562238377e-01
9.498027844592121793e-01
9.774957434364359710e-01
6.203619566028011345e-01
7.140324148739629617e-01
7.931350590313958060e-01
7.424940648167234203e-01
8.134599417392017751e-01
4.601870371159712536e-01
1.998819974276045131e-01
2.692086234992165927e-01
1.760440073856270604e-01
9.769478569154317338e-01
2.449490068136823961e-01
4.832814502657334921e-01
2.176884144046104252e-01
4.140725423903677815e-01
5.132947525041252623e-01
8.057622049397434871e-01
6.199561174417977938e-01
8.973862895614798108e-01
9.356687809932849875e-01
9.325672862305198763e-01
7.427487049873801039e-01
9.960190979143483947e-01
7.430930796049283193e-01
9.790564012788257608e-01
7.566780769861625178e-01
8.234378572640295157e-01
9.819757366695067713e-01
9.231015823821977495e-01
7.243134115659071171e-01
7.324927147258072369e-01
9.992435296468246131e-01
8.648598319386405775e-01
9.234923225817397441e-01
9.999316477153522564e-01
5.227149625475911998e-01
6.602793919294566161e-01
6.687072675434770908e-01
7.901187241984586329e-01
7.412667491691282695e-01
5.485246913368243549e-01
5.584072521736589412e-01
5.569102146694551170e-01
6.368737576378368237e-01
7.147969399625592191e-01
9.806646047520313214e-01
6.064498723905215050e-01
8.438531296466307285e-01
9.394751456546170942e-01
4.302834391165586414e-01
6.832735451595098874e-01
2.631412408070397113e-01
9.083793965885317290e-01
9.999562988203350988e-01
9.484286803028768587e-01
9.869100481369853517e-01
8.364427697006273643e-01
9.976812500149494500e-01
3.970137706763846031e-01
5.508550874565006916e-01
5.226864574367442451e-01
4.884151567421347595e-01
1.654714616792536952e-01
4.173722607276445506e-01
5.644987940985265462e-01
4.848166491183978910e-01
1.918008172910218578e-01
4.662991209677721516e-01
3.194082053462582449e-01
2.581259882391024885e-01
5.687526766461942218e-01
8.065640876686056560e-01
4.384054572260940863e-01
4.528556442629501078e-01
9.665802785844533895e-01
9.997012266273426206e-01
6.518644729906027946e-01
6.162206533443468359e-01
7.088743491720495005e-01
5.229207921443718154e-01
5.932146055504636806e-01
6.561092912627507490e-01
5.348112163469196378e-01
6.576309871814542962e-01
4.697440413223966660e-01
6.203183949302294442e-01
2.985696286908361974e-01
2.830307239569543332e-01
2.680228778399741385e-01
2.337306168599992129e-01
4.688498720972867351e-01
4.741744639349059764e-01
3.669854001150496536e-01
3.507959285155640150e-01
3.379633864460639403e-01
2.697314156415903663e-01
4.504842773973430359e-01
4.024497219955192606e-01
7.046278597935627941e-01
5.236700002157937961e-01
7.139689413852107203e-01
7.132940180299792710e-01
6.192000475998143960e-01
6.571737645519998283e-01
4.328033335521436209e-01
2.515153543354655685e-01
2.327342547651743698e-01
5.204863103375342304e-01
3.475256853711793936e-01
4.530158593335041339e-01
1.869220092071596784e-01
1.315423095899733996e-01
3.219628093837282323e-01
3.172842520057823079e-01
3.305934187843182492e-01
3.056150450047097067e-01
5.239411755200810150e-01
2.718573290947414733e-01
3.781413671468853988e-01
2.636903648752437213e-01
5.242397088739050304e-01
5.237073616330841785e-01
5.724725375598028743e-01
5.592657915005035951e-01
5.051387921047211238e-01
2.281619648751357365e-01
3.524132821684081152e-01
5.226109068898509014e-01
4.756985014812835089e-01
6.880325034303012011e-01
7.184493558289810622e-01
6.958629234699617028e-01
5.862560592118494229e-01
5.577335358480590699e-01
8.793189970082433415e-01
3.640063930102429568e-01
3.328157893256266098e-01
9.133699099260944587e-01
5.967925530065181228e-01
7.380687834437658079e-01
9.058009886819109457e-01
7.147587610185558438e-01
6.260298216938970928e-01
6.313229760489739162e-01
6.540001713746289580e-01
9.315715804094811814e-01
9.281858051623670391e-01
9.218408237569923891e-01
9.423665647088220743e-01
8.336156906737619554e-01
6.031942241676752081e-01
8.635386205102185686e-01
6.283650459274319200e-01
7.678478206442183041e-01
9.290002098452844193e-01
9.826027809799648960e-01
9.404817581980956520e-01
7.133558327878972705e-01
7.430811445348551869e-01
9.774428029527550965e-01
9.305731142095348130e-01
5.792638025884261355e-01
5.933684013185261952e-01
2.587059052396663006e-01
3.866714055755222645e-01
8.399995175673551362e-01
9.292945145707877108e-01
8.796422467278575130e-01
4.055219866714898647e-01
2.167748502872585137e-01
4.597133797056453530e-01
2.608961195616227302e-01
5.093373088503476698e-01
5.262595087531762861e-01
2.626954842031595794e-01
5.523599868784686562e-01
5.158632071236817218e-01
5.686243761926842444e-01
9.005211233476619892e-01
3.115352969879467970e-01
5.870694761528962857e-01
4.494842062891844514e-01
3.132902414708708116e-01
4.601567854314958517e-01
3.692865736183078007e-01
1.556509117453248603e-01
1.739475199968419650e-01
2.155211023410677496e-01
1.929929027919128626e-01
5.639725395834471744e-01
4.665259496544083007e-01
2.488695513897339617e-01
7.176144459499713690e-01
8.667112412363739971e-01
9.001834762861706807e-01
3.091745050316219712e-01
2.778927639355434631e-01
1.782843255730351684e-01
4.373036313484341409e-01
3.068520039795477050e-01
3.194034331356268575e-01
4.283096706857583702e-01
9.325631062213182165e-01
9.234122987679168615e-01
9.210062056682428722e-01
7.805107303378387984e-01
8.613248915816493767e-01
9.101492115672953354e-01
7.175592307724030228e-01
9.778050461820774197e-01
9.943530295234378480e-01
7.953675048701612793e-01
4.777919487211830241e-01
9.150616022110333869e-01
3.929788812345008098e-01
8.077000716822300141e-01
2.636025226039758196e-01
2.635282931029291897e-01
8.006918266989174748e-01
6.018061325193414524e-01
1.756885588252993236e-01
1.462078796156791871e-01
5.937810101601148638e-01
3.414973073109160984e-01
2.703847683092068799e-01
8.750229491309330365e-01
1.892955274159156542e-01
9.259318869727085621e-01
2.796559659942996490e-01
6.517008708922727989e-01
8.428085796191497892e-01
2.428985652313146171e-01
2.542235631727240985e-01
3.622817021315521968e-01
1.877853610582827237e-01
9.328184695011494387e-01
3.774528636917280910e-01
9.789031851312516297e-01
9.960972284464479909e-01
9.766154786160327061e-01
6.011267569387203080e-01
2.859887448159046386e-01
2.410196332680499820e-01
2.723731578826192878e-01
2.129228309904704630e-01
1.923337842686859700e-01
5.528345177310312053e-01
6.889876475762456431e-01
9.279875149189211747e-01
8.354616897967543920e-01
7.113017672727197649e-01
8.709489142133207684e-01
9.964131615066151859e-01
7.541521422540526931e-01
8.804416827458264594e-01
8.974999275173701774e-01
7.391273463677734412e-01
9.891934186882195279e-01
9.269219110605747547e-01
5.661925821470499276e-01
9.979249970792711810e-01
8.211996233206214635e-01
9.774428029527550965e-01
9.971656268284836422e-01
9.285835533089406013e-01
9.572165180029078568e-01
5.877546986329261758e-01
9.316881552952162027e-01
9.104701915501393072e-01
9.755756575552815280e-01
9.858309121312388568e-01
9.562094949435483437e-01
7.427919858535124709e-01
9.186859893434505819e-01
9.850491016869730165e-01
9.892277814845923389e-01
8.982377507808267936e-01
2.899471984110831846e-01
4.931544706571197034e-01
9.305758949337938901e-01
6.113698611591372734e-01
7.129655837779260708e-01
9.057218212683093572e-01
9.971280086926898045e-01
4.433250148301327020e-01
6.387918660260843984e-01
2.065952388249912841e-01
3.499333708045934688e-01
1.953526415934858929e-01
4.840584757366013235e-01
3.048149606442187576e-01
2.292664004423976276e-01
5.468527088243618772e-01
6.736022464088424755e-01
6.742733610536956190e-01
6.547593571322652961e-01
6.807678261541609821e-01
6.042638006522547123e-01
7.138238803123294618e-01
6.123274404153585815e-01
7.362440762033429786e-01
9.999858062450563967e-01
6.418918993292496156e-01
7.020692663660481614e-01
7.087398534225601843e-01
7.235976265912124061e-01
9.309124239072062990e-01
7.653980904658617135e-01
6.493077831301035108e-01
9.893730051920642810e-01
8.270801667207958729e-01
7.331721110679443321e-01
6.311725450583103303e-01
7.610199091455135401e-01
5.629118298453605895e-01
5.215494748608830999e-01
9.475802543261151456e-01
7.682764320510989675e-01
8.005076168130172976e-01
7.085767983204790399e-01
7.987093148589446967e-01
2.383587599071869123e-01
2.926845880657531485e-01
9.897585241623538810e-01
7.208201678165967463e-01
9.376300935092106714e-01
9.999252982867414818e-01
7.473150887845138035e-01
5.779350978826419682e-01
6.544713201519909429e-01
6.314760374631068762e-01
5.586634443195267474e-01
5.688270361828496879e-01
5.587899146986510246e-01
5.435851295892450974e-01
3.509643427091100887e-01
5.241206666674489423e-01
1.315135693315221399e-01
4.155609270095140251e-01
5.234515577548908283e-01
3.606418235911297288e-01
5.406889757994397527e-01
6.206027595336455205e-01
2.151720067607435782e-01
5.508898614497436119e-01
5.587734260132717345e-01
5.586930767248218244e-01
3.695520595045129753e-01
5.229782201686969945e-01
4.870855660124415731e-01
2.267889838654784940e-01
4.598700089109747924e-01
4.964523905119617164e-01
4.730110093242127500e-01
3.919792179921901543e-01
3.875999066762987333e-01
5.976719329902375755e-01
6.191933403664736657e-01
6.440341349399448800e-01
7.313718029058999814e-01
5.587460850883273489e-01
5.903073242903326134e-01
4.890411239174035085e-01
3.752494874242615630e-01
2.697329269071859770e-01
4.335749857120466677e-01
6.076180408991692650e-01
5.192367627029867982e-01
5.955982540203094144e-01
5.635888541192067835e-01
5.698599382103274325e-01
5.243264622451363488e-01
7.133995326589214203e-01
6.348191212921868720e-01
5.334121044857995653e-01
7.336778241150190283e-01
6.569175446686840170e-01
9.780709713798866334e-01
7.579889477709459422e-01
6.606153863877120003e-01
4.741190302305931525e-01
5.678218812562993989e-01
5.232541188466289794e-01
2.703597227589886742e-01
4.120610708466796446e-01
3.254005156144220146e-01
3.119731384645645367e-01
1.073042632706220217e-01
2.326346526027600892e-01
1.495238233994430621e-01
4.177565700704473084e-01
3.639029386656559839e-01
5.074101273804070278e-01
1.929094438710439452e-01
5.891667145139487527e-01
7.010032894908584389e-01
6.086765909316860235e-01
6.451426318092908785e-01
7.979673998971356097e-01
6.915460939161578446e-01
6.877308567002826667e-01
6.628220899725106863e-01
9.897755303748715372e-01
7.484601559659815884e-01
8.838919689083274411e-01
6.944680306364040545e-01
6.923165390325500823e-01
5.464608708782647817e-01
5.588324953265675354e-01
8.301030266176998573e-01
7.387710120966779481e-01
6.996540163128602829e-01
7.418825086243653333e-01
9.363204634537558579e-01
4.783324709736047065e-01
4.162118137291319631e-01
4.601160519301805696e-01
5.882849062671574591e-01
4.170890902781990150e-01
8.181019201607903080e-01
2.402025028097161119e-01
1.478146993533953069e-01
4.881547103716509795e-01
2.299978700349645244e-01
3.427401822926832153e-01
6.883970197634143862e-01
9.917154143821964585e-01
7.145422742529347060e-01
5.386335116202990436e-01
6.116254498685259611e-01
6.169343702715953670e-01
7.142039281899998926e-01
7.202800004867164763e-01
9.585904640990484671e-01
7.175967551878199568e-01
9.555064940745524593e-01
9.376591627139422291e-01
9.409529575829925774e-01
6.082334112454199637e-01
9.357757320731592277e-01
7.654404038618756179e-01
8.896769495744352163e-01
2.510925743615839423e-01
3.289037965836225652e-01
4.348977016520524930e-01
6.656358386181119302e-01
7.579116583299770893e-01
9.665954423623647207e-01
2.826992797184086359e-01
2.345728648793705406e-01
9.721748282634588012e-01
3.036306678458335351e-01
8.680032631268752574e-01
1.679844009504376512e-01
4.817449946181631137e-01
7.775458916616547755e-01
4.660912045083464572e-01
2.470337348978176861e-01
4.343350347560551716e-01
9.279244314527562709e-01
5.762201714813232067e-01
9.229495384458936691e-01
7.609334995974653681e-01
9.882051680916290604e-01
9.777502628863656842e-01
2.618942612944306636e-01
1.834916628089887092e-01
2.393765187643704384e-01
1.358889087655460182e-01
2.726832266880697686e-01
2.334661492376696179e-01
5.222290264958596717e-01
5.588126657089258487e-01
5.210940121552375404e-01
2.896576357613774300e-01
2.585133883713897629e-01
1.912271088029900146e-01
2.058009363747257958e-01
1.306022136324901939e-01
1.947961016180148330e-01
2.454191875349129026e-01
1.439103581884929595e-01
2.218462966731705455e-01
4.621688894392242397e-01
4.283151101527236659e-01
4.134328768146827149e-01
2.687179582132798727e-01
2.577014330330968939e-01
1.361874369057237966e-01
4.007047962741074887e-01
5.587654949201938948e-01
4.623486327196291157e-01
6.242351338016436380e-01
6.222503236611117705e-01
6.562865019529662280e-01
3.005970454885064091e-01
6.198505316221628592e-01
7.153439503179942482e-01
7.996436523433164689e-01
7.554075641033396460e-01
7.241492079282813021e-01
9.791353955816728405e-01
9.485718119274673121e-01
9.230615865383198226e-01
9.115322036280403273e-01
9.266117442855070774e-01
3.793852284780501183e-01
6.585306443333429627e-01
2.769284854220784298e-01
3.585644383067379537e-01
4.765849038692077100e-01
2.994473715396962499e-01
6.872899300625053831e-01
2.531108161726504102e-01
3.601007044295218007e-01
4.155350058502308985e-01
8.448137695786975820e-01
3.755840681176557672e-01
9.437985117574378968e-01
4.459119580650356407e-01
4.749998281245055853e-01
9.224994146238657544e-01
6.911855898930919784e-01
6.089683565490889849e-01
6.311336463259030749e-01
5.105596006553034805e-01
2.880103289485000384e-01
7.043320914109619801e-01
6.798969588553698262e-01
3.050598477531386576e-01
1.916713324193992096e-01
2.589774883300631769e-01
4.369620517822574435e-01
9.275332017941978480e-01
9.261318135584807321e-01
5.833833168556465942e-01
7.921103870856845974e-01
9.870449770839444525e-01
9.088090521700106228e-01
9.689154099015241384e-01
6.129585699313251368e-01
8.455736567409315452e-01
9.480787365234316644e-01
9.244431356813513911e-01
4.787344640147022101e-01
3.861673831297480763e-01
5.508320431792497196e-01
9.831068345355730154e-01
9.144356459240275958e-01
7.142327400660842818e-01
7.141372384914188576e-01
8.106754157893021340e-01
9.371714097397383370e-01
9.789452349083648253e-01
9.568912101421971350e-01
9.831542060945291928e-01
8.407123659552344641e-01
6.591283912193041106e-01
5.786531012961718679e-01
6.549024446725321136e-01
6.976258541220718978e-01
9.975381602146473625e-01
8.572006407029938435e-01
9.931700397692377891e-01
9.448326959065054265e-01
5.857646555365175756e-01
6.955835650534191172e-01
6.896949574329402921e-01
6.221527130246513604e-01
9.763331736127107696e-01
7.860074171463882209e-01
9.672993755848392494e-01
6.511113190636464987e-01
9.248603525974344874e-01
5.123479195578249934e-01
4.557344156989077688e-01
6.999653373627129360e-01
2.137494910680108606e-01
9.249104450982399417e-01
8.067704839185294574e-01
9.297476067081577034e-01
9.590933053327129754e-01
9.779065860062836624e-01
2.719567596660024678e-01
3.480310081224470276e-01
5.348813381188071148e-01
3.270969422071516863e-01
5.016180724215973941e-01
7.190133952038392229e-01
2.656902530307453936e-01
9.782554812048943615e-01
9.071872002581888861e-01
9.197208255521689413e-01
5.701288381537700234e-01
9.848537459720890785e-01
9.808199283837346627e-01
3.215123889167614823e-01
3.997644627997146149e-01
2.183127233846696158e-01
1.502626461293654347e-01
7.553240488465815528e-01
8.775540625824198582e-01
5.985311461380046216e-01
3.998019441349072167e-01
3.602103432801315730e-01
3.631680505078784815e-01
4.834526102137001180e-01
2.922565687911310439e-01
9.993737988833015784e-01
8.296963247098498861e-01
4.386808146598415448e-01
6.764594838792082898e-01
9.247525765533196607e-01
6.729780506772305992e-01
4.732419868045210642e-01
1.823413050828908144e-01
3.198009638820193401e-01
9.755020516380030760e-01
9.635425820706334799e-01
8.093205860424621534e-01
4.669825545202771488e-01
6.165768327743287314e-01
6.943326373247029615e-01
9.346851251090729784e-01
9.332363290795615551e-01
9.709105090075127453e-01
9.336163638518308883e-01
9.961720162675873347e-01
4.553517357845235924e-01
5.977424822341186328e-01
3.447964571682994306e-01
4.910357122257613671e-01
9.253762624957960758e-01
9.953697355947115355e-01
9.799974326333033003e-01
9.748187292383723168e-01
9.377561833297671789e-01
7.495733790096027471e-01
9.777345589076559262e-01
9.030264842644529777e-01
8.132153827961768888e-01
9.277293157919831446e-01
9.420455998202682535e-01
9.774212624731967169e-01
9.379530574474493898e-01
5.950401176068922382e-01
5.506055610155955460e-01
5.760716810829765722e-01
5.998579069748496417e-01
3.703975295195782169e-01
7.147350003277046504e-01
6.606013215182575671e-01
7.961391185121460268e-01
8.994652206737808742e-01
9.704032844899386223e-01
8.031486129770936122e-01
9.118591209294975020e-01
9.344627583397567827e-01
9.774785831035158745e-01
9.984857667547194504e-01
7.680592275702080585e-01
6.644201550082237118e-01
9.999660100285447939e-01
7.515669812721821330e-01
9.336648381263707996e-01
8.983139152397356941e-01
8.198657902639048256e-01
7.617667370549568995e-01
7.489350108302866849e-01
9.852838741170781844e-01
5.587901234193053401e-01
7.061043458223839053e-01
7.520556053532072571e-01
9.875856151406380290e-01
9.787675412061210833e-01
7.540617242836926692e-01
6.251867088032836417e-01
6.162519575708943487e-01
8.831151290195828896e-01
9.863977810867676776e-01
8.860610937641341112e-01
5.784815116112737021e-01
9.058057254132271252e-01
7.331945676278812662e-01
9.792696273683103581e-01
3.591579794343849330e-01
8.202900400857685570e-01
5.763788187182770084e-01
9.291122984134536633e-01
5.787408607755053502e-01
8.191920366822125210e-01
9.956854379153013967e-01
7.424180780240177135e-01
6.159111493662926540e-01
8.435168802354530149e-01
6.174327803486268085e-01
5.585261541100084992e-01
4.888763852501101237e-01
5.052471064452639382e-01
6.466992794279035062e-01
6.214457258061967249e-01
9.968550403853111419e-01
4.470611887202267654e-01
5.275811315609572061e-01
6.164234685005480774e-01
5.748132037275814898e-01
5.196822551509383548e-01
7.044270711009672503e-01
6.221645649279834434e-01
5.536983457828870137e-01
5.815151487357770321e-01
5.889466885741697633e-01
7.147662364554299153e-01
8.055410221119937431e-01
7.148466023397070934e-01
9.326320787690749459e-01
7.405499771955115218e-01
8.395403003494822380e-01
5.012017314681112001e-01
5.366403803082442359e-01
4.107306351127883448e-01
3.043635176388148622e-01
3.825676806280021713e-01
9.809862691687822878e-01
6.600939528003925139e-01
9.206086083742804904e-01
7.460048436495851920e-01
9.254232719363357784e-01
6.606980543917628790e-01
6.724348028083871887e-01
6.247109734632104727e-01
3.663802919753131326e-01
4.302439036767909397e-01
4.211751508546405787e-01
4.132286210422933537e-01
7.261535734145608822e-01
9.492562369970098946e-01
9.272325280006082915e-01
8.410484398596749234e-01
9.274594099133147695e-01
7.401290932391856314e-01
6.012322973610735311e-01
5.196251890551828456e-01
5.216796244932224713e-01
6.547635147906447628e-01
6.595716989628325200e-01
4.425733688576477531e-01
4.086659380046482326e-01
2.988674306079605048e-01
5.279901966880891084e-01
7.021051939844683565e-01
4.585984258005780800e-01
4.173685191939103256e-01
9.866962640820864383e-01
8.464290701824092045e-01
8.183595642313992169e-01
6.632136279313681770e-01
5.331318454414804009e-01
5.584863087111464619e-01
6.425446208658573966e-01
5.100201892165830975e-01
5.489219047838229670e-01
6.736487950544427505e-01
9.351408455232833594e-01
6.610475952318631832e-01
5.499227703229556674e-01
2.638690940594630163e-01
4.593100305041811215e-01
2.360384586285847186e-01
2.233906080864263843e-01
3.138577213552287137e-01
2.610246885395296479e-01
3.288157227953873440e-01
2.813154820577203896e-01
4.409528225517652666e-01
2.566594425178709837e-01
5.145599829271486625e-01
4.516685732609667103e-01
4.507880999745895734e-01
5.097122372164500925e-01
5.220037758204799649e-01
4.035098479988152298e-01
4.663229833096954047e-01
5.235151059187728162e-01
2.812950977288555254e-01
5.227155482853447221e-01
5.587778090340599357e-01
5.432496059353021378e-01
6.185500151665013213e-01
3.485922690654789102e-01
2.829464789734574270e-01
1.721773592349809534e-01
1.653341210411925222e-01
5.764694631320110840e-01
4.886478155639829013e-01
2.222370154101694639e-01
4.464679424039778022e-01
2.325866050277378971e-01
4.538538926347477354e-01
5.552597501329240570e-01
4.075820653231790325e-01
4.137605451771845799e-01
6.757728151530039140e-01
9.744088199892739777e-01
6.377967124588922454e-01
2.993250322695734100e-01
3.605809407861729765e-01
1.911015802462308066e-01
4.677892846438140295e-01
7.172349943671886274e-01
6.959016526979132644e-01
5.551125142231743137e-01
2.369032692064508283e-01
5.227928714308101021e-01
5.818947366986519931e-01
3.393149233545997290e-01
4.832018490436755798e-01
2.700849800723830740e-01
1.329084414188613610e-02
3.282284075758633290e-02
5.303886117035089276e-02
1.413046465881353554e-02
1.450534220085159323e-02
1.129256862392413741e-02
8.895169937071832969e-03
1.428199123954394974e-02
1.495530253949673219e-02
4.264150012674777085e-02
1.906677792707503483e-02
1.208931119071592585e-02
3.686148547008917531e-02
5.237270818807993056e-02
4.371375121075224413e-02
2.626927180279783197e-02
2.160724244956195236e-02
3.477939487565442911e-02
4.129371268814353846e-02
1.938630629884335876e-02
5.064116877800185074e-02
1.248319535683297191e-02
1.163692865654322207e-02
9.196032122868730632e-03
3.629412861905942367e-02
4.372021760486474035e-02
1.012183145834933823e-01
1.099698865183633550e-01
1.071506243435428746e-01
8.504255125908909141e-02
1.084213110874117370e-01
5.991280955082175369e-02
1.022982162560258923e-01
7.816403276601190109e-02
6.170811332466704519e-02
1.076174278828736647e-01
4.834415604180090226e-02
9.550529095948759317e-02
5.269563788898075363e-02
1.016136417802245562e-01
5.622280184982565709e-02
2.519285709659755540e-02
9.328594517941003403e-03
5.944964512596646183e-02
3.901629111024260133e-02
2.041651026694983259e-02
2.092428563184380030e-02
4.076382170503354413e-02
8.947243196570375118e-03
2.423205729494633601e-02
2.823670432823737961e-02
2.738972432947517702e-02
4.018590530457983451e-02
2.326676581621663770e-02
8.088366337946781282e-03
1.050706536306708280e-02
4.683560350094681350e-03
1.250474186835669708e-02
4.216293563640627524e-03
1.961572998644340454e-02
3.461578396071199326e-02
7.229748476714599470e-02
5.672047699130002701e-02
4.277497448799668506e-02
3.176125610735162225e-02
6.102826480138700410e-02
2.990483106032526886e-02
2.274567923278638173e-02
1.435093670318456950e-02
3.847110984101214520e-02
6.886310002985987500e-02
2.291407902450705303e-02
4.594909991465050136e-03
7.546637621726667682e-03
1.990273856053927440e-02
4.247473105571138857e-02
6.599817304348687408e-02
3.491070720385519577e-02
1.107563376353054713e-01
6.835292239132399403e-03
2.774860453370001437e-02
3.695364353814230979e-02
1.209221960620073498e-02
3.400807754068001926e-02
6.012901972655723681e-02
9.548328302214127705e-02
5.669480491576901759e-02
1.009087311635222806e-01
6.951502771038151063e-02
5.236527500900428622e-02
1.759908716659542779e-02
3.814744793829286801e-02
1.095682721512737483e-02
1.001846013194763151e-02
6.094941643708154042e-03
3.976523342649659551e-03
8.010102920815944175e-03
1.967876193031234400e-02
4.482449603164330443e-03
2.141426509647036819e-02
2.839332829912280878e-02
5.381932060414875221e-03
9.646368161887068637e-03
1.189433077103291617e-02
6.360976777870542241e-03
3.197061095483667154e-02
5.963804394697408071e-03
4.071108182404397507e-02
3.347177166857622649e-02
3.912286640650380898e-02
4.631407507016906816e-02
1.964908846378421794e-02
6.124222783327842173e-03
8.300185754750236122e-03
5.656549486399068023e-03
5.383578725706744672e-03
5.852372915796179992e-03
5.670208615013111984e-03
1.509571731005892800e-02
5.269057583711975190e-03
4.810796324982168776e-02
3.266479784779947881e-02
7.198632740394290963e-03
3.671126036994103170e-02
9.045150771140800586e-03
2.476525332824569894e-02
8.423118387243059071e-03
5.615557752570734390e-02
8.245183941454629906e-02
1.027004080812151249e-01
1.109047898055457310e-01
4.628462364538000334e-02
9.332195305341679792e-02
9.351854897348642337e-02
9.385456136597808419e-02
7.220772277555417840e-02
3.579297361579936859e-02
4.514973344749480255e-02
1.780086970495364448e-02
1.339700825411179602e-02
6.848765631465613887e-03
4.733950237932965655e-03
5.611062032307131790e-03
5.218990074518581150e-03
4.266010453043310099e-03
5.265718756531647185e-03
1.240848932707057546e-02
6.921099023917154369e-02
2.526313546089793693e-02
7.957168999096236872e-02
5.224233093860176924e-02
1.987030763951489615e-02
5.694947545159621816e-02
9.447006469884468294e-02
7.922535450651385647e-02
1.102036529905358747e-01
8.645884552961116687e-02
5.468295886879234735e-02
7.830561558731848060e-02
1.107372677136195527e-01
6.716904493990945302e-02
1.050473906783778721e-01
4.574668341704767049e-02
2.126165220345332604e-02
6.657437052439442449e-02
4.421371310442680225e-02
5.422391748584017707e-02
7.098774667358664914e-02
1.016545654908165425e-01
1.087011469213919890e-01
1.086955033445725499e-01
9.955589251511590132e-02
5.039919377678208495e-02
7.830596657503340052e-02
7.337353234777754807e-02
3.709586676159288415e-02
4.891514328365839659e-02
3.743730582452510502e-02
2.892537935824386619e-02
2.685337188423456145e-02
5.609427901649190196e-02
1.070803666989773723e-01
5.742835132882793264e-02
5.895505943666103088e-02
8.534562280934161749e-02
1.099869755572466523e-01
2.536878810937883214e-02
2.709222719046174011e-02
2.889470067790256974e-02
1.065173676618105629e-02
9.199587957610564151e-03
1.132072949391998984e-02
1.585222763316658859e-02
8.250938944135373376e-02
1.091072366011553163e-01
1.007487814860088954e-01
3.979486460083649785e-02
6.520260746840082777e-03
7.507187147236462840e-03
5.520562901174611188e-03
5.698498527216310297e-03
3.003090521972541851e-02
1.255773667528498061e-02
1.415689012705073115e-02
2.906288712360283535e-02
5.272044431520721275e-02
6.748280803691956466e-03
3.203616659309040798e-02
4.727251932751869862e-02
2.599102094548969705e-02
1.053722296158980387e-01
8.034480055304601964e-02
5.173194269981813698e-02
4.761524892122932090e-02
6.146484700571448745e-02
9.275189310481553318e-02
7.743295949228924668e-02
9.274077275196834780e-02
8.666266883443542179e-02
9.015916716939248454e-02
8.094608073589647235e-02
7.014058038305703846e-02
9.003152272686150426e-02
4.891768300572893469e-02
4.437951820643059458e-02
1.074425901999445376e-01
3.806379881847506141e-02
9.932816375163226741e-02
9.874143966212961532e-02
1.007709114960002733e-01
9.856158188718046331e-02
6.696968192721200475e-02
6.305876219288243656e-02
1.045415454623021684e-01
1.040400791408041398e-01
1.047099805639882392e-01
8.833928546034121310e-02
1.104775657609567002e-01
5.050055650293500814e-02
7.466897466860851484e-02
2.532665576418229383e-02
8.464276846832626336e-03
6.424977757475877627e-02
4.776040268232808333e-02
1.726822929185125796e-02
2.316842214743894748e-02
5.056867931878068073e-02
4.723435954600176123e-02
4.842968031134642359e-02
2.886687939411396869e-02
3.482932868463015780e-02
5.299671966809162832e-02
8.578597709285994133e-02
4.454398174282611644e-02
1.064860280090814681e-01
2.296778063390456093e-02
4.016722177520510445e-02
3.490465719818786061e-02
3.833406520171529080e-02
4.675534254543216306e-02
1.342668527100241739e-02
3.025082371192649999e-02
3.971101448567261605e-02
9.346141885045110287e-02
9.403331066615594480e-02
9.695880060511101461e-02
3.025623659142067864e-02
9.824192158446382050e-02
5.910380070678878522e-02
1.061590243626307911e-01
7.057955165498142058e-02
4.240181348221132990e-02
1.937489025445390117e-02
3.481818129437926068e-02
1.120794463233811857e-02
4.415606131031753027e-03
5.771243384599293071e-03
1.290443715351872848e-02
6.910187313399786084e-03
5.693086150589403774e-03
1.028727857596316818e-02
6.092713261776482037e-03
1.793073113781057035e-02
2.392473354534820074e-02
3.766911478920353940e-02
1.109619301971404987e-01
5.189394905890640924e-02
4.180045637458585511e-02
1.110656370256845743e-01
5.109016136822562559e-02
1.083071269593530866e-01
1.110439422197453258e-01
8.803811108495999960e-02
3.793129367287333825e-02
6.377325858926291557e-02
9.181943215567953120e-02
3.482640166145611199e-02
6.385177242472485359e-02
4.483851528004843823e-02
9.739440797230329572e-02
1.002177317148137820e-01
9.727275985739261555e-02
8.628936975658044184e-02
9.923990188126592671e-02
5.385610490116646970e-02
7.788364191318919438e-02
7.419123841211730519e-02
8.576050669440922480e-02
1.024324237265609588e-01
1.110662178244323922e-01
1.105684292609615815e-01
1.102316889309092746e-01
3.091423801758634224e-02
7.353126256659221760e-02
7.979414122357214589e-02
4.245807579009602123e-02
2.295877446770773836e-02
4.844833425593981363e-02
3.597360839263483157e-02
4.665679144001054490e-02
5.282262795823172014e-02
2.151147744397606532e-02
4.143873765844213047e-02
2.331581539177032120e-02
6.077444268361239382e-02
1.483252869007281594e-02
9.271631297553857218e-03
1.033343067594899058e-02
1.619191905162057840e-02
1.587042788895887471e-02
1.391589526133093710e-02
2.456265224940895261e-02
1.010148818412454942e-02
1.717177439557299526e-02
1.941210944693252255e-02
2.486019574502268056e-02
2.114627163739441276e-02
6.368489269689408573e-03
3.662270244413660947e-02
1.704558859317200151e-02
4.476118862431196360e-02
1.144735005719875812e-02
9.454122946978589515e-02
5.300398510288199805e-02
9.494756725362807348e-02
3.289315390441688303e-02
3.721712562485322839e-02
7.129913143839517430e-03
9.143166594143950499e-03
1.386665451219202400e-02
1.241395965573218949e-02
1.339831938834144635e-02
7.314383583599914744e-03
2.189270313926964737e-02
1.214630139553591823e-02
3.826095246128783517e-02
1.935773902340344813e-02
2.298649043386135141e-02
9.976714185408293994e-03
7.309939828513550841e-03
1.450752042930506663e-02
5.423465309117284083e-02
8.124314093799030190e-02
6.829716401373388257e-02
2.613091306861864416e-02
5.446293185342018089e-02
9.885325584349796690e-02
7.721772532911570786e-02
7.597860390884962623e-02
6.948019083778157745e-02
4.150465019665790234e-02
8.159393887066525297e-02
3.682395762798743033e-02
4.580384232932338540e-02
3.475464305663188841e-02
5.956326952449698259e-02
7.627304495988684874e-02
8.022502761157210283e-02
7.146433845939065277e-02
3.579493898355516623e-02
4.211905382700402434e-02
3.418953648202405216e-02
5.545268210985725837e-02
1.091290421750453626e-01
1.075280255285084030e-01
1.060603348265546780e-01
1.031917554893573424e-01
5.211375762112685495e-02
4.006706438456136138e-02
5.031609248070566948e-02
3.504745027603289875e-02
1.808281033529210088e-02
6.281995533746455307e-02
3.277660385007734323e-02
4.147895431045731801e-02
1.023138838374925419e-01
9.672006744511148224e-02
6.197034844502842532e-02
6.448363788567669508e-02
1.108612602167700634e-01
7.705784371682933287e-02
6.959359152702594697e-02
7.750724032093875282e-02
5.763290476195973011e-02
9.903886178297291454e-02
3.996220073856644739e-02
5.324587521504556969e-02
2.768780954309923298e-02
1.337138185917512156e-02
1.487242242176073544e-02
1.749692129894763956e-02
6.465921863187368279e-03
6.035642049393489215e-03
5.621912688549713516e-02
1.027070063705526476e-01
9.668365815967704113e-02
1.070168704104092622e-01
3.990921596606743227e-02
3.454789173043389117e-02
1.007775363897656096e-01
4.015781576882729992e-02
6.363175382335090058e-02
1.957037759196919233e-02
2.475495054883436810e-02
1.042582028519573045e-01
1.032841493162074548e-01
1.091144095426410943e-01
9.685878659934425705e-02
5.965513646250948654e-02
1.960138912802508390e-02
4.637386558581816504e-02
6.872615935014814159e-03
3.466381257322531662e-02
5.297490955123559941e-02
3.371604408622001781e-02
5.761921098307201498e-03
4.120890253220718148e-03
1.385231986967067584e-02
4.475388288129285991e-02
3.274675725936360832e-02
5.471211356469166814e-02
3.407443802487466339e-02
3.717133468991899725e-02
9.114194473720652057e-02
6.984165881147730293e-02
1.103198365546188414e-01
1.043559171222967902e-01
6.096187505240734800e-02
1.011349459883802843e-01
8.636566206305174020e-02
4.806065510636991361e-02
9.387674823679437522e-03
6.053419704902708240e-03
1.056881563414912434e-02
2.225426051922872392e-02
1.960855824619819540e-02
8.578401636806501016e-03
7.059541895660560382e-03
1.177500440448850383e-02
1.318946198340688152e-02
2.021521358085527631e-02
4.219331328232565209e-02
2.320339307259601525e-02
6.597830668027200585e-02
1.305202260530460671e-02
1.798461320742107336e-02
4.774999992707124226e-03
1.128481854788740933e-02
7.630991409412797230e-03
4.019097625058593547e-03
5.673909882197575826e-03
4.026556611298271263e-03
3.557749380341732048e-02
1.776787461157397843e-02
2.246421181463212347e-02
4.522309949757154397e-03
2.537103397661056095e-02
1.580818809115756493e-02
1.070674084783708735e-01
8.588309024872024799e-02
7.786915579611519700e-02
1.095922653634607002e-01
1.033250896999568513e-01
6.426302624430547950e-02
1.076610912586388052e-01
3.908008753940545726e-02
7.803762313093781482e-03
3.149616252469308181e-02
1.132949020360714612e-02
2.275194166395681783e-02
6.096831948216890201e-02
7.912229189887512448e-02
6.493526065702764916e-02
3.731892578899576041e-02
2.588358901008895596e-02
7.891143987374481250e-02
8.036557056702538226e-02
1.011444660337012802e-01
5.201817166079524685e-02
3.969357475751469216e-02
1.798889286469006893e-02
7.207080687037664864e-03
7.378269416706017582e-03
2.519264066524068771e-02
4.377490992120493946e-02
1.110613640996925278e-01
8.358674115129910431e-02
9.041844403784583817e-02
3.070809558618325594e-02
4.435403048764245681e-02
7.581313193724845134e-02
5.813648180243932706e-02
8.195555710030835717e-02
5.677934208001225030e-02
1.006144498356394967e-01
7.330937400134225623e-02
9.843656397332144203e-02
3.599934936232103422e-02
9.660936508699577430e-02
1.098269110372988855e-01
5.039821487413313761e-02
8.427760948519577577e-02
2.649820014629649181e-02
8.938478093090687637e-03
3.767927488874554809e-02
4.534341419024583847e-02
4.512691840029982304e-03
1.074074725711301158e-02
2.763445482379538881e-02
3.077672934892564799e-02
5.631132550000246539e-02
8.920031316182124026e-02
6.947492269710014989e-02
8.909628741755303005e-02
3.678720999061717983e-02
2.446018329855072573e-02
5.654534591612548483e-02
8.715622320737305764e-03
7.128453868850141879e-03
4.032340958297183503e-02
8.976966687884666007e-02
8.232778762763336144e-02
8.229252346123314132e-02
7.929916285360115447e-02
3.648944815744897124e-02
1.151616195308759888e-02
3.930751568882527580e-02
7.420980784139223629e-02
9.002160277709483904e-02
9.222474993497932483e-02
6.110136790674526586e-02
7.124655296811267975e-03
6.549918884848945910e-03
7.908860755927579755e-02
9.615356174618075458e-02
9.816863118741710192e-02
2.366143360303439927e-02
2.214159686165006677e-02
1.778966297680827091e-02
1.251474138203092536e-02
9.465913659197907476e-03
1.490997836724571556e-02
2.718877748408347894e-02
9.979047264317975063e-03
4.276043751001839394e-02
8.682479588386337807e-03
9.586189720586510768e-03
1.331584864291142541e-02
8.282786496175019789e-03
2.386465079893547170e-01
9.532591551455947554e-02
3.662389518633119567e-01
1.641216248117877974e-01
4.737488709690966804e-01
1.196403378851085553e-01
1.308590637542260127e-01
8.665564472966119647e-02
1.002870826885029903e-01
2.439662340234018956e-01
2.278528978355852941e-01
4.000071831263882216e-01
1.807221042541658773e-01
1.412665015479788733e-01
1.813814659822061137e-01
1.325169875116783691e-01
1.260328123367714104e-01
2.098678075196959703e-01
4.103996943197527614e-01
5.587116499491227017e-01
6.883175706259215820e-01
3.697772648385097005e-01
5.240574364904563298e-01
2.305774565053083369e-01
5.227188674783517230e-01
3.720197880144227032e-01
7.064747421424538709e-01
2.850946461769857665e-01
3.298911707987213782e-01
3.699839503019776155e-01
5.596605397626889244e-01
6.515755190998923085e-01
7.141044294453500196e-01
6.279750814666231751e-01
6.481265199452699299e-01
7.773034196752161007e-01
7.378714191544842871e-01
7.274857426188885423e-01
7.072100420930518272e-01
4.947877457769626619e-01
3.054548146648612961e-01
2.149986347537178322e-01
2.642222773273192882e-01
2.179148220342194686e-01
2.319479866733355766e-01
2.539685384208512087e-01
1.786894721577708955e-01
4.228683020140025506e-01
9.838712306612305836e-02
3.896775076229318513e-01
4.605892640234747759e-01
3.393249361017263155e-01
3.742283818811103502e-01
2.281099843819253126e-01
5.280331915761915518e-01
5.526354912855100388e-01
7.146658585414378262e-01
7.295096977486666967e-01
6.192504698177391242e-01
5.284047106104009517e-01
2.712361792269566974e-01
4.734057009303960784e-01
3.995965119324429438e-01
3.761099589432024271e-01
7.124185293826404974e-01
4.520611594765939212e-01
4.313727330346650013e-01
6.307803670370500937e-01
5.304336229239779987e-01
5.446832693874845699e-01
4.851729839084166773e-01
8.619672926107323496e-01
9.774563116312932065e-01
7.329527849891620539e-01
6.615047950816563826e-01
8.403921214648040205e-01
7.972937734578974256e-01
4.464719448018418801e-01
7.568304332884886465e-01
9.563362972016437036e-01
7.144512679572174729e-01
9.267501987691614262e-01
9.777404022191110711e-01
9.856703769042297614e-01
9.793296170038426895e-01
8.167151548048183773e-01
9.608614291012134156e-01
7.793169201611239716e-01
6.630070572712684074e-01
6.156218060439705431e-01
7.085760043127564689e-01
6.198225173513562947e-01
5.463014799692735846e-01
6.304578984830963018e-01
8.042323221311342696e-01
6.549061139949606813e-01
5.415752938908179326e-01
7.145027744955914084e-01
9.623919340418886081e-01
8.938192243794693681e-01
9.109559569269541912e-01
9.829471100571365305e-01
8.196563499992642887e-01
8.594294506297541769e-01
7.140028109900908859e-01
7.244706166448711127e-01
6.902170861959026071e-01
7.109222015334173417e-01
7.145606904266832426e-01
3.341826882655364872e-01
2.923297180982520893e-01
4.447829595164517480e-01
3.581563124138810172e-01
4.186530526854030931e-01
5.587268846277273493e-01
7.064238143228354083e-01
4.647524210250582599e-01
6.548752923254947955e-01
5.144692726461308485e-01
3.754819515325298340e-01
5.590602732787832707e-01
6.655403715546380772e-01
6.428125221507168252e-01
6.403951403723664448e-01
7.151446490698951663e-01
8.809482802186068273e-01
9.776783188205745434e-01
9.077939532512816490e-01
9.545868405039400484e-01
7.443651235104971065e-01
9.804327640635579488e-01
9.346170480297910643e-01
9.302096060730130622e-01
9.611762389255436023e-01
9.222709901455495851e-01
8.699484825762954232e-01
2.307520997535928708e-01
9.328296192862968184e-01
9.775165553082502123e-01
8.909037022935359929e-01
5.462396545289470717e-01
7.123126277181832666e-01
9.529726349435883037e-01
7.247299036661698501e-01
9.995373126731414981e-01
9.934843022325189343e-01
6.972962995949921750e-01
7.528599988043893632e-01
3.671152352899411664e-01
7.600744860212258480e-01
7.685424979551941371e-01
9.580306294260700906e-01
9.971365750740690537e-01
9.995186453627754597e-01
5.263924067000164131e-01
4.648463456772058966e-01
8.333491969373912900e-01
5.948063450909574224e-01
9.490764877476942640e-01
8.411825928344016656e-01
5.889499883561620797e-01
9.666654876619036330e-01
7.372950649209926155e-01
9.442971208337894717e-01
9.890367690221687491e-01
8.608067497376310495e-01
9.235989167929704591e-01
7.230904888156410859e-01
2.342887159079789228e-01
2.675540606755079098e-01
2.128966667438807192e-01
2.309895921886516434e-01
4.469867185337301208e-01
2.401198839403591578e-01
9.249633042650289294e-01
8.038716239846712686e-01
9.227130754316632544e-01
7.143066425063729907e-01
8.859485732271547009e-01
9.532848601393469901e-01
9.389054323083395603e-01
9.926597143151256741e-01
3.696326813307045378e-01
7.990220321000218728e-01
5.909272351115480992e-01
8.140642111294328354e-01
9.605797312487119877e-01
9.686248383665172490e-01
9.738179222821380376e-01
9.911306809617423941e-01
7.926203370118102276e-01
7.128502814352897232e-01
9.140798072548591557e-01
2.501229875391360324e-01
3.149512951197204758e-01
2.988476720935323017e-01
8.916261115553395511e-01
8.443320514826323508e-01
3.052090404830631876e-01
9.954084028187710764e-01
9.010843742949006252e-01
5.554244517589043140e-01
3.390206299322016670e-01
3.295252819455770643e-01
4.171919257837771733e-01
8.045105396082165017e-01
8.141137762624397478e-01
3.366110719752163916e-01
4.254091203285089717e-01
1.667547109014707318e-01
4.052651722027000303e-01
1.897672291778408904e-01
4.753516109718908256e-01
9.952990974294336768e-01
9.224091405734953231e-01
9.858714182682692950e-01
7.014535378674178201e-01
9.798418732597844460e-01
7.688327784374011653e-01
7.211365972629457666e-01
3.987046455794591715e-01
9.316276041309462519e-01
6.860580176082919923e-01
6.049101170157937801e-01
7.139734750187120005e-01
7.147731780025272652e-01
7.548927944099482756e-01
8.069962243545210079e-01
9.286002021077978119e-01
9.790673723286527075e-01
9.896088081630036726e-01
8.908141909627519395e-01
7.494443181726270220e-01
5.603627467221610203e-01
7.213626263537875616e-01
5.228991117751247142e-01
5.581157366921017937e-01
7.138414780625886857e-01
7.148284458017007958e-01
6.582399648452690322e-01
4.921699616764730889e-01
5.366147236715292923e-01
2.387019594139602185e-01
6.379086910617932649e-01
6.265929186056726774e-01
8.086464368732808605e-01
4.010472429889151980e-01
2.259283498497353382e-01
2.616561695977973057e-01
2.504038919952703557e-01
5.587863664594490132e-01
6.171383423912422117e-01
5.908254898179037262e-01
4.036814038341421385e-01
5.241784222563812268e-01
9.426017267937969457e-01
7.274623740158788765e-01
3.343122814866242853e-01
3.844504019068664680e-01
3.751145336368593153e-01
1.339708927616377609e-01
2.149306256262379644e-01
5.291558461138653469e-01
3.148008677032464453e-01
4.415405548023490501e-01
2.834359149945663292e-01
2.817362121086773308e-01
4.326808112603332535e-01
3.102120147174962650e-01
2.185955404097631172e-01
1.724456209205746660e-01
2.020143799825410008e-02
1.464873120766818290e-02
2.579885174009187085e-02
1.036581459943175521e-02
8.209053984326631498e-03
1.900092203132514382e-02
1.696852631797236485e-02
7.609175287947748945e-02
1.113417259094338051e-02
1.849143711745925706e-02
9.882522750725585350e-03
2.114710100756386074e-02
1.137793780432396623e-02
3.089289468247008799e-02
6.392343438304348702e-02
1.531556132157743493e-02
3.042481258618508558e-02
2.431108535914863061e-02
4.832111999488103438e-02
3.198371373129541007e-02
8.268583234882467825e-02
2.492989064934268001e-02
6.717170444254196016e-02
1.887803442203333029e-02
2.402083175990438885e-02
3.326180404573012700e-02
6.806749223181726531e-03
2.340490386754534580e-02
8.012257989281168502e-02
1.604670732956339774e-02
2.026421740881065303e-02
1.119379091888303077e-02
1.982889893536422116e-02
1.336747672098203069e-02
8.320194407056238917e-03
1.366954862777662247e-02
1.954420346413432777e-02
1.874092723219180148e-02
5.119798126948208600e-02
2.064290711213618776e-02
2.708860463129756854e-02
6.423118124403331963e-02
2.462116469492013279e-02
1.643703241947593388e-02
2.065919830461965256e-02
4.688631483872741923e-02
3.630934239539677227e-02
2.093989156957310263e-02
1.178388777867336694e-02
9.222599007206616628e-02
7.670456950369089477e-02
1.935452169541688333e-02
2.159455082322152969e-02
1.322099018433114080e-02
1.533599786845443909e-02
6.604376997245080261e-02
5.452588951961188923e-02
5.686338934066590550e-02
1.064444315595214074e-01
5.593896420154256810e-02
8.933762360254825230e-02
1.057965835752793793e-01
8.345870615193744235e-02
5.541607392359994971e-02
8.885895538651789050e-02
1.101781757010164287e-01
3.452375600375721942e-02
4.433062716938887537e-02
9.450320471818116075e-02
6.575390303567958498e-03
4.768975670399511202e-02
1.092639667225508981e-01
9.230363517296728826e-02
8.204484039533992135e-02
9.349399550476034104e-02
8.820308115180340580e-02
8.074448210954147942e-02
7.329302835082100731e-02
9.572507059601246746e-03
4.572918598377422733e-03
1.138986932019927199e-02
3.141914038774343970e-02
1.028980727156796580e-02
2.867258985414154748e-02
2.370131807543861269e-02
5.487404398932858168e-02
9.581740680170304503e-02
7.712557070162631701e-02
4.437875568250987390e-02
1.199334412388965848e-02
3.808064778685320111e-03
4.347704644525492851e-03
2.272374458746998643e-02
5.788916863637624810e-03
9.959032593728904190e-03
9.679715039362260173e-03
2.360101422925169404e-02
7.834027762531300607e-03
8.716341811777302342e-03
5.704923884311887371e-03
5.808455789142973752e-03
4.771300518756096259e-03
4.303242026290902272e-03
4.174802523717499950e-03
6.339337711315996132e-03
1.203636880286843881e-02
1.455269742850051444e-02
1.228501429541324630e-02
1.464065183760336966e-02
2.206774996012918558e-02
4.197343218429204492e-03
3.307587817170180855e-02
1.455884657204396977e-02
9.101630201248623112e-03
6.075680252133498077e-03
5.830688788059512281e-03
6.753568645597018277e-03
2.694193504479023421e-02
4.672133137422239575e-03
8.179856913978331492e-03
3.300942792408913945e-02
4.177580708378220847e-03
2.821355251414101387e-02
4.274743523758390944e-03
8.058984409617468356e-03
1.706227169236314983e-02
3.621465164424098743e-02
2.276845147122816618e-02
3.263409007832587805e-02
2.276937848379538901e-02
2.394990281654360564e-02
1.640026668658688472e-02
9.219715461540132356e-03
9.022778581962787384e-03
5.927179487237783408e-03
1.238447163339309424e-02
3.217499959263982884e-02
1.207735520293174748e-02
9.757406051613288014e-03
2.027488513612782373e-02
5.742440452049894090e-02
2.737712303285150944e-02
2.145447231835173607e-02
4.409546028381042954e-02
4.818716564657355567e-02
9.962426452602687887e-02
7.253202246202401782e-02
7.953540792541445581e-02
3.447525182208624472e-02
4.753737718677741864e-02
7.333522259416819060e-03
2.931149650175917179e-02
7.587959487458277585e-02
4.537104650475913548e-02
9.178235843481818979e-03
9.690676483474670519e-03
2.063551397993010350e-02
5.367589815684428722e-03
2.497846208772581608e-02
3.383340708602824987e-02
3.832128079154559913e-02
3.570985861263425293e-02
4.449206761956793488e-02
1.665603534604934849e-02
1.040327271847673977e-02
3.295119654964947381e-02
4.584693919554237371e-03
7.051219481664631854e-03
2.550220656904646915e-02
6.975444586217378375e-03
5.015781293172583838e-02
3.189394150878163692e-02
1.742198287467887352e-02
5.680286702648675023e-02
9.401561005860621656e-02
2.225286406851699136e-02
2.594371699919930177e-02
3.096001018641343985e-02
4.281111468463697639e-02
7.555087590814830480e-03
1.182701805273225423e-02
1.991468134063979420e-02
1.052200524988455149e-02
4.494317948034554089e-02
9.138581811925312881e-02
5.359266234729876538e-02
3.641061787022605023e-02
7.201545869705555658e-02
1.940412789138767219e-02
5.462088074475486554e-02
2.916043644123256923e-02
5.159697369403033751e-02
2.973161682262499828e-02
8.840064765039291894e-02
5.707055607314394374e-02
5.735563634921653914e-02
1.024412240924451323e-01
9.089583622348648695e-02
8.437582000991371289e-02
3.964442589618027979e-02
2.675467462388336076e-02
3.749172786129315038e-02
5.379950680470784591e-02
4.202270875083864016e-02
9.144198689093693821e-02
9.283022368264251534e-02
3.780923315521858563e-02
9.577976316122403799e-02
7.718923413815716172e-02
2.188419210235811180e-02
3.699145553332659764e-02
2.331241913614091540e-02
1.504590379382633389e-02
5.379367947542552930e-02
5.513785361641993649e-02
1.943340964931507264e-02
5.977056011013460318e-02
1.421300007186797505e-02
1.326174477126492758e-02
1.665559985344448185e-02
4.852565002764873403e-02
4.079794267731038510e-02
1.110117604115687662e-01
9.875254181372725149e-02
8.114127216392606756e-02
9.872377469205451117e-02
1.099257716481855107e-02
1.211493289391599171e-02
2.368609584706045032e-02
5.955577234541729881e-02
1.110218369591852855e-01
8.836000982627156830e-02
7.807926430825065656e-02
4.782232831708977533e-02
7.868351373093096512e-02
2.267996414844667546e-02
8.473928985796162772e-02
7.436466912979204646e-02
1.068120839739365308e-01
7.656270706970078055e-02
9.915494057149983054e-02
7.397882500351410373e-02
9.497853329461833360e-02
9.608430566052481026e-02
8.202817088511020482e-02
3.818351477234070007e-02
8.045071766476251385e-02
2.025528022406322334e-02
7.169906568695116889e-02
9.466851350397469111e-02
8.261350040202612710e-02
4.316765343702164831e-02
8.971040365549445839e-02
9.102015021193296529e-02
6.246056997633620683e-02
1.436991969575571529e-02
2.036451371003332109e-02
1.052800052122992817e-02
1.329899326805870398e-02
7.662965539787122693e-02
1.101121432788169097e-01
9.598300671974853426e-02
5.488783999637610739e-02
2.250709657569616856e-02
1.697623523058398518e-02
2.052195980687838289e-02
2.759382600279676814e-02
5.588443535370737902e-02
3.737760123261913564e-02
3.559328463284536226e-02
2.509470385186660449e-02
8.083090623100276650e-02
6.947647974143168759e-02
8.302403362513650908e-02
9.570305459315024688e-02
8.706736756325240967e-02
6.566807550324062215e-02
3.780008281787007596e-02
2.100788470112186293e-02
1.907659439129355886e-02
4.890476650901990491e-02
9.063880643230146084e-03
3.238099726472060819e-02
4.122524010464143074e-02
2.839315861087035250e-02
6.009715807979339880e-02
1.097427234623202519e-01
1.095860024600493754e-01
1.052399094240799166e-01
8.168368250976273948e-02
7.581828597240616863e-02
5.180931200323805885e-02
5.910265273471405900e-02
1.034547318525126935e-01
9.870102509749083264e-02
9.474035858076357286e-02
7.300965488929768432e-02
1.103440688981675577e-01
8.443669987768108454e-02
1.075148123387232313e-01
1.039162630112424462e-01
9.559869383005546728e-02
2.897577114913756080e-02
2.169403202307798942e-02
4.698008602543658069e-02
4.696176935972517369e-02
9.529213105194295208e-02
7.276386920456967555e-02
2.427133517928675363e-02
1.018509020035731835e-02
2.803156426644234922e-02
7.445725149563650613e-02
6.651469155862593796e-02
1.898539245206684600e-02
1.043057553919918452e-02
7.366629208689429859e-03
1.148597891527310295e-02
8.529545468922360499e-03
8.271823708319174517e-02
5.614758647732915470e-02
5.622574199425084407e-02
2.532032776385775841e-02
1.308508919061452357e-02
4.628254908997461031e-02
5.012906283814013569e-02
4.825555630365407911e-02
9.630823049456116447e-02
5.750878368341601210e-02
3.317141799783605155e-02
2.501867881636454446e-02
2.475299036177641687e-02
1.971931940639694292e-02
3.574718571418198515e-02
6.506119216589575927e-02
6.805317960756272246e-03
1.543467531204932228e-02
2.177001893526042328e-02
1.889181077373982415e-02
6.300315249226105807e-02
3.620368291852521514e-02
2.109804252562362537e-02
2.009574376514842997e-02
7.782083006006422499e-02
5.110905735421474028e-02
7.011663850538453480e-02
3.934579624019784311e-02
8.374734268465448828e-02
3.703349733370795566e-02
1.049072099958895388e-01
9.134469510820601712e-02
2.865170253293058272e-02
2.568937367904212954e-02
8.124960492349153629e-02
1.106010609157410535e-01
5.911007079387982366e-02
5.001448870365759330e-02
7.661139616224617310e-02
6.842900195690687637e-02
7.249895025262907688e-02
4.753799866066842766e-02
2.151872625417134907e-02
1.089142257253405272e-02
5.328011438483097606e-02
8.558798795691868744e-02
1.103514880265747122e-01
1.078309677669756356e-01
1.034029636287282089e-01
9.281638971616777700e-02
7.084341053012804812e-02
9.222633455754987442e-02
9.900157961099961823e-02
9.541810936923143804e-02
7.597048774261302984e-02
3.500724467565360237e-02
4.632108183685901964e-02
6.398891432169878657e-02
8.315087378819616126e-02
2.570381905601312397e-02
9.121308950530053472e-02
8.989150051119058904e-02
1.083553197627750014e-01
1.061665190037413692e-01
1.096403747552360530e-01
1.062114979629904671e-01
4.225711128367384134e-02
6.382790296246879103e-02
9.581003435378224187e-02
7.251733989804839964e-02
7.179288805507208493e-02
6.504053889744779160e-02
9.416163425946486032e-02
2.723799549347835289e-02
1.581931057903506604e-02
2.923901957025328707e-02
7.555802128807036222e-02
6.364271176539883224e-02
1.067087615817876728e-01
3.809389533417838203e-02
9.825953703711956533e-02
7.712862442464042678e-02
9.402755057891275248e-02
6.431191633969375598e-02
1.073455942843478811e-01
1.062797960893191312e-01
1.095917741424148606e-01
1.876726631906851586e-02
1.069979247856540500e-01
7.172678960367015466e-02
3.484012827560174774e-02
6.037466604628165256e-02
9.135551156682608642e-02
6.448811805419098209e-02
2.873239171904124964e-02
1.003872618906892500e-01
6.211289129999098685e-02
1.045853671974185384e-01
1.068774148736596347e-01
7.344290398749957205e-02
9.655510732578484467e-02
3.110640024335547746e-02
8.806715263748732259e-02
5.324042603575304677e-02
5.004293008783110286e-02
1.060822371213189681e-02
7.258990961709113274e-03
2.616132490049710366e-02
4.338978412935160650e-02
2.648185423184150691e-02
5.694354089753136255e-02
1.079716271865241717e-01
1.109279904762811991e-01
1.947961604715856346e-02
3.473873120740900849e-02
1.119133686287556578e-02
3.078639883660589868e-02
6.559097864810349565e-02
3.290229620693323892e-02
4.942522236236377570e-02
2.899070005268739730e-02
2.344256956629771349e-02
7.084306653004537879e-02
6.493118134582727755e-03
8.771898424115069648e-03
4.096602308594568531e-02
5.012546789496574035e-02
4.442386657815440565e-02
1.104420415694072344e-01
8.500012339495463531e-02
8.563419568978096474e-02
3.666743403223859249e-02
8.643734018372119243e-02
1.031904449865715112e-01
7.591089170907618089e-02
3.724015352159545239e-02
1.297118437464210225e-02
2.395842075917536951e-02
9.601865003964814294e-02
7.142759090649224152e-02
5.779970151372098436e-02
7.039609275796827881e-02
1.057901424341397834e-01
6.598814052196164126e-02
1.897851497061167625e-02
6.928780793076917341e-03
1.112289530739706510e-02
4.880029949035107756e-02
3.925107366460261343e-02
8.437266844189909853e-02
9.597415173009248013e-02
1.008381593297996148e-01
5.520913855736071796e-02
5.663975084237472812e-02
6.689865290322039026e-02
3.039221437013526692e-02
7.775077906356960000e-02
3.596671589623760823e-02
4.639233417655846264e-02
1.040363096617972632e-01
4.813808940575914352e-02
5.737573522713240726e-02
8.280587682453713350e-02
5.856372881257898566e-02
3.698663366519889389e-02
8.303932362651443577e-02
6.360323874295559232e-02
7.031391777547291166e-02
4.098406780108291431e-02
6.870155039710040823e-02
8.428173341171070476e-02
8.816197432912252496e-02
9.808861714540739740e-02
8.538627759201608547e-02
9.573644834554211058e-02
9.891586169929440786e-02
1.102283127131374052e-01
1.100459449080475605e-01
5.273346251474989727e-02
4.323697813641210613e-02
1.109277004379437548e-01
1.058389547172913087e-01
9.068713777603235049e-02
9.462580726714399371e-02
7.339422729897143727e-02
1.426556465114732497e-02
5.274157835911955777e-02
3.843208682908531848e-02
5.386290469654902296e-02
8.984312979409433964e-02
2.871826089379861391e-02
9.843560097520014096e-03
2.213840472316237415e-02
1.830404696224288696e-02
6.150862149555328534e-02
8.380448222093757338e-02
1.061835326130221302e-01
7.304849876701276223e-02
9.503712325966610919e-02
1.079409808627481565e-01
7.606282480089568421e-02
3.939856277980426785e-02
3.458808654015065737e-02
1.024345207799467680e-02
1.383789666986777814e-02
1.065175665951727420e-02
2.551901534983256128e-02
4.949664582097559884e-02
4.840779686984580943e-02
1.145369288898492183e-02
1.009654658859594246e-02
2.212297152236375464e-02
1.391451268855317842e-02
6.875198899545900341e-03
1.062336298772121983e-02
2.612117392051403753e-02
2.501396001627701274e-02
2.557827914651899515e-01
1.968434312622905913e-01
4.368264410271613940e-01
5.204373204772174688e-01
2.328629489313861489e-01
2.814793458469380671e-01
4.063527493327430684e-01
2.346200082330089642e-01
3.648863299382941738e-01
4.527517969784989327e-01
2.758059706558450563e-01
4.730608357825809573e-01
4.466674388941756502e-01
3.556033110279669396e-01
2.717231199628456495e-01
3.448977003728049273e-01
2.517240964152159255e-01
3.326721131414603905e-01
4.111963665678633473e-01
4.436003139709322474e-01
2.264773777074942929e-01
3.268744094891313234e-01
2.256098360966201366e-01
3.277134220865741132e-01
4.659726605093897911e-01
2.177503012701547946e-01
3.165625015439751944e-01
2.682095526676923081e-01
2.660154671374174717e-01
3.036355446393353974e-01
3.769824010573304407e-01
2.501082265769530300e-01
2.681649752457620495e-01
4.974644185047626399e-01
5.226120781328168485e-01
5.430114348221684040e-01
2.397104389750414066e-01
1.872817861982102594e-01
5.233917317651318735e-01
5.581153197546681044e-01
5.094303490856375571e-01
5.399995220701361287e-01
4.945087547718896026e-01
4.018157041899713122e-01
8.214327761911983661e-01
7.144499336402766465e-01
6.485963444583506821e-01
6.279816492603124134e-01
9.438164909585120554e-01
7.442352914923252571e-01
9.406612850901312495e-01
5.674985296144516855e-01
6.767953694582427016e-01
5.693584585340022430e-01
5.586736694085455701e-01
5.629311741201830088e-01
5.306173202177619785e-01
6.531403695422981492e-01
4.542139362003049241e-01
3.974425705308211043e-01
5.632445598489254079e-01
3.526566263252091660e-01
2.907417040107119766e-01
2.217309791495097326e-01
3.762729574782416875e-01
4.444058236154146968e-01
5.228787994520036619e-01
5.235902004614667593e-01
4.887604439756690344e-01
6.826255987171084838e-01
7.462169261418053479e-01
7.354090886832054252e-01
6.568500704229630616e-01
4.055506158131982897e-01
5.059781744999439779e-01
2.957162196803755916e-01
5.605490619019312115e-01
6.533602168688161793e-01
5.608156630888481153e-01
6.210354661034459545e-01
2.390112793065512220e-01
5.237987225030474869e-01
3.376874190024691247e-01
1.923438422715777751e-01
4.611284100538182718e-01
2.337059985277057106e-01
3.807031379364410051e-01
4.534174071651391746e-01
4.477110747073256292e-01
2.411533593487885929e-01
2.723445711432004868e-01
2.090777908300273102e-01
1.793993048822063452e-01
2.752838463493437193e-01
2.804165109699943703e-01
1.061463758774443961e-01
1.831343784210366921e-01
1.273615229875361965e-01
1.002387715947508501e-01
1.568355045874270104e-01
1.252713125498039759e-01
3.858870780481095664e-01
4.768014195115857778e-01
4.011419278756560014e-01
2.500536746312225778e-01
3.914798285896857188e-01
4.081074831754074039e-01
3.519430036199082124e-01
4.054321739636028155e-01
6.199730221048723733e-01
3.976367954775091307e-01
5.582149766606456787e-01
8.108556050976161167e-01
4.995025039197252270e-01
5.570152739230885830e-01
5.585791466360204849e-01
7.092122896579058366e-01
9.921700337564036687e-01
7.145489467248224980e-01
7.062357034840264225e-01
6.184037826414601202e-01
7.425792125421845080e-01
6.185627226267819134e-01
7.030656930659495707e-01
9.325794780310421306e-01
6.193448490389533712e-01
5.096867257291405329e-01
6.166862375117593276e-01
6.557547684816567024e-01
7.003963442450379384e-01
5.298510478485326525e-01
3.471607253539513716e-01
5.036146690874836462e-01
4.131207443394886436e-01
6.437005628991006034e-01
5.446916109614753365e-01
5.724115988591027548e-01
7.142191343130981362e-01
5.540802649439939831e-01
5.235428739998141401e-01
2.326141464562344885e-01
6.036745437225603528e-01
5.904945525990520361e-01
7.408426906233969156e-01
4.873501748796300048e-01
3.479222172901738630e-01
6.489116082607337965e-01
6.827408576131885898e-01
4.341577492778529446e-01
5.522023817332076812e-01
2.634374544099566950e-01
2.870763453570286949e-01
6.305902578796068747e-01
7.226803375915056282e-01
5.929693682879418892e-01
7.134978671568724673e-01
7.136567233202819605e-01
7.316625282761913818e-01
7.191200244840152411e-01
5.229864246870015165e-01
3.939855087635556474e-01
3.045475181976873835e-01
6.279915010796379704e-01
5.181577965526746876e-01
4.387573426290848899e-01
4.490886578760233672e-01
2.748629983348976902e-01
4.629780254776091897e-01
5.242473457276378701e-01
2.694673764732818388e-01
5.544866792597905603e-01
3.769108756443517727e-01
4.447450820185414599e-01
2.483763387997026950e-01
2.288846956211611772e-01
3.422206824052575480e-01
5.587533897846345132e-01
4.579262362270372089e-01
7.148289798109483950e-01
6.434536818101483924e-01
7.727416750584831240e-01
6.563428860658468977e-01
8.096347361398972264e-01
9.257468722802298933e-01
7.167922866974116847e-01
6.553387488480763023e-01
5.346989607436046787e-01
5.226975859594250595e-01
1.542456180498091023e-01
2.700283907385969684e-01
5.204058294305483612e-01
2.706279721035818597e-01
9.550410692694091819e-03
3.553957648238891820e-01
4.562840696404282248e-01
2.263128168192081735e-01
2.226225182369016842e-01
2.751296524764055285e-01
7.143474655440495980e-01
6.420916513818410998e-01
6.505988452568417513e-01
5.584258158959921614e-01
3.091736966472004022e-01
1.873240431592365640e-01
1.835155156764535778e-01
2.264568222010884813e-01
3.066221701328669114e-01
3.367058871148937427e-01
1.910335665037870556e-01
4.788719948866087539e-01
2.746788745029537515e-01
3.742170596514660108e-01
5.241396567859669675e-01
1.956563538892573673e-01
1.916658913861696290e-01
2.105628673617393198e-01
2.436932795655361306e-01
3.824150963815560744e-01
2.492833739435072471e-01
4.506678930372156056e-01
4.728710992515722800e-01
2.496983509445367955e-01
5.169534217553962696e-01
2.782290690947937239e-01
4.675429804472887585e-01
5.595077481331125480e-01
4.781856284636555876e-01
4.226049220807691076e-01
3.513444561626360985e-01
5.306369421347887361e-01
4.779661633413888056e-01
4.147940658062951869e-01
5.236600245814193588e-01
6.182107070394435855e-01
5.808844987989870701e-01
9.575852147148398164e-01
7.391789752631562349e-01
3.635852825374973341e-01
6.011754828738390399e-01
6.342306271712410126e-01
5.995169839083573926e-01
6.193559534223815888e-01
6.155298334720851194e-01
5.248084691022539827e-01
5.236236444663668888e-01
4.398606953856724622e-01
5.123789230003999995e-01
4.220195374287344925e-01
3.624783759997456944e-01
2.855329731590608988e-01
5.587427458303891870e-01
4.980651464844531029e-01
5.590381386272831321e-01
6.458654804141970018e-01
5.237396393489665014e-01
5.587640339416395374e-01
5.513112332351376432e-01
5.522071257341376604e-01
5.235084574418524817e-01
7.539724436557612153e-01
9.997531320925783227e-01
9.078577028084080514e-01
7.451409731326417152e-01
8.589560820697010879e-01
6.303020232289314739e-01
7.813429325460113928e-01
9.883387974372739304e-01
6.347487007850853846e-01
2.886365768840088997e-01
5.297679316233687707e-01
2.687768831592222685e-01
2.937411418710690336e-01
2.825047359385658430e-01
6.469336319211425046e-01
6.274473024373639074e-01
4.685466519850544076e-01
2.439182148829348029e-01
2.679561110664586687e-01
4.206632334923688932e-01
9.130646189742021024e-01
5.969408101976846348e-01
6.535103216321946906e-01
2.650869565099966962e-01
4.075577074783574560e-01
7.238376750462018894e-01
6.799622288918915070e-01
4.832852411271891246e-01
9.284902561889537553e-01
9.966856365299288090e-01
9.725580050521420716e-01
9.751020532319971679e-01
6.184127912288532869e-01
6.662007168407112490e-01
7.374694113950444052e-01
9.998808534153139638e-01
6.347325786703932327e-01
7.138790747097641942e-01
5.084336678696168565e-01
1.732731082835698433e-01
1.513759214601430592e-01
3.208955877478319452e-01
2.334252537386803661e-01
4.178882898459996276e-01
3.931317156525134804e-01
6.247875148578334592e-01
4.762560453056161602e-01
2.388457295106519995e-01
1.633753061588623934e-01
3.134916992875844133e-01
3.448183520343839903e-01
4.654408894034927080e-01
5.038739533460999676e-01
6.183407262040359065e-01
6.182070124005685230e-01
7.029577682836360975e-01
5.583511475956466352e-01
7.487389358936903383e-01
7.494655934835907640e-01
9.796332794541338096e-01
8.812513911050491311e-01
6.311440190868045086e-01
9.221304493500082078e-01
9.212608131063533268e-01
7.401014482672495509e-01
9.731037931566917099e-01
9.090606273221935041e-01
9.828226531107786546e-01
8.731188883701812564e-01
9.817171837287885783e-01
7.459772578484822336e-01
5.493021707567290468e-01
5.237836576221271967e-01
7.390735125903878933e-01
2.560310308686373770e-01
3.543271576371163634e-01
6.515886616513758556e-01
6.083267930408365887e-01
9.777111860110803132e-01
6.280937814773664973e-01
2.089720765788245782e-01
5.082946717103125067e-01
6.115500640749811367e-01
5.973463088389021625e-01
8.222788175344762918e-01
9.133501226151815588e-01
5.377122386180333002e-01
6.220119018048714254e-01
6.340799770345738606e-01
5.228065408531895608e-01
3.917085936991555606e-01
5.582512578599143627e-01
7.134179193803498187e-01
9.779369038970633365e-01
6.548554791611087555e-01
9.185785897018453605e-01
5.913293113880285778e-01
7.139374734284561486e-01
7.142202014216101347e-01
7.177034424594284090e-01
6.677640252898316975e-01
9.951102579006354532e-01
7.398344509979561945e-01
9.220050829913724044e-01
9.750900339611267009e-01
4.954107772997834447e-01
8.909083611220415255e-01
7.204296027052166096e-01
4.955044199717992259e-01
3.610371381939758151e-01
6.877806938004192849e-01
7.725379246150676504e-01
4.763122626081787159e-01
9.246047503601150241e-01
9.946171394111140707e-01
9.157868390114903834e-01
9.431655802074142558e-01
9.788501684215263898e-01
3.122946910243193930e-01
5.181034136537758794e-01
9.282794184235215740e-01
6.196046975088106423e-01
7.140918930534206899e-01
5.583075609411521922e-01
2.539016688333411431e-01
2.899526135520288372e-01
5.120005031516863259e-01
9.311398584414972701e-01
7.439192855165096541e-01
2.940485155850309229e-01
9.954645473274761347e-01
8.948407564765735733e-01
5.573268234666802767e-01
9.781367332663244429e-01
9.706849625938130943e-01
6.114408853718216186e-01
7.210862285603951705e-01
4.990319958399702105e-01
5.552746832791606302e-01
4.764147517258409681e-01
5.783587935351144349e-01
3.086179135583119737e-01
9.369428519447556836e-01
4.650919241605115384e-01
3.144249372517955998e-01
8.542213973283692141e-01
5.956144945049641759e-01
9.247463590878222117e-01
3.860899328290303134e-01
4.382037583283120430e-01
9.229826343130702604e-01
2.769325195734443357e-01
5.256391073778589051e-01
9.121762745919936854e-01
9.844046851544621113e-01
9.774537559210318971e-01
7.932897185944088880e-01
8.208233438058695208e-01
7.140545519135095276e-01
9.132573326691006965e-01
9.781126200612495492e-01
8.854238867738996044e-01
9.479820643018170845e-01
9.793281537982819751e-01
4.278752165341419555e-01
9.348450384682766012e-01
5.117412423341970440e-01
8.456140853299539684e-01
9.914339290283605832e-01
8.440917683796784754e-01
8.344973456524255040e-01
9.961813186280227272e-01
6.346982019992430946e-01
9.855234879880098164e-01
7.668440740791244714e-01
2.493203425269867046e-01
7.685373307498486461e-01
9.983507654778362994e-01
8.406781379270422683e-01
4.405777823004443650e-01
9.745336675138436267e-01
7.601982786531322756e-01
6.554092503686017590e-01
8.688203545360454472e-01
9.825763555882289779e-01
9.950180815399152223e-01
9.156281336740880183e-01
3.225202170654331568e-01
9.790768806712928374e-01
7.527593322970319578e-01
7.139934766866282700e-01
6.010066430473633980e-01
7.141068300561473903e-01
9.417768054884393392e-01
9.472231935700664573e-01
9.786373992080248385e-01
9.774358661363371503e-01
7.181958032042737861e-01
7.450780739007951681e-01
8.374706713045567685e-01
9.774212624731967169e-01
9.958505800625646609e-01
7.434423346481003891e-01
6.483764048292272042e-01
6.226502222596952407e-01
6.502633304060748687e-01
5.419352884045384178e-01
5.236232532960642949e-01
7.365238081359229971e-01
8.602175856696879785e-01
9.787953265709513628e-01
9.833191062972903573e-01
9.112210600305019614e-01
3.528725900133907745e-01
4.862584537684520036e-01
8.213161914825645171e-01
7.633946030488280021e-01
7.137241679216534962e-01
6.498988577050682780e-01
5.021705429946532462e-01
7.675298159408231458e-01
7.148364559822111275e-01
9.733880730449582241e-01
8.797204489562980845e-01
8.723544493777130038e-01
8.961442505837953210e-01
9.250109837517485056e-01
9.342038044077147774e-01
5.022829111961863990e-01
4.668517514681604363e-01
3.535204826390117017e-01
8.930536738843778410e-01
5.516892391041265942e-01
4.703441465196825377e-01
8.636382945582439241e-01
5.333644879089134427e-01
2.504354140920619920e-01
9.212411989506178456e-01
9.683473750682973780e-01
9.244897524009161316e-01
4.638112725029351346e-01
8.110288668632642528e-01
6.850373327666657852e-01
9.793899761384550207e-01
7.579119414271002775e-01
9.790000851582857377e-01
4.168128065205299326e-01
9.936891643459292434e-01
7.447503045667152044e-01
3.749364913581276215e-01
1.887145093755606129e-01
4.140065055230008895e-01
2.835805699007902803e-01
5.168283121509957834e-01
5.669004438637007537e-01
6.434902152020266497e-01
8.104807352179729252e-01
9.100142569672591275e-01
9.324046280282198840e-01
3.684198316369610704e-01
2.769807270567655189e-01
2.811824851792988356e-01
3.757161033699851771e-01
4.129840483879302360e-01
8.500571755246529859e-01
4.535170027294957995e-01
9.978355416991477878e-01
7.785299128243101663e-01
7.981104809436685432e-01
9.460683572978846323e-01
7.855122843533027810e-01
9.771135410219300432e-01
6.719075535864537096e-01
9.258149948851939204e-01
5.194623716249837653e-01
8.376799701228510031e-01
9.434548575914121216e-01
9.989005809892226306e-01
7.147280591513712755e-01
6.498398716806452757e-01
6.131781759827549250e-01
3.529048839263134729e-01
9.259737365440132706e-01
8.481352076679157248e-01
8.592548355296369955e-01
9.199056667278617816e-01
7.360323537711218611e-01
7.145193214254675906e-01
7.847594707689905524e-01
9.073295304580772935e-01
5.709134814355245613e-01
4.339995024536985047e-01
2.983653893961927261e-01
4.270138502711939288e-01
7.509055984634718239e-01
3.262138116459061266e-01
5.168694328004167504e-01
8.322825192751105439e-01
3.035434658567167654e-01
5.755417319570371726e-01
3.435575464062611828e-01
2.876071925657018857e-01
