2.517375167688899676e-07
4.762296016760572577e-09
1.394330832146806589e-03
9.346866270294906147e-04
1.830712853772345971e-03
1.306313061909808307e-04
1.303067924601884894e-04
1.631960840420500561e-03
1.822583071617224170e-05
8.708738669777218002e-04
5.930488372837991387e-12
8.093470489836445550e-08
2.973224420906110644e-04
7.133060879906578684e-04
4.414820914983950441e-03
2.081639311310793262e-03
2.718935315353299045e-03
6.715337841885540273e-04
3.083353284606695898e-03
1.500476948898231844e-03
6.618696705986227896e-04
1.094739649065498786e-03
3.687533492965356253e-03
4.479312862045317124e-03
4.779639304715153740e-03
1.681915584270379229e-03
5.878114088772964279e-04
3.712107323317521966e-09
5.224851184568769334e-08
4.572943353895762489e-05
7.066186029299427918e-05
1.241359099607296950e-04
1.141294068989565905e-04
1.184000285836180402e-03
2.347794314541507131e-08
1.047306136608367215e-03
1.898076713670211095e-03
1.359872867945478977e-03
1.006928192651291437e-03
1.227807664705499223e-03
5.123868276360577607e-04
2.320868481318953626e-04
9.475198389437639252e-04
1.171790336008821489e-03
5.797015294678122162e-04
3.776446705476320463e-05
1.844689200925110161e-07
5.760268267337523270e-08
1.838563131501766570e-05
1.091792850196055253e-04
2.067297801941775336e-06
1.771554662370605239e-08
1.594996704476587201e-06
3.685047639581568747e-05
3.802615908370448000e-05
5.469436355174659749e-05
1.748287231690793620e-04
6.507631699361631807e-05
4.051896595538108582e-05
1.896222234215418035e-03
1.937223942391679953e-03
5.877196396282103165e-04
1.044099366283767144e-03
1.401760074994862692e-04
2.174337421820211595e-05
6.861952067911927973e-04
2.167301992121247953e-03
6.449742848032647205e-04
4.105590435079718129e-04
1.409399660443101882e-03
9.737198264631080798e-04
2.930388273046744961e-04
1.564496409273332460e-05
3.086210387922933913e-05
3.091846805555588607e-05
5.431978485307647902e-06
1.942738518284911035e-07
3.295884207691973465e-06
1.057731416231935049e-07
1.123630463147484598e-08
1.352981852294990505e-03
2.465958737557958583e-03
1.442225483852441073e-03
2.793120407030588986e-03
9.854617577144150591e-04
9.822337347098330108e-04
1.064062492379129173e-03
4.528978160936425446e-04
7.854085138893897268e-04
8.817822679218248168e-04
1.960723029117594773e-03
8.612455264922649987e-04
1.281467131266362039e-03
2.604546032649478725e-03
3.806990298806199325e-05
2.529427857237346021e-05
4.574002170313170731e-06
5.656837479096278738e-06
1.738441853564996983e-05
4.368576246414842434e-05
1.691687279749561113e-07
5.293391228024080757e-05
7.637542872916771349e-05
4.959108622014185244e-05
4.027372608745292439e-05
1.666463742576024446e-05
2.763919618699615726e-05
9.104701642313363301e-06
2.205519714199470366e-03
2.780006834402059396e-03
1.546656377394012565e-04
1.753341222042629566e-03
3.509280964353293873e-03
7.604224349083094168e-04
1.390576560740979558e-04
7.638766274350242068e-06
1.494625182935623242e-05
6.629882163923715294e-06
4.022393400134781160e-05
3.424383275256144484e-05
4.080739652291481492e-05
3.144699348410204319e-05
1.801360512006627327e-05
3.421031158077591621e-05
2.592271928758721849e-05
2.942023352121391470e-05
4.127297709632578597e-05
1.329398944575995627e-04
8.413196302898069592e-05
7.333337344373848171e-05
9.664521580592371625e-05
6.756938414153093857e-05
5.193221277238702706e-05
2.347006567892005670e-05
6.370369951821697489e-05
5.530986727966501746e-06
6.874075455363145952e-05
1.727318038747332151e-04
9.886461034439777019e-04
1.573411919402974200e-04
1.361193047539080111e-04
2.740715776577235473e-04
1.456391400561878177e-03
2.113216391676588280e-05
4.767699513207536064e-04
1.217699462663836101e-03
2.036180062973773613e-05
8.772662871602697379e-06
2.482282506502420669e-04
4.944227430921652785e-04
6.163968298241470720e-04
7.256898883761819106e-06
3.901705612366833343e-04
3.461647562105553714e-04
5.820034463291986343e-05
6.900570323046124324e-05
6.758786138594166226e-05
8.606206392089065188e-05
2.596665008763945361e-04
6.386094327189475311e-04
5.854291841927646055e-04
5.389734924778359550e-04
6.741394628531909190e-04
9.607703803243081847e-04
5.392834110825164362e-04
4.586801934028557348e-04
4.511304278876678963e-04
7.084207404827434513e-04
1.765632934091627233e-03
4.152979569054360384e-04
1.770926776273617359e-03
3.471767145743869507e-04
5.051730014426382550e-04
8.586892819753553282e-04
1.318252565424669334e-03
1.316018485788708701e-03
5.393958232465376939e-04
1.082125636150420940e-03
4.935333958187688129e-04
4.633296104046997761e-04
1.513053444459035645e-03
4.453066475540829686e-04
3.397275032120937476e-04
6.599340292117635834e-04
1.265797721306972630e-03
9.937531189018794422e-04
1.056434654688406978e-03
2.630063352485621762e-05
9.428552323326318366e-06
9.864419654932512428e-06
4.263115327713189152e-05
7.948213243917787572e-06
1.965628458670388263e-05
2.013825357600154171e-05
2.481672314319305291e-05
3.237142537846058091e-04
1.777186698990467384e-04
2.105503711017912391e-05
7.341808997992542787e-05
8.386987156077193410e-06
2.104525590692020966e-05
3.698926284476110099e-05
5.195308905484294278e-05
2.481107859582192847e-05
2.284962103179190751e-05
2.051127931438101888e-05
2.908230677581039953e-05
8.451145838760768816e-05
1.208205446313207268e-04
8.349588289993172560e-05
1.287522910137872223e-04
1.298013377384920665e-04
1.357925092208624342e-05
3.441407611082505634e-06
5.097662952643413627e-06
5.153401572229024174e-05
3.164669885340209727e-05
1.668213155187339570e-05
5.581153030083294789e-06
2.998145898660607334e-05
1.570538794004199451e-05
5.428001526790869098e-05
3.482703497312395445e-03
2.703745985201953567e-04
1.458536759389143930e-04
1.772631444888996726e-04
9.170486697981586202e-04
1.395844518198681374e-04
7.380395919255799346e-05
1.404025478719019438e-03
1.363427520312647957e-03
7.343871520547956761e-05
1.840082282631227224e-04
2.018064285311284550e-03
2.005704664289766504e-03
2.260500130955393208e-04
5.223461371034595832e-04
2.056560460642634959e-03
2.054187412273619610e-03
1.654716775770912005e-03
2.982946630987856791e-04
1.199570826821225048e-03
1.845975911760101579e-03
3.152475733149850035e-04
3.297975727315886093e-04
2.530103478209291004e-05
3.290018614862970023e-05
4.808987688277698832e-05
2.298783247709214228e-05
2.031671144350057098e-05
2.490724795672219559e-05
3.069948616255319313e-05
2.852775587052018333e-05
1.802032140198764221e-05
3.942119259665374792e-05
3.029076281867640935e-05
2.725896508276506514e-05
2.982245670020920568e-05
1.221156495400490313e-04
4.052225032840795497e-05
7.921408951771040082e-05
7.171415318484483897e-05
4.856201058932675863e-05
9.567722361452431646e-05
1.467846510035251744e-03
2.922112811664269173e-05
1.384120762474816922e-04
2.221454987087049561e-04
1.874385131590251396e-03
3.325916633201343731e-03
2.177042295076679363e-03
2.304610861682637041e-03
1.789765367008967290e-03
9.910789647446611658e-04
3.046935574131038466e-03
2.283373793032515957e-03
4.567290285583814301e-03
3.514874649551207823e-03
1.166670512772139496e-03
1.096152525934807184e-03
4.321454652820569051e-03
3.368424342532024950e-03
2.262885988444925372e-03
6.436220175031035114e-04
9.994616382796802940e-04
8.054553645192967515e-04
4.435127518146135019e-03
9.606383254716681580e-04
1.167392819938012404e-03
6.499025722902949595e-04
1.022938791704121678e-03
9.665309264456340256e-04
1.103082783273032609e-03
2.775679060350863276e-03
1.887279945625791545e-04
3.331942293893937895e-03
1.359111383207059890e-06
6.531218664893467059e-10
1.201419477475672228e-10
3.273759659370753714e-12
3.785105533079506601e-08
1.581793339791284435e-07
2.727373709144435559e-08
1.241005938239849723e-08
6.907750967281723283e-08
5.590725371998083828e-07
4.234168015168035556e-09
2.041176827436178288e-06
1.688556670809131099e-07
1.078185367460726155e-09
2.122214807476989045e-06
6.818587863669428717e-06
1.474486508654745035e-06
9.313022015716873365e-07
2.206999145382898780e-07
2.992396857781967174e-08
1.689572546268077278e-06
1.769879329530438069e-08
1.158281344919550903e-06
3.412368520361673451e-09
4.565679216619326108e-11
1.295330063852363928e-05
1.633865328286375802e-11
7.724762199365017064e-10
2.732331691558729139e-06
2.364475079603266405e-08
1.846988425821600745e-08
4.046917010159004002e-06
8.233474111852491894e-06
6.502110920739527297e-06
2.374761593970393349e-09
6.294314281594348173e-13
5.085717622210706985e-21
9.705679681411963139e-04
1.076620762238567541e-03
4.093640189003796941e-04
1.166737976974680836e-04
1.848610220647080565e-04
1.383357979150772821e-03
5.646253434515224125e-05
4.228667400103638724e-05
2.310461054480546053e-06
1.417579277252000487e-05
1.510188889163162975e-05
2.365811338715956839e-05
3.454056669545530319e-05
5.363199830239971227e-05
1.942850550026491849e-05
2.404346434726582161e-05
2.436795452745941563e-05
4.106933441164510830e-06
4.034228798165603327e-06
5.334114907567419182e-06
6.775379720970410584e-06
2.583720730326248414e-05
5.134616034799240416e-05
3.569287351289875587e-05
1.559748211785750086e-03
2.315048676892945446e-03
2.213608685925147566e-03
1.823713089105924706e-03
1.708336506348938225e-03
1.239726733385033714e-03
7.961891690245236422e-04
3.204829886782652269e-03
2.688130770165408391e-03
2.290662271188811158e-03
2.103226889105564053e-03
2.308242954991977704e-03
1.919718664732001810e-03
2.464178911041049053e-03
3.598547093416634788e-03
1.887813796614530972e-03
1.731036530228701690e-03
1.753153272250168940e-03
8.829730689265485009e-04
9.949434925621435024e-04
9.298334941052703974e-04
1.024531820578900802e-03
8.624063387975691242e-04
8.921199176870614608e-04
2.073395103884060654e-03
7.071707632718177323e-04
1.037475349353969524e-03
1.040509411755206545e-03
7.937690886555782629e-04
1.322207510363623481e-03
5.478740106996720033e-04
1.041609494182953871e-03
9.407383417751537420e-04
1.219870519001978182e-03
3.599435678570502093e-03
2.648864748719088804e-03
4.410217561799252214e-03
1.233070037958723360e-03
7.506647893242179197e-04
3.855344616924056677e-03
3.054989144862775997e-03
2.198969451249933958e-03
9.144572677365280736e-04
4.049116362020602038e-03
1.125674147570818965e-03
1.157884493658080643e-03
2.894302471640252099e-03
7.991256920329262202e-04
5.938050309960682177e-04
7.551269505059537371e-04
5.019307523044106486e-04
1.322908009585519904e-03
2.247626171209085935e-03
1.334498540130419058e-03
1.082266710549414793e-03
1.743952736803844718e-03
1.182863363069249505e-03
1.386885952214732655e-03
2.195773382372638149e-03
2.016994183844912202e-03
1.601133905631693145e-03
3.391336668123651459e-03
1.832113837510320224e-03
2.284715785612677439e-03
2.008915952502178699e-03
2.392634827105779086e-03
1.705780269215106211e-03
2.045435272489075102e-03
2.297902772470637039e-03
1.647262954410288246e-03
1.720057631486405364e-03
1.296488583607470014e-03
2.273139072832029445e-03
3.335635690953120663e-03
1.418052400117967996e-03
1.460429078050469150e-03
2.968905449202632971e-03
2.482782488621725764e-03
9.109495946997082970e-04
1.923806657361636389e-03
3.522680527436077274e-03
1.445010574127684891e-03
2.148999196176506858e-03
9.350455979885525723e-04
2.002747601639321730e-03
1.455905150238197276e-03
2.588295753800679867e-03
3.262691955121065426e-03
1.223189874186972337e-03
1.004754368026292448e-03
2.174449001616472320e-03
1.006526586903391330e-03
3.570005199662744898e-03
2.580717593424263021e-03
7.954947582759417084e-04
1.764779742563212916e-03
2.831760704027944456e-03
8.515203705901789114e-04
4.665838928134753358e-03
2.862577980540756926e-03
2.148581030379678476e-03
1.825669857306152534e-03
3.788694037191665115e-03
9.309302626224524911e-04
4.950960184437093979e-03
2.965340089812931301e-03
4.397403311233082849e-04
1.562041265739990466e-03
1.255708790836681426e-03
1.147001598141394628e-03
1.754608280279965852e-03
8.782509838241984480e-04
1.380967138752774983e-03
1.650784941317144650e-03
1.732419472799741214e-03
2.800876366089678966e-04
1.616285100569534925e-04
1.346760952834364592e-03
2.942828075761666777e-04
1.406253997011313889e-03
1.326268346986653028e-04
1.683324044597554097e-03
6.568609399184635860e-04
2.634951715456506065e-03
1.176202220632073482e-03
1.419362890334473215e-03
1.395971318796132912e-03
1.692382345341484880e-03
1.884983369341767037e-03
1.256929345004106392e-03
1.503575013586981417e-03
2.559351757158647919e-03
2.287225284221074129e-03
1.715083046976360361e-03
1.227307877400642989e-03
1.073651024815490927e-03
8.306654534040226225e-04
1.563529791370621511e-03
1.897074488569500724e-03
1.612030983873724652e-03
1.354379919930880994e-03
1.314027690120377675e-03
2.636470795063902434e-03
4.073710366624259949e-03
1.741306131828278736e-03
5.547098476755060866e-04
3.565821612675217252e-04
6.504715921000643044e-04
6.936589949026716320e-04
1.099332318098366615e-03
8.284146906094653129e-04
7.191579802499107558e-04
1.696093927552134138e-03
3.530758011284780670e-04
4.059842840779776343e-04
3.333977525548374905e-04
6.120590532753409285e-04
1.177564517449267330e-03
5.875695026688137167e-04
1.007539933837627456e-03
8.906848652857387704e-04
1.582939836705517158e-03
7.782523376001744889e-04
5.153783086752672426e-04
9.829453851527682282e-04
4.876337427734751709e-04
8.298244211093218402e-04
6.021446016912915039e-04
6.883559575406562273e-04
3.083573047366277935e-04
5.193462186939234960e-04
8.601646680589060054e-04
1.049156936645394365e-03
1.242138783003995028e-04
1.193866567560840987e-04
2.744973461033532164e-05
9.155135407837018506e-06
1.381079911261770146e-05
2.122508276435265372e-05
5.634221756999311943e-05
2.672240820114998131e-05
1.200626402455463751e-04
1.054851439226845854e-04
3.453086846026723572e-04
2.625021851831506217e-04
2.900754888254515151e-04
2.095470680399086187e-04
9.390366430035560798e-05
2.941548870457198935e-04
3.793671329548507169e-04
1.888300271770866645e-04
1.172457919810967043e-04
2.629734460879056056e-04
6.180080660668113872e-04
4.531152485501060349e-04
1.048703625117351117e-03
1.097347916334621282e-03
1.601863106243629807e-03
4.768445744870942115e-04
3.131089519761628594e-09
2.374159000752009824e-06
1.811396734249109788e-07
2.776454084452017757e-06
7.563221368570073936e-09
1.336542029436586964e-06
6.637024552593880433e-08
1.828759168817819070e-06
6.701848110394892022e-06
1.715778658753577970e-05
1.562024817494638408e-04
4.927256657883279892e-05
1.117792767036537523e-05
4.478239558649667801e-06
1.749746572676159797e-05
2.046908533849199337e-05
2.193964517529983023e-05
2.268396559657394034e-05
3.314931247307560978e-05
7.702766511964120020e-05
2.780353283020068809e-05
7.959402318403041696e-05
6.729041790832671977e-05
2.829479703044021673e-05
5.699591611049446339e-05
1.150789946848933693e-04
5.638015358241087340e-05
1.118478208495108284e-04
5.756322685504817186e-05
5.702713470948527397e-05
4.734011230260667811e-05
5.161407717151849479e-05
5.888431091947507619e-05
9.671321444277181534e-05
8.156762004067272254e-05
8.809071858856031077e-05
1.167087543262304881e-04
7.476604944723704460e-05
5.495236238107730604e-05
9.643981354857193689e-05
8.408361357106000904e-05
6.193798078855425424e-05
9.335386396662123925e-05
1.082086756556127079e-04
6.037904796612518434e-05
4.753106173170373600e-05
8.980576360599516544e-05
1.245587122316274716e-04
1.536178952716165096e-03
6.867718397015063001e-05
5.632273318929974666e-05
1.537792634574127522e-04
1.078627634005684051e-04
1.481458622414512242e-04
3.162631687731729045e-04
2.290218942535864250e-04
1.240313951404736510e-04
5.649542327383454132e-05
4.168487894766351523e-05
1.348294005300514466e-04
2.501226420424155182e-04
9.007913664800927620e-04
1.726559336094967722e-05
6.279806921572073780e-06
5.685965361974284705e-06
6.905050518471769440e-07
7.029041848402596595e-06
7.870929067767195204e-07
1.794773699486074722e-07
1.326033858357795282e-06
1.018201570841919465e-08
3.713307683070602005e-06
4.103564262121503953e-07
3.662081625070657581e-06
7.002969170411779443e-06
7.493093794883994530e-06
3.526565905663151651e-07
1.167588204895714635e-08
1.710476153755163908e-08
1.893681238321152163e-08
1.411255987975791711e-09
1.502820865840870052e-09
9.199927220113046759e-09
1.099785427925387927e-07
9.287193004553648488e-09
8.036681746087533044e-09
3.164158818137253992e-07
5.585491752530029151e-09
2.559299586849745340e-06
3.714759099454997292e-10
3.642838815416169613e-05
1.976305864161026375e-08
3.214648492602806409e-05
3.183044007605788232e-05
1.021319863618720066e-05
3.166204365253395750e-06
1.347185397842011082e-05
8.678753184103847064e-09
6.177543911718872210e-10
4.246504094330943838e-11
1.998241983477532743e-07
9.122420884679367560e-10
3.561617710643718761e-10
1.430085487453357580e-08
2.436506589168584186e-07
6.521091097362558654e-08
1.378258757422749855e-07
3.785831704186359668e-05
6.575654317920831646e-05
8.089147331562350637e-05
1.400393650662165200e-04
2.890138752962814381e-04
1.046541950775508922e-04
9.682092557697481673e-05
9.249129017061283136e-05
8.122637041505337784e-05
1.156193290699934957e-04
1.277014191461320575e-04
8.256328815657104853e-05
7.597225568591793750e-05
6.601144449149294450e-05
5.156898397412967914e-05
6.401268384473222082e-05
1.199204278620090913e-04
1.289715359851095896e-04
1.279558621628131378e-04
2.655856040471645950e-04
1.397706562002325778e-04
4.800140592219501135e-04
2.636030446414422391e-04
3.235330535870971423e-04
1.332058791759467998e-03
1.280981773691073223e-04
8.061322157510945202e-05
9.270562949327292490e-05
9.208462899729635408e-05
2.910239041622480105e-04
2.530087593031424839e-04
1.370446374348304353e-04
2.073598796805745364e-03
1.151976585389031388e-03
1.510404038243525447e-03
7.914825910626239027e-04
2.043354387718946622e-03
1.912892961709325478e-03
1.881873183850782958e-03
2.267648843391392895e-03
1.801786059861812004e-03
2.509142977594949666e-03
9.409179176459827373e-04
8.661203363952137493e-05
1.170557053480849897e-04
1.218995899315548117e-04
9.693204446822661306e-06
3.617958371179764065e-05
5.488673909817807530e-05
4.626366284557185434e-05
1.007877422435688595e-05
1.713700896733548224e-05
5.169478434627481549e-05
5.294538128729024944e-05
4.510823736380467332e-05
9.909518561068051095e-06
3.173863210834569414e-05
3.979830288572127901e-05
2.013028925672846547e-05
3.991664483987086051e-05
9.267688639014911366e-06
5.792266124483339641e-05
6.019128982989359039e-06
1.828301691180861423e-05
1.863326931548394522e-05
1.926453313330544069e-05
1.938410003812472218e-05
1.845429502524974313e-06
8.276147688106493675e-06
1.560326619165885022e-05
7.172487622127597812e-14
1.305829347420878041e-12
8.054851764557949645e-14
1.223189632453859267e-11
1.336890866990292213e-13
4.380164113574039915e-10
1.436739392709037355e-15
2.095877611846204476e-10
7.964054174292121687e-09
1.491598831125592629e-07
9.686220692239658561e-09
3.882761940724035738e-10
6.856579216055458823e-20
1.420437885309735594e-14
9.336372596764660049e-06
9.902398157402962036e-08
1.824886780007994929e-06
9.282081804383351433e-08
9.119472481044533300e-07
1.685830525887595344e-06
1.937142071453324191e-09
5.072504451002555497e-09
4.429640000595507452e-11
7.062978397907902914e-08
8.429856293056720947e-09
3.081307440429348751e-08
1.352869783969770639e-07
6.490095189474109897e-06
5.506477555692570988e-10
9.812009856193816808e-06
2.809625091203212336e-07
9.654802895536418074e-08
1.199345747165827760e-05
2.016900477320794806e-05
1.382590474786254753e-07
2.445305369646934457e-09
3.896411992037472328e-08
1.020921832589327846e-08
2.695109735260455781e-05
2.401428042303995051e-08
1.430537238003091378e-05
1.196260434155491670e-05
7.757032381051914708e-06
5.245703710966815149e-05
6.456225727071540357e-06
1.926228544379707370e-07
4.459649133235726595e-06
3.843920928355084950e-06
3.238833133630779880e-05
1.871037090189980066e-10
3.872306335015579792e-10
7.208078245311768229e-10
2.009780383754342065e-20
3.261266508594857208e-13
1.444239819014064515e-05
2.813494204075607777e-11
2.629306084007259730e-10
3.001797414672966425e-12
1.499623072810414274e-08
2.640894243447127297e-08
5.814232176302726608e-07
5.096880430938976483e-06
8.857214369485468688e-08
1.360054432450446393e-06
1.828546611881251107e-07
2.551970089207311743e-07
3.482033672278489833e-08
6.950647856152311563e-08
2.793720610846551774e-07
3.262098561601845856e-08
1.290975535111964719e-06
2.313229519379514142e-06
8.292082755178226746e-07
1.642962192446947403e-08
1.145030124301674864e-06
1.758642627393786092e-05
7.932694892268889532e-07
1.185267589387272206e-08
1.976181254273471735e-07
5.046602486679774418e-08
1.976451152770173369e-09
7.938731768312480590e-09
1.944347100157089412e-08
5.521693251262830705e-07
1.315487026115433835e-05
1.312479881073787139e-05
4.709135176494625800e-06
1.712385099762659630e-07
1.060879551105819486e-05
1.873444831938392635e-05
5.255560096557449333e-07
8.861030373103538038e-07
1.782068509735513973e-09
4.623424424366508390e-10
1.530012845452654219e-07
5.008783217081487758e-06
2.667197789214553850e-06
4.138241527101599627e-08
2.665994390165195196e-07
2.082854216324826984e-08
1.350659580472548801e-09
6.114236072904901809e-09
1.210932085249962564e-09
3.467934732100003762e-09
5.705972220870647650e-08
7.609948176824023966e-07
1.386821420563853729e-06
7.010399270864531735e-06
3.637995867494982504e-08
7.084979099731384600e-06
6.075242958243836282e-06
4.352578137053093978e-06
1.447933024546449959e-08
1.564683308625578130e-06
4.169015461713335034e-06
3.823738061886319414e-06
7.072055301866129278e-06
2.633389666990815153e-06
4.883573139158414007e-06
2.519335909523556775e-10
4.710589395141971343e-08
7.726074475979384675e-06
4.931892717004312988e-06
1.973838426531517310e-06
4.142925226040074394e-06
6.718432875134878828e-06
1.595540250616053491e-05
2.407628451879240456e-05
2.364129234118194880e-06
2.891151118480445429e-06
3.025593270778797064e-06
9.064355656810085433e-06
5.421073607340786069e-06
9.387791597926202622e-06
4.409844654525983166e-05
7.924064724761307987e-08
9.314647339559371691e-06
1.695747571577376519e-07
8.885658985955511594e-08
6.325217898684069249e-06
8.888498447926410610e-06
2.407337994389531675e-05
5.322537628780501883e-06
1.571586280579335501e-05
1.619434027733184929e-05
7.544885358399870703e-06
1.869841667017052054e-05
4.960758976334575742e-06
2.118754347306464179e-06
4.771097891721589082e-06
2.439870045163731258e-06
1.312322523214084976e-05
2.793612486019846240e-05
1.910333603444378404e-05
3.243658896732920434e-05
3.066251606254344613e-05
2.836457322162208008e-05
5.458086869091141596e-06
9.901696123204456405e-07
7.091478989584100059e-06
6.570770370881134209e-06
4.832946481529454161e-05
1.617056002581370809e-06
3.864449932982533737e-06
7.433715041398984183e-06
3.953254771997529799e-06
1.394871342685414735e-05
3.012998513356833423e-05
4.675304260428069002e-05
4.590184855953574784e-05
4.097975566104539695e-05
3.743525450249264456e-05
2.482549373890581248e-05
1.807013217661714296e-05
4.443404445588478279e-05
7.966067067782059508e-06
2.564131903808959773e-05
5.381629508943020754e-05
3.134997920053386332e-05
4.031934767591694428e-05
2.787982346842925711e-05
1.735360189070031672e-05
3.739035435933783872e-05
5.681836406583044472e-05
1.014412869243914455e-05
4.076970404208228539e-05
3.618363810571556744e-05
1.641217542108009867e-05
5.002099594280036318e-05
4.782985450638342303e-05
1.557218059154501675e-05
2.579097323516822547e-05
4.716580067279255926e-05
4.987213849212571924e-05
5.810670261755150417e-05
8.993476759024452262e-05
3.155036252257450235e-06
9.639834686487617651e-07
3.098221124082833271e-06
3.490599905723124159e-07
1.129258596343231810e-06
2.578653851960876576e-07
1.945465270546971854e-07
1.586720292904487149e-07
4.322186309579523304e-07
2.862545950990447450e-08
1.742135764286934840e-07
2.301822821417884251e-07
5.962564414545389448e-06
1.968867366112891176e-06
1.816197454338725193e-07
2.105491127806760873e-05
2.655188114423348638e-06
4.341997087155017105e-07
2.992016377770938634e-05
1.659369986306971807e-03
5.213976036293380785e-04
1.739799643248092639e-04
8.119412552622967845e-05
3.467123631794608805e-05
2.054273056696313064e-05
4.484494570264924488e-07
5.702403801758977254e-07
4.684649810046482622e-04
2.180153939867323775e-04
7.532009876278841906e-04
2.296569004748896860e-05
1.323874703598146261e-05
8.411046494471560091e-06
1.804268216999104895e-05
2.695674351803420178e-06
1.746175723442724461e-06
5.054798380745813277e-06
6.300101812227191437e-05
3.102683682117466204e-04
2.083556713698884329e-09
4.411309310420324660e-10
2.163529448213277881e-04
7.331732891825134884e-04
6.901243580845949294e-04
1.232360489291380685e-03
2.250632049879946767e-03
7.508411754811737844e-04
1.570041046915714037e-03
1.701737271048295178e-03
5.312672710627474237e-04
1.863590998257783982e-03
9.704570406093888804e-04
2.605881921278739599e-04
2.244941251375969817e-03
1.647184814458258536e-03
4.338275882482013081e-04
1.423458371385062410e-04
3.029877871589848736e-03
1.257468906414007086e-03
3.607326945443905565e-03
3.218486415867349675e-03
2.755369621449178276e-03
1.648057485103224598e-03
1.081612426055492560e-03
7.383440519432319868e-04
1.154928703129926839e-03
2.502066643776550570e-03
3.055304106695125831e-03
3.094962357088707709e-03
3.789546060828200957e-03
7.368485904986400194e-04
2.440314433898862004e-03
8.606026990120589810e-04
2.151448825025308303e-03
9.654109664331002013e-04
7.967210881426846835e-04
1.083687776412359379e-03
6.958682003800538982e-04
4.961156587174822205e-03
7.766975130052142847e-04
2.117832226555547807e-03
3.421551763858490022e-03
1.014862496279666940e-03
9.875141653267129234e-04
1.130081232747073795e-03
1.379305643713343204e-03
1.011129057279617181e-03
1.840668097198777838e-03
1.744073902457614345e-03
2.759400827307844587e-03
2.747194545934881181e-03
1.465545018305379520e-03
1.774956466106952357e-03
1.089352067676750300e-03
9.962647840140929738e-04
1.634975527217599539e-03
2.236758671044803207e-03
9.968756321543275137e-04
3.154790635854586630e-03
2.640321144075128291e-03
2.852522398558166201e-03
2.756785124737928631e-03
2.499342897260214795e-03
1.999404272332817520e-03
1.708656225442060656e-03
2.271170935201253984e-03
2.342749325500666224e-03
2.879085232991449462e-03
9.560581764708049558e-04
1.495630072823685413e-03
1.069180021215375680e-03
2.574414282981050614e-03
3.027720219345394516e-04
1.468251191818448556e-03
9.366889143553176712e-04
2.516992095115670345e-04
1.051504984423535724e-03
3.316702585158380233e-04
2.895849714129763823e-04
3.623153040011683579e-04
1.623895445368678985e-03
1.245415078835559975e-03
1.556375108524536179e-03
8.040798246618670840e-04
7.356094492748087863e-04
7.223522497398491334e-04
6.199117279773568977e-04
5.835468356670973694e-04
1.603441684877100282e-03
3.083943944108448877e-04
7.507085314701669168e-04
1.599457227050854772e-03
6.212858830372702161e-04
1.342650314241440731e-03
1.494797355322218663e-03
7.239064338438742007e-04
1.716867466645160623e-03
7.322405792157632388e-04
2.445484532123613341e-03
1.210214547720601767e-03
1.038779399348896057e-03
8.793864300812947012e-04
1.734052098281195985e-04
2.304049508244591503e-04
7.038119830295888699e-04
1.833241970049203935e-03
2.676191771656192576e-03
2.600141747455399048e-03
2.441248912976641799e-03
1.807605512759687030e-03
3.557352970724588555e-03
2.016361433208947816e-03
2.292515424566693178e-03
2.740209278120400369e-03
3.933087743932433926e-03
2.326114958278298513e-03
9.286506019020681658e-04
3.235593015230554381e-03
1.970431904143012548e-03
2.129709126426557620e-03
1.790991848455647777e-03
3.115760849418857704e-03
1.723241494308230121e-03
1.816550091972658765e-03
2.665527162249685476e-03
3.074046634977431729e-03
1.247316366954669175e-03
8.435944867856497945e-04
1.246613520819560153e-03
1.367729483573293641e-03
3.542197716437090610e-03
1.690289982512204825e-03
2.956812614470213062e-03
1.625469628443545729e-03
1.544055511389540863e-03
1.393107456337970432e-03
8.382995075102369926e-04
8.855341251734822521e-04
1.726320982826545346e-03
8.289458453414980674e-04
1.711849675637814672e-03
3.713377564141726300e-04
1.555308713018388727e-03
1.204392728728003381e-03
1.041410701144301898e-03
1.747238913346268541e-03
1.701158304078695524e-03
2.599728829728352258e-04
7.465906004561979935e-04
2.123589447492089336e-03
1.731608849112639507e-03
9.001546617349587276e-04
1.065000890994905651e-03
5.328643329160915850e-04
2.200532084695909843e-04
2.692994900135529251e-03
2.122231115976837539e-03
7.853970726298584691e-04
2.100327658777435737e-03
9.017100499573446962e-04
1.558541529358668538e-03
3.318540565005890629e-03
9.699714288219731841e-04
2.566219122445679689e-03
2.138875389433005092e-03
8.441366355643815022e-04
8.640639908756045330e-04
7.805414304939682114e-04
2.064138427327461532e-04
8.193136148019463392e-04
2.866776744160332447e-03
3.601509448897847413e-03
1.214812394022182296e-03
5.302975856386001096e-04
4.089380897219454429e-04
9.933753201624962413e-04
8.800462465246911741e-04
1.709088994466962221e-03
1.604701711772252943e-03
1.329853871761480367e-04
6.115419097031395915e-04
5.312767962819954330e-04
9.208429161533100661e-04
4.016956976607956526e-04
3.542639403346376902e-04
7.870857254662378408e-04
1.693029151112147943e-03
1.048492512297977738e-03
8.462729968383001823e-04
4.987004065189659836e-03
5.978995292804735505e-04
1.284743798556353396e-04
1.325952820399524282e-04
2.855231934539150885e-04
9.072723591357666813e-04
3.105470982375417382e-04
1.220391437123640810e-03
2.745014865668081103e-03
2.582250554543751974e-04
1.295142050660294530e-03
1.629142660562005413e-04
1.918281501364748525e-03
1.664797239369570801e-03
9.795704545581729230e-04
1.923020685853136982e-03
1.671289430371429748e-03
7.674350140788545240e-04
1.250705265417743949e-03
6.868559849728902468e-05
1.654707386551948164e-04
4.077840329857672320e-04
1.904000201838033793e-03
1.569764268951432708e-03
1.075624313386052853e-03
1.944197464696815906e-03
2.497726314458645022e-04
1.717077699622826536e-04
1.180856441625906917e-04
5.272726422868083770e-05
4.239834987679592758e-05
6.173626998663852119e-05
1.542606158700224371e-04
1.082298165316691527e-04
5.325363831409092157e-05
9.927517132900363797e-05
4.918033647020076147e-05
6.072636594406107224e-05
1.063820793475585519e-04
6.278465801739121328e-05
3.917290941249710717e-05
1.258986370052809004e-04
5.267029821310730692e-05
5.214067199107012173e-05
1.190237715077411315e-04
1.047840175609345773e-04
1.265621760098647086e-04
1.278401564818596381e-04
8.844319714382178205e-05
4.500668532912316557e-05
4.931369919692402592e-05
4.396590020572003571e-05
6.721402732896051646e-05
1.100596871264321531e-04
7.794511575804301652e-05
5.732420155857519795e-05
1.319420461677664599e-04
9.097376492738332729e-05
4.192885962504223278e-05
1.189204513911261847e-04
1.272678541915348331e-04
5.697733361807983088e-05
1.170080133368050644e-04
9.402598073327588977e-05
8.634571163149030049e-04
2.084979185831261229e-03
1.953884354705829295e-03
1.358629386987698863e-04
1.064217433699192803e-04
8.746710486111858925e-05
8.887503121942903848e-05
1.205898390910786631e-04
6.884693060824734786e-05
5.942545245323213517e-05
5.127067002364739959e-05
6.481345357847339607e-05
1.104928889168858174e-04
5.493793453627050544e-05
4.836800344675520533e-05
7.976590016836983613e-05
4.996404228753234018e-05
4.852784872644860955e-05
1.276602703503242151e-03
1.741765262467153200e-04
1.351056659359933083e-04
3.628316960889462319e-04
1.716772435980640731e-04
1.820072189342675055e-04
4.942932654525835311e-05
4.356101325306664527e-05
3.887171837559203906e-05
4.849744241849449907e-05
2.932549533742167522e-05
2.788020877954055872e-05
1.919140528825133361e-05
3.248840110195666629e-05
4.814082797312843696e-05
1.981584773820280958e-05
2.560440479325428939e-05
7.721732473023780943e-06
1.636074312434330336e-05
7.890884936470302875e-06
9.120181675980973485e-06
9.717605569792299493e-06
6.217733203997177210e-06
6.966667807158191389e-06
1.186600834075319041e-04
5.356985265154939028e-05
1.148169502826122737e-05
4.464789675634406264e-05
1.005336480910955513e-05
3.302341656323956262e-05
6.998688469225499655e-06
2.136888299354886984e-05
3.822185866801944313e-06
5.073354431835945256e-06
3.706289148877039946e-06
1.953953409818305620e-05
2.340507261071395742e-05
1.054100646713987078e-05
9.040443293596850868e-06
2.884490564363542971e-05
8.934253276823218270e-06
1.267730035673523604e-04
1.626328739855718253e-05
2.830862432487785482e-05
1.855309667683623125e-05
3.049309920783356141e-06
5.092028416735070215e-05
1.727972909601747218e-05
4.957347360709432588e-05
5.779694464349743107e-05
5.944003326036589881e-06
8.980789765465727818e-07
1.514558214816024352e-07
1.372666615501598473e-05
3.084201765353033076e-05
2.009862862435016830e-05
4.053244747094929640e-07
3.957545231107497881e-06
2.419352345428391640e-05
2.049878733624194813e-05
4.689956189702653333e-05
5.132420514883629878e-05
1.934986873645372601e-05
9.382817119693462622e-06
2.211856020729611387e-06
2.334121853273128094e-05
2.211401001356457134e-05
3.595780063056851732e-05
3.713685232466451216e-05
1.074237742801963901e-05
1.447087714647981422e-05
1.902067905013961208e-05
1.120734306809774357e-05
3.862506082666706102e-06
6.027104415463936772e-06
1.536501241328903759e-05
1.498574505884748030e-06
4.033859630609550239e-06
1.162457464474901385e-05
2.005234699707653321e-05
1.758082387242130876e-05
3.707061714795355335e-06
2.083748768375178777e-05
1.465160574803502876e-05
2.418499419455047105e-05
2.322760655003303895e-05
8.949270324098859784e-05
7.857359244671640870e-05
7.640513209175964725e-05
4.121514453804287501e-05
3.417386168244247350e-05
5.438516075504119107e-05
4.755954755486594001e-05
2.877716159282901821e-05
8.044435635686632898e-05
1.654334114096559221e-04
1.198942716145227850e-04
6.681475290818377063e-05
7.968256771949207147e-07
6.596995549365395143e-06
3.141981287656273140e-05
1.748620834294479278e-05
1.518789705837872623e-05
4.602037298164978694e-05
2.165586145706828599e-05
7.793476975435278183e-07
5.946985828282478530e-06
5.232145869491908355e-07
9.148393689414874857e-07
1.223404368820008969e-06
1.363443719737244674e-04
4.053581442985646513e-05
3.513486200835759498e-07
6.223468130659843254e-05
3.270026478664699011e-05
1.356609602277022411e-04
6.018223423915965191e-05
5.904176055613006435e-05
9.669284233496774265e-05
4.109548557347488044e-05
4.534260634561378784e-05
6.933193520579463201e-05
4.984012660797403408e-05
5.754381047199690434e-06
4.637071837643138488e-05
4.859401833690464275e-05
1.386944293156623191e-05
1.120879835817376708e-07
1.701057667644929075e-05
1.640046573612272303e-04
4.021340317397973231e-05
2.265460881549529173e-05
4.573992245920924173e-05
1.319867537165087543e-04
3.058769251453522908e-05
1.812397538968689870e-03
4.095693003430686367e-03
1.599245152293564268e-03
4.147784940660767874e-03
4.303420246336303427e-03
2.580155668184106778e-03
1.635027437556592139e-03
1.888051444075808209e-03
2.707384300029155345e-03
2.570551544919900348e-03
2.792026206669983180e-03
3.751890105041987607e-03
1.367664603636578428e-03
3.022933638859693229e-03
1.548304308706285166e-04
1.289489055052944842e-03
1.486330740380830328e-03
1.256105657579194420e-03
1.360338731581997454e-03
2.833634557177952019e-03
1.670505538384422627e-03
1.373188348790049590e-03
7.543268970933227372e-04
1.672821452293659240e-03
3.811045691178816322e-03
1.125508496691441989e-03
4.035057021762302777e-03
3.917107142156411176e-03
2.990975396445120105e-03
1.484329561725219451e-03
3.796655604169015506e-03
3.459053723871315881e-03
9.121808068190374267e-04
2.251576311054122054e-03
2.699590565351321289e-03
4.896522542143298511e-03
1.962248425261165462e-03
4.133559013074879045e-03
6.033403085770953607e-04
2.861864888071794909e-03
1.807674799665443387e-05
4.197491367497846416e-05
1.940294284922716890e-04
9.681500164406153406e-04
2.184019761676316029e-04
7.001675485347442314e-04
8.782312385536583958e-05
3.608294263587802147e-04
4.611749367842994917e-05
1.573885680768644438e-04
3.625718247924526473e-05
5.388986071108441307e-04
8.683023422360866333e-04
8.756903842577449127e-04
5.791604532000601668e-04
2.998332923619547011e-05
2.249578786559572861e-04
1.173690490869162069e-04
3.619601516525367242e-07
7.774874939136253429e-06
6.309548141919765112e-04
2.007438863318410636e-04
4.133016817471566991e-04
7.224925670786313744e-04
1.740419188932124063e-03
2.297048046315992593e-03
1.828826503849260033e-03
8.830429284401639762e-05
4.446434769362901489e-04
1.614507522948088801e-04
7.708607026046456357e-04
3.977088821111779198e-04
6.458884719688119669e-04
7.704502182927672150e-04
2.341290704184076441e-05
3.808165049212755337e-05
2.320253231964226458e-03
3.885387527792585102e-06
1.960804184350773381e-04
1.148611055963722058e-03
2.496991650384037404e-07
8.061699127519263673e-04
7.998246783696680634e-16
7.110188570855641281e-11
3.596215571635041315e-09
6.811110758806119779e-08
4.972863544555204329e-08
4.188964991759991441e-09
2.322433961608646172e-08
3.828089017621406270e-08
7.296124753470597450e-10
6.975379355562261261e-13
4.196270852788324400e-08
5.428675169598884099e-09
8.541545055352630542e-09
1.517380180721433597e-09
3.508190610050751923e-08
1.133091607662446094e-07
1.726616487393077286e-07
2.048957539910927519e-07
2.309274556593932556e-07
2.459153952472895474e-08
1.602835233056419638e-07
4.692632705533327544e-08
1.161837854517520432e-07
4.752585333117143260e-07
3.781176005057669492e-07
3.721407756176295067e-08
2.673302481827974841e-08
1.479611794347810570e-07
1.583849009183920912e-07
1.716673318155949034e-07
1.331371964031709863e-07
1.272834019809629094e-09
1.034209827170866217e-03
9.026900226819402481e-04
