9.916705936023942902e-01
6.564794537499514249e-01
9.976413765756200203e-01
9.589256622869892777e-01
2.791681561783571630e-01
9.549274157389111561e-01
9.348485303315252626e-01
9.787269613668480028e-01
9.993674529969543974e-01
2.309822585208740620e-01
3.378048700420656636e-01
9.714666212959577329e-01
2.368884920535034577e-01
2.266534024305685013e-01
9.819687676832890011e-01
9.691944840231440095e-01
5.864461645284901881e-01
9.376413008066940558e-01
9.878995865698976253e-01
9.767840251555679476e-01
9.215172119649180926e-01
7.660673735215784985e-01
2.200760349977595454e-01
3.323421167051052727e-01
8.860375323907068723e-02
5.978793625840306269e-01
1.291711151209956054e-01
4.678516673528361758e-01
2.265964333106793849e-01
3.757037537915557390e-01
8.775212845742845769e-01
7.737612336213393061e-01
9.607519698053684776e-01
9.853571139560183267e-01
9.526291985907343607e-01
7.801828186141318566e-01
5.827785033893032596e-01
2.163930880546504620e-01
6.219117732851530134e-01
2.429655317866321329e-01
8.999639391254272702e-01
9.425151183622269002e-01
1.828294786405062211e-01
6.523158088335888616e-01
9.899263808760661032e-01
9.777608540841893348e-01
9.864618920403378510e-01
5.507339100438077839e-01
9.813685201644923861e-01
4.127599711031139096e-01
9.791562423633323187e-01
9.714281584036058570e-01
9.814055437501638668e-01
9.694044760280977613e-01
9.345765532475784898e-01
3.939128172154203189e-01
7.658207576028946972e-01
8.758875430038756127e-01
9.907660915525584588e-01
9.491817805154714183e-01
9.952496536964715590e-01
9.676524380147872861e-01
6.491579162219457411e-01
9.999137200206985598e-01
9.667182055130799645e-01
6.341645356766894004e-01
7.336008214583020770e-01
6.575209496764310435e-01
9.610186416416651722e-01
9.745624247493960279e-01
9.703713878760842348e-01
9.589034553638020597e-01
7.986475617120547543e-01
4.938368666673673690e-01
2.390326172456462284e-01
4.082832812751965301e-01
2.481593421219360218e-01
9.559523701598877654e-01
3.639766179840854821e-01
7.747922664103111812e-01
4.399444952831840783e-01
6.169472749838047498e-01
3.670241950443828838e-01
9.944548019610538470e-01
8.941247599590356199e-01
1.828458009006577456e-01
4.593769448071334249e-01
1.777273460995811294e-01
1.435629912738121960e-01
5.417314847273166922e-01
2.171546904226765717e-01
2.855986789628584543e-01
8.156822601383428850e-01
2.247965796198383159e-01
5.468214576618438683e-01
8.775540625824153063e-01
7.306037403510275974e-01
5.081198411794687342e-01
1.846119685711916369e-01
9.743145579672135570e-01
7.734690923517356653e-01
4.649962130191282461e-01
9.858813609381174015e-01
7.048381834804964274e-01
9.719086910022107784e-01
5.376674514620155554e-01
9.031030547754232973e-01
9.542741888762813485e-01
9.818719405715233828e-01
9.944109716781210917e-01
9.991826933854845993e-01
3.300583018554923975e-01
5.407974389325301834e-01
4.231425935804526972e-01
9.707085301048467008e-01
9.926971638778744333e-01
9.663080931323058120e-01
9.575161850324197532e-01
9.741933773376141303e-01
9.448623413397295723e-01
6.824114524467881360e-01
7.580990917635062054e-01
9.747757644091749052e-01
8.169616816974436535e-01
9.399820037695065800e-01
9.422264810590865736e-01
3.622735830001163060e-01
9.557253007800140532e-01
7.533100695400385405e-01
4.944319213168770766e-01
7.259279411966665929e-01
2.109772092998438708e-01
9.847099212400270973e-01
9.377582849704215739e-01
8.349675270129641724e-01
9.947705856604633912e-01
9.844179223468626505e-01
9.612796425262813971e-01
2.486850045025029987e-01
3.143843039787364568e-01
4.681796191190626955e-01
2.328846078477827541e-01
1.888886978395974692e-01
6.306121634485383209e-01
1.925002400114724510e-01
4.640556108153270909e-01
2.340108548299226210e-01
6.007391111082098778e-01
5.873324561557816681e-01
4.634621441580534795e-01
6.441128032734948494e-01
4.581849304612957696e-01
6.258301573959414998e-01
9.544392362092694038e-01
9.967392469437955649e-01
9.644751866746198443e-01
9.680667368916459070e-01
9.858467461503028773e-01
9.956478756197272295e-01
9.829603276496636788e-01
9.818598378538901938e-01
9.975858545343514461e-01
9.546178617001580546e-01
9.823822241537897293e-01
9.586667328743518901e-01
4.961485536816247488e-01
5.161756465574733888e-01
1.604257328130121452e-01
2.430000204111414097e-01
1.336753759211374293e-01
2.216519815013751615e-01
1.673178588786147503e-01
4.554190940802915755e-01
3.281037697663453101e-01
4.872626233016302266e-01
6.460490941827785605e-01
2.053368503850285520e-01
4.691368162318346191e-01
4.668353600696025230e-01
8.953797187138262670e-01
5.310434176741475332e-01
2.343603117520339507e-01
2.395709805273579796e-01
4.079369414411846417e-01
6.137189389132039485e-01
9.752809029158666654e-01
9.433480859385057204e-01
9.671259632437289033e-01
9.609206499838823801e-01
9.648996583233567792e-01
9.752149687672062583e-01
9.590911558774442014e-01
9.042334775820798365e-01
7.755665149111506951e-01
8.784451097639813799e-01
9.553612455164902650e-01
9.656954150069601006e-01
9.654375425205194983e-01
9.557510040399352924e-01
9.965642791625233254e-01
9.591710472026799827e-01
9.928684858315415251e-01
8.762124768348196202e-01
9.745540523021135604e-01
9.159062281781442660e-01
9.668034267495061451e-01
9.687522014615351784e-01
9.410640277471091775e-01
8.249312444268335209e-01
9.372988382856535239e-01
9.534554345382689755e-01
5.851794491862102321e-01
9.899777788217415386e-01
9.847882681697481821e-01
9.571789768370785323e-01
9.478223819680745565e-01
2.372740612893255163e-01
9.856074218309422985e-01
9.604240254683088507e-01
9.781714427112154775e-01
7.845027349818726181e-01
5.834890112296962084e-01
7.886250238152830994e-01
8.660348966839012119e-01
7.464786984126260405e-01
9.992778683130776329e-01
9.578077172973500364e-01
9.332129741913075538e-01
9.619692842071047023e-01
9.754783677466419833e-01
9.791646543482870335e-01
9.868488569351395734e-01
2.223385604798709947e-01
3.557643323962058068e-01
3.639699563253706582e-01
9.660255201336577224e-01
6.323425120599212024e-01
9.596390645595489488e-01
9.875811885249670130e-01
9.531335409718724172e-01
9.631237438815347662e-01
2.696449853420641585e-01
9.894524622981570872e-01
1.706670919475131998e-01
2.631126402104016493e-01
8.164113700615780456e-01
9.827664874377133319e-01
8.249962625023969931e-01
3.548417074209396227e-01
4.424231265578708605e-01
7.747621691496449081e-01
7.037409270410438511e-01
4.154201650779092425e-01
9.902688376669778192e-01
2.704952791975108739e-01
9.203283985702963577e-01
3.556087569292732398e-01
4.669021499047647517e-01
9.627432052650141125e-01
2.156170015345025837e-01
3.528255384591464927e-01
6.022349562149660329e-01
4.750944040678848346e-01
6.156349132541069080e-01
9.993715591541056931e-01
5.450241572205842822e-01
8.323120530440143439e-01
7.847286932125211445e-01
7.431663595854371973e-01
5.231708649650215204e-01
6.541059548102295951e-01
6.409144191444997585e-01
4.130962097938500333e-01
1.723184534955022329e-01
8.087035258948238603e-01
9.673434561771996343e-01
3.321388420573839761e-01
9.672921494498669670e-01
2.864104731239222046e-01
5.982343256261334341e-01
2.579735033912950448e-01
4.224425231164161687e-01
2.384579625987550688e-01
4.213240003603159201e-01
7.741997970214961056e-01
8.752073067464531952e-01
4.454138944229545372e-01
7.782150417902699013e-01
9.408861812001476643e-01
9.656896436804781603e-01
7.844189330391819759e-01
9.333287086191124349e-01
6.796572658745183571e-01
9.740933146069729043e-01
9.565331418984044376e-01
9.576145448945302396e-01
9.664261270116638602e-01
9.855315865560081434e-01
3.931189404713859581e-01
2.365107049656287042e-01
4.399037435351520475e-01
5.937124808263629649e-01
9.325951534373465579e-01
8.776815806793802910e-01
8.392960514521040638e-01
7.104833903854597121e-01
6.320548929953503370e-01
9.629244638840501747e-01
8.493490935253522611e-01
2.127329150518844081e-01
9.533503798893090408e-01
4.875814157783920910e-01
2.675642544912710252e-01
2.381993562677473530e-01
7.030853891569296410e-01
9.953150835226819426e-01
6.542897117406802909e-01
3.946895736637051622e-01
2.858766024105358072e-01
1.882039437116067859e-01
9.969600479965290418e-01
9.832537305251635162e-01
9.823950672036053655e-01
9.690171124330835273e-01
9.679076482860808905e-01
3.285617062236333985e-01
6.869303618630933084e-01
9.779047596573372525e-01
9.731074279252710513e-01
9.008888452603756036e-01
5.595213325663073167e-01
9.658256397294570084e-01
5.179385580426475455e-01
7.700444677672583227e-01
9.359610030643606970e-01
6.603289662638242019e-01
3.137119174722470816e-01
6.712573474100894666e-01
3.868162964834563344e-01
4.693171658153300618e-01
8.757750059142385135e-01
9.335086135090379100e-01
7.578822168064466291e-01
8.774190250575776284e-01
9.848956834807670591e-01
8.517340390432707187e-01
9.260422217407039414e-01
8.778501034468939590e-01
9.609766439933403737e-01
9.829676708334206259e-01
9.613837754479186426e-01
9.356970903836090425e-01
9.608578400741168979e-01
8.760750278785249812e-01
9.662969041242911450e-01
7.939875427811777797e-01
9.397650462644697722e-01
9.735571535273805921e-01
9.569265954174434041e-01
9.345706188148353855e-01
9.551061325937177937e-01
8.691816248010171275e-01
9.644499692802805946e-01
9.664510350851417408e-01
8.862729358973046034e-01
9.880136149972335025e-01
2.566633731392977125e-01
9.816973824808713500e-01
9.827991585825099907e-01
2.442370310411536016e-01
3.161732478832572357e-01
7.913867213557034264e-01
7.195622884075685288e-01
6.019374231133640674e-01
4.989231502944715402e-01
2.505060492176463538e-01
2.412285847145834994e-01
4.522471070890979328e-01
8.022767037782170263e-01
7.796060285454252670e-01
5.234218394150724762e-01
4.675337247338460234e-01
1.809698102021989330e-01
3.200119872271391941e-01
5.515662300125635520e-01
8.433269128827717287e-01
6.556533715044776667e-01
3.408711947641085982e-01
9.716578004236059440e-02
9.041607993601112614e-02
1.801560957519569572e-01
2.099040269873275466e-01
6.525336724582491144e-01
4.347580221751176643e-01
7.911251579169615855e-01
8.357041985231763448e-01
7.445355797882327042e-01
8.341218273907267111e-01
3.289469208044524251e-01
4.527360697434844039e-01
5.329295608900231906e-01
3.301204429453180600e-01
4.507960138808411732e-01
6.023166179901950912e-01
8.554916049262589750e-01
7.599214766639216245e-01
8.219204636669075192e-01
8.631148923319793553e-01
6.568574309129669997e-01
4.607874972818733483e-01
3.227315881591231728e-01
2.729701965490994309e-01
6.688146803748716840e-01
5.599792162776205950e-01
4.960453396989767949e-01
7.131341771153374420e-01
8.360907349560670054e-01
7.539152758089908701e-01
8.364312098627577630e-01
7.431205587508089572e-01
5.535469751158016427e-01
5.255725529951039698e-01
8.179631988351920846e-01
6.516986800714019701e-01
2.020242040434968300e-01
6.672528999593706489e-01
7.734621585878664884e-01
3.970773937209823301e-01
6.539510721758494682e-01
2.633970151875586474e-01
1.413029677113805671e-01
1.394112371410772544e-01
1.421748779478811675e-01
3.471302536895000124e-01
2.069808207211448481e-01
4.093523519902269592e-01
3.289804657741569049e-01
5.646605415264449590e-01
4.026603810811059114e-01
4.650804586296026222e-01
5.489914159452101705e-01
8.259409889494944146e-01
7.544691132549602441e-01
2.624550955727978363e-01
1.507243207122600515e-01
1.990135728288836836e-01
1.060973821837510322e-01
3.859176364107625434e-01
6.513000732955732675e-01
6.194422505202693552e-01
6.533026248454782969e-01
7.510321056663656902e-01
7.530540588229513999e-01
8.474309423713871636e-01
8.791446097711178576e-01
7.254625251647125461e-01
7.103971466182499306e-01
6.545593315883651009e-01
1.957867025921347648e-01
6.636096110068566700e-01
4.708273502303030877e-01
2.702300885373627448e-01
3.737044240103175596e-01
2.668366736468473777e-01
4.293941282534238790e-01
1.910597557081149533e-01
6.583375814600639364e-01
5.628390845017842148e-01
7.537874382818177121e-01
4.471573838224105479e-01
3.558751765752791174e-01
4.863091307554770482e-01
8.280427439914084253e-01
4.082546117179709499e-01
2.512408042917294582e-01
6.596374816664689611e-01
2.834251164912192644e-01
6.593165143228618685e-01
5.104427115616773092e-01
6.560406748045308767e-01
8.564133504607962522e-01
8.368924776198977122e-01
8.360719972430489255e-01
7.731334539573048170e-01
8.366896259857904417e-01
7.968701064481985563e-01
6.672339584454987094e-01
2.384304417366453765e-01
8.309946237825927007e-01
7.632600264372225718e-01
4.436013081402833680e-01
4.071281830924205480e-01
2.642637316264292990e-01
3.435467671510634147e-01
1.719885138635027511e-01
5.674864472547290761e-01
1.789049198282379738e-01
1.992797994659340211e-01
1.783326121882272408e-01
7.551079677663647960e-01
8.319002292975917756e-01
2.383482543197377179e-01
4.658442283662887484e-01
8.315755761884481290e-01
6.686740479980608498e-01
3.750625550464442015e-01
3.927980819175854177e-01
3.986931785068011380e-01
3.299489668761614869e-01
2.445719761471754905e-01
5.602344555422827943e-01
4.432794794030014973e-01
7.027952558977350606e-01
5.599442868376318660e-01
3.722401012865324543e-01
1.906378121618970967e-01
2.521755368311076051e-01
1.835796184804986408e-01
2.778973311380897315e-01
4.031184673322152356e-01
4.693373258092041755e-01
6.592835150270633937e-01
6.693047516465323588e-01
7.590023661177449643e-01
8.554037344602705151e-01
8.793515137085836653e-01
7.679186655997259914e-01
8.353945987836325360e-01
4.478381876763148917e-01
3.865255583064809985e-01
8.417329381089057039e-01
6.692127578234849938e-01
4.436475394758266355e-01
8.361100977006945545e-01
6.555762321337303966e-01
5.940321301808808574e-01
3.304373717397184884e-01
4.965280542252250018e-01
8.707895224748023466e-01
8.743068073663594619e-01
8.423645025889915372e-01
8.398435939494776070e-01
7.706167743131335790e-01
5.690083017181482017e-01
8.440898766580982038e-01
2.365739663496343737e-01
3.689212218124550691e-01
8.439716524721595503e-01
4.914738976159148121e-01
3.184381712816886645e-01
1.008196296934752711e-01
2.778478225142302915e-01
3.926093000360776908e-01
8.362440876878571849e-01
6.569842896499384910e-01
8.803765070712610274e-02
3.442550663167732727e-01
3.603206884509963515e-01
3.735474216052608321e-01
3.287173586295452088e-01
8.337732609251243820e-01
8.410270778948609749e-01
4.378959863158898846e-01
6.347814204531087023e-01
3.641124608366609894e-01
1.984798878199733052e-01
3.358325621074940703e-01
7.674719068122923815e-01
8.355031953069875783e-01
8.342779352027550610e-01
7.339705627620703998e-01
8.335749016473427142e-01
8.766075990011968910e-01
8.086189510039656358e-01
8.416854641105621093e-01
8.360488879753301683e-01
3.185967628823268560e-01
1.984412663534831922e-01
3.902522845221862435e-01
3.224443307994941943e-01
4.520643677334078570e-01
3.461749320452183198e-01
8.784677502687532336e-01
5.054787203942063822e-01
6.547405257160653358e-01
6.548275949822957021e-01
5.105231772026456172e-01
7.662991847529589950e-01
8.361503861387361569e-01
5.183693829009521359e-01
5.563085343731954957e-01
6.054671080556833784e-01
4.270167212680384128e-01
8.427742662475516955e-01
7.584823136522755860e-01
8.004588800545147098e-01
8.793551267495129942e-01
8.623118631502588727e-01
8.667921790566037732e-01
7.592725939755482489e-01
3.493379801470781754e-01
5.601762842312936197e-01
7.555243880942845713e-01
4.477244533206433119e-01
5.600135203631844139e-01
8.050492208938423433e-01
8.365240054996516683e-01
3.630373060556035814e-01
4.263881149811380444e-01
1.806127812173601854e-01
4.565573545442610515e-01
1.912339659785253776e-01
7.378785850906275368e-01
6.558221302136159059e-01
8.333389249359133277e-01
6.330723004502191165e-01
6.871497761819144179e-01
8.341224505175282022e-01
8.373458677574968645e-01
6.593069098798013394e-01
7.794974183598828432e-01
7.592544434461864222e-01
8.650381709547395603e-01
3.463464317922037017e-01
6.860536612341109342e-01
8.310191453655197957e-01
6.548156100422252157e-01
8.341679400315067383e-01
8.368868508714760734e-01
7.596810956185200414e-01
7.548457069792039453e-01
7.107403261682311291e-01
8.434979760943465132e-01
5.478064207966263366e-01
8.329891299305671737e-01
8.608588392877445372e-01
4.521472837410090984e-01
2.574609021348813198e-01
4.868870779578796104e-02
4.945898138681448231e-02
7.340911482602731353e-02
4.053653952852728781e-01
2.167253021345303121e-01
2.297549607521116311e-01
2.014579128820148390e-01
3.766121082029553202e-01
4.755558425428836333e-01
8.759699921417429813e-01
9.412904265176695873e-01
3.612021041484325679e-01
8.782144723688712906e-01
3.498618808355567489e-01
7.827968168948628014e-01
9.447970520338069278e-01
9.999290332398640402e-01
6.655731868132291895e-01
4.955131189049057916e-01
9.948906097567193907e-01
9.942367839724517431e-01
9.605987477394081209e-01
6.636341509007297468e-01
7.757701948166425554e-01
7.719970634518127373e-01
4.350512384079613937e-01
3.785981444357822689e-01
5.292975813068748758e-01
7.807579940023825493e-01
6.485990093825654279e-01
2.618106356382232103e-01
4.222413864764983926e-01
4.551293200835274111e-01
5.249504124075677902e-01
6.521540422118131675e-01
6.238617137988358152e-01
4.477776372616906753e-01
9.927728088876661694e-01
9.868060990701643664e-01
9.542909418395341126e-01
9.787989825987294390e-01
9.835611814045841506e-01
9.408394405518227810e-01
9.841859295607362501e-01
9.675664191242425716e-01
9.548503744779974767e-01
9.027313943541593888e-01
9.840010362802642518e-01
9.546506668204060020e-01
6.691230260335755409e-01
2.120428096434060772e-01
3.627903221556190161e-01
9.475459225195069779e-01
7.546926226393056991e-01
9.856534412259948530e-01
9.597172091434085228e-01
9.987830576672831473e-01
9.562877174482838916e-01
3.675691278195249434e-01
6.748059955006471267e-01
5.958263287714172796e-01
9.596580624279757998e-01
9.622057439746730667e-01
9.876088551984052444e-01
9.826835296359371918e-01
9.555236255813238655e-01
2.639310962421982376e-01
9.616667867049515372e-01
1.862990023519775495e-01
3.682629860953784418e-01
8.291609725693438460e-01
2.732636946229469732e-01
8.391662741532371905e-01
9.374290853610026675e-01
5.944851688615065965e-01
9.219010831799151484e-01
9.360092494542551211e-01
3.787616553962069310e-01
2.271138280470065274e-01
4.581373553473113702e-01
9.966536205746996391e-01
5.997057892299522130e-01
4.565176217458090102e-01
4.379221573397398815e-01
1.980834305085424907e-01
9.636948338503302791e-01
2.927173871886832868e-01
1.125782845839539970e-01
3.575902043253871287e-01
2.144356192692545293e-01
3.630282207945084161e-01
3.438872469063633530e-01
4.204241538739182937e-01
1.556054535924823734e-01
1.075472257008576599e-01
2.030398067176387711e-01
2.151977272065770108e-01
7.142430936480205494e-02
5.259851313246519111e-02
1.701288257022098571e-01
7.407405345693257592e-02
7.590408695151061591e-02
2.503859345926884861e-01
2.546388694764848970e-01
2.022689954606267104e-01
2.697223482258236937e-01
7.609450986178542542e-02
5.164934840906735269e-01
4.472385645396591003e-01
3.315251819787454757e-01
1.194859052925629495e-01
6.001108817087462410e-02
1.424918990759145854e-01
4.369431192331866276e-01
7.989301139493262260e-01
4.526222749574397297e-01
7.599873322030491485e-01
6.527772101776787572e-01
3.427458152707107408e-01
3.456515171053144986e-01
5.032032494449752980e-01
8.264748795043739271e-01
3.831409864218810468e-01
6.689503449498136467e-01
8.346198541390242864e-01
5.743369692242740188e-01
3.726585688284714259e-01
1.061073297201505228e-01
7.679912382618923061e-01
8.368108934703565316e-01
4.788081427420021186e-01
4.698038769851654584e-01
6.451845628741247340e-01
2.758529516584972141e-01
3.553812955514598082e-01
1.466648750557202618e-01
4.507788391968748365e-01
2.990208546994246874e-01
4.303715229945750953e-01
2.426048746633217290e-01
4.869989714955050841e-01
2.577225142414225068e-01
1.790567438245809495e-01
2.525866483025002163e-01
4.528818635479127108e-01
5.179615804983140892e-01
5.456629543831206242e-01
8.358743399537787999e-01
7.574577066298007200e-01
8.310480134727376011e-01
6.013809835999008868e-01
6.546094545005251009e-01
6.593633072005299356e-01
8.368927902181452216e-01
3.647352120136133080e-01
6.543483684355249075e-01
4.399998777009810347e-01
8.123847356633824290e-01
8.512099026228692189e-01
6.536165141162060266e-01
7.531179126911167199e-01
8.408090912189251087e-01
6.505883957680451690e-01
8.331145288679192573e-01
6.534300173964955327e-01
8.334186140843593549e-01
3.193628722238974760e-01
3.682030172088864850e-01
3.257993039315166262e-01
6.600522854830924713e-01
8.789863447098260618e-01
8.354139454066762394e-01
6.593283353679267877e-01
3.242686009964358962e-01
7.554840338038649739e-01
6.435911735168373671e-01
8.339959653202333456e-01
5.510923761160453349e-01
7.733607593929783253e-01
3.879562224953328475e-01
8.337648522741547552e-01
4.550336195555368946e-01
2.526874307866600611e-01
6.547065327126946332e-01
5.508546759430938966e-01
7.628669819333884217e-01
8.344608771339888653e-01
8.421593809116171281e-01
7.335287586779304370e-01
4.997475375448250379e-01
3.347363697681919881e-01
6.548606158498647689e-01
3.904629761594442527e-01
6.655848714247074582e-01
6.987067904987946942e-01
6.698762464019535345e-01
5.604295199854245624e-01
8.275699706067661809e-01
7.584695647993597856e-01
7.551827146704525040e-01
7.846762275895936556e-01
6.739148130694778693e-01
6.592842537991945306e-01
6.877588575130630932e-01
3.527716411682619846e-01
2.577161608190167708e-01
5.695771234276707506e-01
6.454615209177683166e-01
2.748950324674687695e-01
8.346133074292018117e-01
3.040436579727394673e-01
6.606686875579301788e-01
5.438365528288736650e-01
6.559833365546315909e-01
6.630120102510715929e-01
5.590567233228385113e-01
7.170124011722592838e-01
5.588274856725253814e-01
2.600367570657234340e-01
5.545995674767260075e-01
4.068651843044734928e-01
2.367409480665844945e-01
2.783309340635863327e-01
4.474753422522364521e-01
8.793111143528731244e-01
8.553698667997350347e-01
7.569602005952280610e-01
7.494966677203541705e-01
8.340719787546790887e-01
8.305974128837634307e-01
8.314168684994464043e-01
6.871538828488196193e-01
3.015901125847458286e-01
2.300287135715797793e-01
3.925472726571228588e-01
7.571652160715151014e-01
3.054260642666142833e-01
4.919172513026638383e-01
3.253752353571358613e-01
4.059596726643058817e-01
5.410186741959083223e-01
3.660061948178334190e-01
4.413477991663707911e-01
5.903752400649960874e-01
8.792119303117089668e-01
7.463451524169927298e-01
8.363937195959868509e-01
8.364246489447658695e-01
8.337010115792712339e-01
4.616528399722031328e-01
1.441183203385985878e-01
4.689528574853001341e-01
3.140596613919242608e-01
6.497779785228972038e-01
8.358197036090725396e-01
5.679432121333403138e-01
3.787004012386989138e-01
3.888817079809702149e-01
3.496852443352920226e-01
2.723401969246404541e-01
5.023326313609690619e-01
7.855724349940872431e-01
8.398272816822125453e-01
8.432415517717608555e-01
3.014691499993429336e-01
2.602927222867295609e-01
2.281764533525057481e-01
2.640046503084443330e-01
2.673802259801840719e-01
6.656000368646384224e-01
2.651915379746999091e-01
3.750804875467944610e-01
3.036173988274629698e-01
5.511617503860861689e-01
3.534936779395159712e-01
5.193397585735785027e-01
3.931330372466682599e-01
3.815269462908201237e-01
8.342953861945869853e-01
3.460280737107688798e-01
3.019649088495932054e-01
5.507205389575352550e-01
7.364291769855223491e-01
8.211453327457822748e-01
8.453728058493316100e-01
8.602445761867442142e-01
5.844843481032931942e-01
6.616021544986125935e-01
4.579262362270372089e-01
2.626821398577998123e-01
2.726094948505777826e-01
2.306161302648192524e-01
5.612490294550891434e-01
2.584438741076106050e-01
3.929440943829680677e-01
1.945206062078300713e-01
4.119698098995449032e-01
3.663397862329721422e-01
6.583011886871593665e-01
8.396955403678819652e-01
7.302343313046124607e-01
7.742249561822894810e-01
6.418506617484441845e-01
7.530554652375058833e-01
5.602486854155400708e-01
5.779322915564051311e-01
4.650620448835993126e-01
2.644974778535946203e-01
5.125310967203222656e-01
5.647006164996476452e-01
5.704238584618448460e-01
5.602727514648714324e-01
8.176336008989313342e-01
7.554755681423420688e-01
6.894793660440086125e-01
4.237078532463788294e-01
6.545573756500883134e-01
5.588936584739931934e-01
8.314982373464799847e-01
3.837031121405530265e-01
1.972195051245455855e-01
1.295388555590003821e-01
4.195010008998048545e-01
8.424378173908967371e-01
8.306368151666291277e-01
4.586352560997489780e-01
7.012835148355327508e-01
7.841983364677834745e-01
3.419791743849641685e-01
5.711425568508864403e-01
8.314889198992241326e-01
7.018330290695979912e-01
8.213827654605089235e-01
8.273613435952666961e-01
6.132604053682662038e-01
2.628199332286041412e-01
2.566275204321503689e-01
4.419971391252311976e-01
1.401924333456189553e-01
5.613421169567620606e-01
8.312591225815733065e-01
6.310247426283238648e-01
5.460040474583665038e-01
6.952183594885804618e-01
1.876728868893172975e-01
5.428068209410978895e-01
3.057215693416514557e-01
1.679325180582930122e-01
1.929005811840271423e-01
3.167455949810215610e-01
4.591220363349541866e-01
8.754263636126239367e-01
3.688121000501157765e-01
8.399891635929179756e-01
2.866008551449629738e-01
2.573761925549407081e-01
2.757292316268328825e-01
4.739076269795913232e-01
6.537827949346650680e-01
3.115842906938843804e-01
2.658045043161212373e-01
5.368300369277607675e-01
2.290258890661559243e-01
5.431187409054495374e-01
3.871639380629007254e-01
8.357141875216418381e-01
3.397275917929077904e-01
8.343517927898318476e-01
8.423151052261423910e-01
6.365807486598975551e-01
8.583861395578777920e-01
6.594977936391880347e-01
7.598916732311140620e-01
5.747986039270815972e-01
4.172653284429217457e-01
5.720433251233415506e-01
5.974355644254596420e-01
3.151546450789871612e-01
8.320422466134143047e-01
8.415958681645236972e-01
6.205109699166180270e-01
5.466987171124396694e-01
8.368643442560902423e-01
6.587850326646057519e-01
8.279134697723647962e-01
8.340738480247670283e-01
7.777422477385657062e-01
7.821923832223904860e-01
6.693925075381065293e-01
3.498996497670579520e-01
4.269054045279324083e-01
6.703603348413984531e-01
5.599398946670592903e-01
7.531038474975073616e-01
6.671195731004245788e-01
6.532872515621542808e-01
2.963031052728994919e-01
1.928193948682603021e-01
2.230040250928672640e-01
9.292045504616010254e-02
7.099321414969620436e-01
5.373992083149978782e-01
4.226636472737158590e-01
2.738550134016655146e-01
1.957377111254730018e-01
2.824766685127796939e-01
2.297971874085613653e-01
3.692723663959714964e-01
3.157564013854383678e-01
8.433439231402861669e-01
7.589530379421240980e-01
6.548664864006471520e-01
4.990868003572608846e-01
8.626539936621253624e-01
6.542904449169109071e-01
4.657753281516839872e-01
8.390390241173658614e-01
8.552532572831086366e-01
8.725147793723935230e-01
8.433502233227286871e-01
6.588645184066610483e-01
4.271649228149845823e-01
2.516270817087081224e-01
2.515913686584674847e-01
1.998270549059011914e-01
2.485324339585938958e-01
2.855495048518530421e-01
2.434446353732083179e-01
2.380099195223005504e-01
8.370791195457515377e-01
6.593037084298737360e-01
8.312342834326562624e-01
4.514749375564164890e-01
6.585208053658662131e-01
8.659883163075623447e-01
8.635537805459201355e-01
7.535641969764124148e-01
6.962711182870928717e-01
5.619935321597946398e-01
8.272708003889422956e-01
6.119627437142615145e-01
8.583146428144623474e-01
8.385129905363061242e-01
7.598732240727582576e-01
7.532658944463247463e-01
8.369768833861030988e-01
5.445628394350208179e-01
8.321786930801700066e-01
8.319536771710182022e-01
5.633939526711990720e-01
8.368287100195993533e-01
8.219803319784072526e-01
7.709254034926188437e-01
7.008370404814426857e-01
7.558978380674776787e-01
8.418398430072885352e-01
7.347103300912877222e-01
7.549531382855340089e-01
7.572025490019069771e-01
6.563718154473767719e-01
6.320940846083918929e-01
8.433533734316016606e-01
5.511193425247560285e-01
6.443284085603909750e-01
4.747804064059821805e-01
1.709356821632466161e-01
4.462995406830975731e-01
4.507710939652515014e-01
1.690595277673270780e-01
6.881371086039903551e-01
1.968468869889642425e-01
8.480176839021822399e-01
4.585550897480693555e-01
6.652105686407052687e-01
3.709502419492935466e-01
6.601989956983720376e-01
6.236806785593972391e-01
6.540343719995472815e-01
7.028359461029212163e-01
3.573202318054415350e-01
2.526515672426822845e-01
2.486573249872157942e-01
5.186110802820310672e-01
8.363071859796953333e-01
5.296221139495618235e-01
4.559707521260566998e-01
2.470150042574321136e-01
4.055474346976459810e-01
6.616125337587343003e-01
5.600179131112772435e-01
7.924015777245767556e-01
4.053843223650159810e-01
7.561680904015449789e-01
5.892021463719052665e-01
3.026125698322588153e-01
1.749899442255025417e-01
3.727334639989193787e-01
2.570217918006973412e-01
5.117756499287848815e-01
1.831282904937695799e-01
7.548098999411340104e-01
5.536962775987461782e-01
3.599578876811691530e-01
4.462168636896280960e-01
2.584130814026762701e-01
4.527583924331945453e-01
4.503924135173984489e-01
4.054670062104882566e-01
5.590857500945792813e-01
4.288421058267791186e-01
5.869784804831862379e-01
7.531162248540141935e-01
5.662141540972324139e-01
5.638352083058832953e-01
8.789052531160513881e-01
7.548380943171250079e-01
6.444379232484184206e-01
7.546238434695710096e-01
3.387427869596963403e-01
3.605946789281723186e-01
5.627068634324798868e-01
7.533961762126709649e-01
8.695644819504398937e-01
6.483023010089550286e-01
8.653277270729800019e-01
7.027133575956934219e-01
3.468040504021298043e-01
6.805964615820927488e-01
3.771808565602852714e-01
4.437950479809076310e-01
2.862997694363818568e-01
4.527600835909009191e-01
2.477732978544254783e-01
3.955019857007049944e-01
3.017181109322372712e-01
2.062669187515875358e-01
3.269233732319370422e-01
6.544226744646489680e-01
3.356107302327385189e-01
1.589855245364263370e-01
9.620155685596207262e-02
4.468074398808196124e-01
3.270918107683186693e-01
4.914753662306496906e-01
5.386055466936467973e-01
7.880149125482184269e-01
3.232321275545855244e-01
1.418262965031733824e-01
3.883523197343325961e-01
3.954746567989088080e-01
1.240244320696006486e-01
1.641811609397122174e-01
4.431900463503306298e-02
9.313109261150026574e-02
7.524452743362371188e-02
1.919577772940503912e-01
1.893718347192249740e-01
2.580764352394110395e-01
8.779959669586560878e-02
1.315566575047013020e-01
5.633093620104936416e-01
8.351060128490032097e-01
6.605842960243022421e-01
8.190359983422488277e-01
8.332900568448139422e-01
7.346823386775716003e-01
8.365774379605911415e-01
9.278432641983552775e-02
4.587054988224636420e-01
8.792602072388202572e-01
6.631318836454785925e-01
4.804664027487239308e-01
3.984953117731279137e-01
4.993596075816769120e-01
8.345774573098151405e-01
6.581755507255413473e-01
4.290418995357667131e-01
2.834309391625021157e-01
5.189998140107734415e-01
6.551573891669750793e-01
6.548696663042921084e-01
7.033787949178891274e-01
7.592085018578843547e-01
3.761832995441897198e-01
4.569741603540014574e-01
8.508767603544059588e-01
8.397908939200381395e-01
6.642486875979292105e-01
8.728140104677576394e-01
8.327816252689190790e-01
7.908639763337356188e-01
8.310219390094896186e-01
8.624307236208155203e-01
6.543732991231583362e-01
8.346438591810552143e-01
8.349622250838557580e-01
6.636909183750145935e-01
5.540425992393542831e-01
7.416924356389131834e-01
8.172049253088881082e-01
8.623679091358454896e-01
7.579662980341314027e-01
7.309337472700733196e-01
6.095887375500483873e-01
7.595588057662815418e-01
2.757160490841337186e-01
6.718593685748690536e-01
5.499720705817678912e-01
7.017577959258772813e-01
8.012144837269423725e-01
7.052408427666772006e-01
7.976384108274017226e-01
5.509110561435673903e-01
6.544837877192867248e-01
8.636266814557136406e-01
7.355956281066303726e-01
3.891534317274296106e-01
8.062550440254825368e-01
2.237942447006346924e-01
5.353990451800159089e-01
3.473494498995667312e-01
7.541434098275936471e-01
6.381622641961233189e-01
8.660753330697903429e-01
7.543192045900062315e-01
6.562948366906338205e-01
4.522170395315484037e-01
4.915313604406081893e-01
2.612302965217451201e-01
2.064394954196079324e-01
8.526937770122345883e-01
8.356461398334401602e-01
3.004615543566041547e-01
5.531743082635712794e-01
3.352035633862563979e-01
8.419470759693328255e-01
3.687476341807280900e-01
4.193526388037061570e-01
5.629698646641319026e-01
6.592884401902322500e-01
6.801608712030311477e-01
3.211388793747151360e-01
4.461635318221313096e-01
8.573248809974088891e-01
4.489843327757460090e-01
4.284091918629624463e-01
3.153189035822550612e-01
3.375827441294980691e-01
1.891609507817371416e-01
2.803833097593036450e-01
5.447571272767630646e-01
1.237693462913397047e-01
3.390004960676337165e-01
1.407330422959199578e-01
2.490779583353917304e-01
3.703567179818495481e-01
3.140957944438386162e-01
3.164439258048360459e-01
1.357446815942910667e-01
5.063888365536699521e-01
3.501946228499339120e-01
1.138022530134604748e-01
4.232290575611532546e-01
4.507904572938355447e-01
6.063108034108115607e-01
3.604588020901935974e-01
2.163090435810599288e-01
2.617898067350620250e-01
9.130546633859601413e-02
8.522912267730400893e-02
1.604681037023507062e-01
2.119524585442000009e-01
3.247143924782583402e-01
2.651405295502923809e-01
8.332928581229257503e-01
8.791833595014432179e-01
3.385975638866366433e-01
8.440214622437779424e-01
5.276217281899316935e-01
2.731936834747544784e-01
4.079928663977680503e-01
7.674856670015218763e-01
7.437200789694934366e-01
2.538964527974329477e-01
3.809330044351518230e-01
2.541118219059406158e-01
3.074800545492361037e-01
8.468566268811826836e-01
7.541028476239443057e-01
5.954892540093783548e-01
7.318147679959385865e-01
7.578454165103218898e-01
4.367094677362996502e-01
3.175695219993125429e-01
3.782406749385993083e-01
2.089098753842090761e-01
1.721834046804618656e-01
2.714754843008798657e-01
3.143122104613979562e-01
2.431326656972112588e-01
2.593931001981719664e-01
4.245685769215080674e-01
7.641465610665994224e-02
1.974317771466020111e-01
2.404367889171288575e-01
4.116635487129590154e-01
2.620500424663177452e-01
4.520066225942608318e-01
3.522214116148133511e-01
3.863223303442864243e-01
6.137120618164361163e-01
3.293728147737413625e-01
3.777555433975102739e-01
3.921674039388234334e-01
2.687410448128730311e-01
3.191096023923850056e-01
2.304773999574014076e-01
3.454942985661170196e-01
2.234931811363126408e-01
3.039791586723729622e-01
3.079230079918148233e-01
3.017312969458572636e-01
3.958071635544768707e-01
3.472264754600595804e-01
1.826385004407515278e-01
2.164704539818666784e-01
1.065795401283741589e-01
3.759082758034555938e-01
3.036676426996192668e-01
3.164389614886355395e-01
1.941324925131122092e-01
4.046891434219482275e-01
4.534555151290655672e-01
4.741973122996891443e-01
8.333090434697280058e-01
3.540045050004615446e-01
7.598439901698410548e-01
6.367943084395365494e-01
7.553787841545788195e-01
4.143987054840147510e-01
2.025121924094979153e-01
3.234898776432240664e-01
6.549039123990337830e-01
8.442910534636307585e-01
7.543764030658622888e-01
7.986660573228040461e-01
8.024079692811566522e-01
8.700862703143708021e-01
8.393863431491881411e-01
6.544119191224048171e-01
4.471428530268973245e-01
3.336369012948062207e-01
4.543481564017212704e-01
5.493228939973501257e-01
2.680217766038529570e-01
6.546466212840905685e-01
3.584243729117643218e-01
6.835916208679554407e-01
2.042317796010208186e-01
2.529726326407514825e-01
1.291126513914983842e-01
1.263223799951850579e-01
3.792808033737900542e-01
1.252459072570235310e-01
1.009941389499066783e-01
2.352897114428157133e-01
1.133512496525885122e-01
1.021244671380568125e-01
2.285424644178401798e-01
2.053636197099494853e-01
2.379472518184922170e-01
2.131851281498614858e-01
3.571711800920860380e-01
4.509913798585743483e-01
2.303046850871889595e-01
3.785308369117718619e-01
3.435617812061916854e-01
1.132185938067937631e-01
4.401576818598300633e-01
3.835214231880473279e-01
1.940385385925965100e-01
2.052050489490898910e-01
1.933167014502094883e-01
2.588554388870068501e-01
2.356545451519068135e-01
3.015603742666855269e-01
1.236443093865693538e-01
2.018452154016267819e-01
3.407848806546293075e-01
3.287323385377841078e-01
2.161093265902279126e-01
2.595783214881605683e-01
2.570070076981796348e-01
2.411092260447923463e-01
4.230920195511645998e-01
2.599746986677637373e-01
1.479977303278323386e-01
1.523072561237099054e-01
3.361281056871970319e-01
2.494206602265081341e-01
2.522572155963365703e-01
3.769625471705483899e-01
5.374708739549407532e-01
1.145512271882034028e-01
2.521407819201930134e-01
6.503451888128219949e-01
6.929654012189849777e-01
1.958303665133738214e-01
1.980985247624455492e-01
2.047615795239043635e-01
3.989556634645157751e-01
4.550577552686835281e-01
2.495596067855560540e-01
4.489187646123252162e-01
4.946474915564387786e-01
7.736323426667510716e-01
9.492768021974046233e-01
8.761820398500526075e-01
5.143240157674110469e-01
3.433451034661660906e-01
9.537329056858788734e-01
9.565577949961596715e-01
9.651797388945271283e-01
9.642226822405299824e-01
9.529523456255014624e-01
6.629174147322379751e-01
8.686899056956274290e-01
6.926641790632076523e-01
9.542478124663781314e-01
7.746345581779541245e-01
9.693038190108538288e-01
7.711869136988289686e-01
3.615330724652601746e-01
6.452402341881749992e-01
9.602138268335889126e-01
9.638759116059779641e-01
9.675707560281027186e-01
3.989553654267799510e-01
9.535341440803875024e-01
9.542610005801995809e-01
7.361882525603330452e-01
9.736597069648759151e-01
9.728410353606428140e-01
9.672892590109940514e-01
9.693382150174083556e-01
7.800499443024696555e-01
8.778523987273603169e-01
9.045729816244644228e-01
7.524057003058877147e-01
2.747163255977134177e-01
1.889116999033687849e-01
1.783851762067502345e-01
1.817603129218471059e-01
6.323666043239291046e-01
3.578741489851091084e-01
1.671745521939863588e-01
3.668571181783374380e-01
5.243188242388916454e-01
2.032675299854290463e-01
3.748696947838466298e-01
1.946317317544848102e-01
5.213155599538414897e-01
3.065938824573957722e-01
6.683559233235824015e-01
7.106811271476620728e-01
7.792534645975094376e-01
9.705526325823483624e-01
9.754146062817827811e-01
9.999951442190583295e-01
1.864173376018967987e-01
2.702121223445210774e-01
3.073615514433598594e-01
2.326065874429699698e-01
9.851988638448080371e-01
4.296748996664850884e-01
2.032018654693440729e-01
2.179832054797464225e-01
9.898716579390963721e-01
2.784239963880230651e-01
9.539456051078806231e-01
9.018531034356980225e-01
3.998636242592276679e-01
5.107686566804285899e-01
3.651490615945444107e-01
9.122348800357164000e-01
9.831865228862883832e-01
9.876261933754691968e-01
9.635069521491261835e-01
9.634511705747793586e-01
9.813626551701670753e-01
9.880257935682872361e-01
7.256562993002152462e-01
9.717235634473160300e-01
9.711836280890737694e-01
9.882199328772257596e-01
9.857624237221039865e-01
9.863815697815386807e-01
5.788310118302865126e-01
7.998336385120506931e-01
2.264472641031705646e-01
5.887559925887428935e-01
4.434109653445028054e-01
3.544151807682354161e-01
3.590581830287309373e-01
5.592398887029126353e-01
4.177693656682476275e-01
5.525692338598878761e-01
8.501009937924960402e-01
8.604203565774720674e-01
7.911807144430522687e-01
8.585827061373572100e-01
9.049964423188359142e-01
9.667265106421731868e-01
9.960410482543319288e-01
9.804426518837093818e-01
9.687543725685419105e-01
3.422782094487759053e-01
8.650691901895084523e-01
9.542346245348246603e-01
3.653853679238483476e-01
5.054277448899334724e-01
9.963733387478462822e-01
9.631115125134037669e-01
9.693548703644285780e-01
9.726404713637037958e-01
9.717402597798304731e-01
7.734422243629726079e-01
8.612457510540949546e-01
9.453438569118541857e-01
5.566781143961685441e-01
9.877741336042391573e-01
9.849556498628859735e-01
9.596562701601698553e-01
5.333407808218671997e-01
8.743466502143403263e-01
9.848118102491274506e-01
9.538483346625129533e-01
7.473653354960919648e-01
9.388945605993247456e-01
4.825629876050951395e-01
4.484364372219654116e-01
6.357469348657008856e-01
4.732563051107386287e-01
9.043348087289897475e-01
4.641098679108521807e-01
4.713089378170380317e-01
9.923227318194161040e-01
9.796753605931772801e-01
6.290787300282771888e-01
9.827059202110234315e-01
2.217776125648530938e-01
9.867419657463017968e-01
9.542342681067674803e-01
5.439988820744326992e-01
6.005984353118576369e-01
8.631387497324326530e-01
7.848412569985311338e-01
2.366702161750845190e-01
8.781459161727452889e-01
9.610742823782687516e-01
9.779891405401400784e-01
9.596189917487023546e-01
9.332534098902571795e-01
7.088240426561416285e-01
9.837515038211962493e-01
9.740150909036597859e-01
8.764150897280794661e-01
4.057360725240641286e-01
8.767084540672147597e-01
2.951496785437812131e-01
4.041389911423855508e-01
5.179445553905148714e-01
8.068491393044942006e-01
7.721796158279168321e-01
3.000207052754457204e-01
7.622742355547320603e-01
5.988444424755300366e-01
5.203156433968201267e-01
3.810366034960832038e-01
9.377078468945472256e-01
9.654721619567381286e-01
8.612348135043779163e-01
9.220791297415038557e-01
9.961552722377190472e-01
5.233864533296157528e-01
5.951361420554592829e-01
6.320069692050650501e-01
9.700666106193986948e-01
9.623660521857124728e-01
9.538771940894481549e-01
5.901607146025222850e-01
9.841006464352859417e-01
9.933770633696520358e-01
1.261631863492104766e-01
9.716763797107230705e-01
5.333114970515006048e-01
9.336644893815906343e-01
6.021560045312757126e-01
1.670556397150503025e-01
2.442965189606847720e-01
9.874196306312666982e-01
3.480161887322600345e-01
4.001914501695622017e-01
1.626847535000935097e-01
3.414874855682365484e-01
6.935620210765774951e-01
2.550318002445353116e-01
5.022669642612350716e-01
3.887964520119598366e-01
1.991993509413418351e-01
8.002224143605470852e-01
5.187637485270026882e-01
5.757158903172641118e-01
6.096652479114738066e-01
4.593705961085788880e-01
7.595049023386994946e-01
3.553105506195067820e-01
1.715835627180998524e-01
9.930194368111781023e-01
3.714653432202663086e-01
5.477190558635544049e-01
9.846499698184361105e-01
2.481323698950643752e-01
1.543683851510351257e-01
5.897063457954356824e-01
6.882342745819983731e-01
7.766382444111741279e-01
2.479388305685416849e-01
9.566792833082377046e-01
4.673243849996105426e-01
3.638291383636371168e-01
9.875262263664218443e-01
9.727051414685181641e-01
9.412436657875495882e-01
9.686498031082312332e-01
9.667330103581889267e-01
9.673308099001455274e-01
9.671284919503130295e-01
8.998365447170442177e-01
7.806320197075188316e-01
4.366031259112677643e-01
6.839011592065943335e-01
9.873986079174640329e-01
9.414409204237390583e-01
9.847849576099741986e-01
9.565788756851374419e-01
5.020049442241043547e-01
3.928205305551098481e-01
6.164103445016314575e-01
3.372917168547833189e-01
9.759306472155491186e-01
8.057769526207535504e-01
9.410077880508437298e-01
9.338350411206188806e-01
9.517443086284639309e-01
9.519718545008503119e-01
9.999704921564516180e-01
9.906661767607072289e-01
9.985540202033446056e-01
2.101775994409408044e-01
2.524298925810444238e-01
5.840035912326351220e-01
9.773069963425338180e-01
9.656391460450249875e-01
9.853718361888083033e-01
9.348150089827539366e-01
9.522400017837776565e-01
8.964974603832600586e-01
9.566224677358913242e-01
7.509706726777680696e-01
9.852941788909378440e-01
5.567055620718598385e-01
9.534276562511077024e-01
9.629057610192313099e-01
9.958758745216867991e-01
9.837904546461905264e-01
6.457219554099322689e-01
9.562980761592720924e-01
9.679445255893667222e-01
7.723264388601458474e-01
8.683288398108340855e-01
9.741588090504330610e-01
3.415404242763513953e-01
9.695587405158134775e-01
6.854862878478711341e-01
9.989274454043872709e-01
4.247835152363777511e-01
9.543533224805063053e-01
9.787488962061798858e-01
9.437251883665490615e-01
8.768803928585438001e-01
5.889535081439981612e-01
6.236517923399612640e-01
9.828035637637775324e-01
8.790950257429036574e-01
4.816361416429438269e-01
5.003014985449526497e-01
2.843528502455094364e-01
9.333970405010814098e-01
9.369823993049671840e-01
9.662969041242911450e-01
9.877435107407722681e-01
9.840322782325157114e-01
9.979197786285121108e-01
8.780960604824473714e-01
8.761686217302115942e-01
9.069239482451516565e-01
3.711352633644556809e-01
6.936218667568843088e-01
9.749268779106947669e-01
3.857906620989313140e-01
8.822911850245066523e-01
3.450993736573270132e-01
4.160576215288831481e-01
9.773069963425338180e-01
9.878578901401335877e-01
9.829911693900971192e-01
7.351550426078479195e-01
9.589124097064395391e-01
9.788030042450570622e-01
9.882808399496907370e-01
9.534725292710984901e-01
9.637445098480920125e-01
9.693215599565584428e-01
9.814436685059169108e-01
9.742166661384215054e-01
6.861495078563331074e-01
8.761358954704453472e-01
9.674648688492120119e-01
9.975493383662338287e-01
9.979641363298316081e-01
9.545839880307623870e-01
9.882483557105755656e-01
9.882487248436576666e-01
9.579952033257937982e-01
6.028063709068580689e-01
9.837687742797137647e-01
9.999981323891592444e-01
7.895396019711770075e-01
9.457885234462760637e-01
6.548593928250794338e-01
9.966845196769665849e-01
9.649338980470855143e-01
9.762897773685705882e-01
9.861737939176989931e-01
9.583473754975821990e-01
9.974833890824444937e-01
9.677095472160291978e-01
7.746174871024751329e-01
9.578005620690748234e-01
7.705436657309234771e-01
9.573284351672463055e-01
9.948118306982247638e-01
7.770653770609324829e-01
8.962118686061943951e-01
9.963658954180867333e-01
9.482366911055192249e-01
9.700970478016188725e-01
2.058599819894545990e-01
3.406289850608535397e-01
1.876327939443244719e-01
5.133912003198670693e-01
5.534035007042739096e-01
1.205670358787408608e-01
3.421337709942106065e-01
1.897850923665176937e-01
9.947345440996399057e-01
9.719787582755634592e-01
6.111022813319990643e-01
1.740355161163527065e-01
1.673337338666071039e-01
7.026201836350333130e-01
9.104086389484417063e-01
9.812255709128790970e-01
6.385742970165647625e-01
5.226848955577801936e-01
9.880280078700610646e-01
9.846915308452989235e-01
9.658970723806271641e-01
9.673785052947956320e-01
9.594211536502587068e-01
8.123413443313901583e-01
9.863012540629519931e-01
9.652485999768311009e-01
7.945930774829881305e-01
3.738628888631316260e-01
9.593075585422057294e-01
9.592061584997969570e-01
9.882280536033385410e-01
9.568368837814551497e-01
9.606482641418743196e-01
9.879353804842064823e-01
9.822178479442806864e-01
9.503152144591695549e-01
9.398573699550304417e-01
9.606712291369050583e-01
2.950084884145282027e-01
2.628147303144549030e-01
9.570710095005006135e-01
9.428422301393643012e-01
9.179049691923970578e-01
9.997863679423472094e-01
9.333248738148084422e-01
8.418646846186912391e-01
9.933789186148946904e-01
9.539096174501211500e-01
9.578860705443092982e-01
9.758672206960694595e-01
9.817846576467180730e-01
9.927323900035595061e-01
9.690077017862783748e-01
4.975794507689585977e-01
8.660378080406132550e-01
8.749781730903938293e-01
3.787103030870649922e-01
3.705246966650873053e-01
6.639053895506822345e-01
9.630420844553914117e-01
9.887010164233954734e-01
9.714034848971211389e-01
3.191137742314319459e-01
6.114518480431690994e-01
7.494479573277349482e-01
7.902795848598247463e-01
8.988764571405590820e-01
2.087544143987949685e-01
4.182479213557204201e-01
9.566928623722825709e-01
9.595372710676843830e-01
3.990501526500027651e-01
9.670551621437660783e-01
4.097225428946877357e-01
4.651692370121271458e-01
9.569019328146924908e-01
8.780504712433909731e-01
9.985708045529387844e-01
9.061651125325771439e-01
9.886821821960410928e-01
3.717655821897296597e-01
4.637603415769163129e-01
9.954712402616101574e-01
9.813369962321227824e-01
9.577379561016852172e-01
9.786063285372967879e-01
9.511806558829316582e-01
9.555739511588176027e-01
9.987043434290954202e-01
8.164873056524120098e-01
9.693755089088313959e-01
7.053525431058038642e-01
4.214462977055921100e-01
5.797536505405685991e-01
6.476347800091561968e-01
3.567418533678000103e-01
8.760737189445003681e-01
7.735797520780544057e-01
9.336773930250636955e-01
9.442033029752283646e-01
8.723101357151269442e-01
3.924685427963406914e-01
8.745769251869722760e-01
6.503553914728948948e-01
9.693306115845615745e-01
8.389772865949656211e-01
8.842093034245237515e-01
8.806439578263133283e-01
6.554809836570875126e-01
8.749735975656551812e-01
3.719600409724682644e-01
7.058482950159438163e-01
9.906720973563956090e-01
8.040731264819633850e-01
8.807771887445611236e-01
9.557181611082649075e-01
9.674402960071457613e-01
8.142883425364635386e-01
9.714531953963739808e-01
9.679445255893667222e-01
9.240433643664772712e-01
8.747226340056594163e-01
9.390071414900148516e-01
9.858747324804122414e-01
4.691229730160584865e-01
2.242462655932035698e-01
9.014809472449234473e-01
8.725646440965826311e-01
7.905949077016186655e-01
7.484635107741676174e-01
9.882210402450414266e-01
9.880704496131602621e-01
9.900872394545724431e-01
9.553801586974066673e-01
9.844855818879162390e-01
9.667037619802518744e-01
9.554551013971227524e-01
3.978801559921069098e-01
1.865095519431086979e-01
4.570521724056492152e-01
5.364165274137816519e-01
9.428235651655142435e-01
9.401561677070692236e-01
9.844546932596939248e-01
9.837970690904090931e-01
9.914994783480431950e-01
8.759634482758424934e-01
9.832823778003918491e-01
3.602137069626956678e-01
9.547929542478718057e-01
1.968369611286676368e-01
5.127371296114963117e-01
3.441812652795957495e-01
1.640588011383054823e-01
3.895687944573934525e-01
5.346005068125121440e-01
4.239160220844161997e-01
4.588876660385849404e-01
1.957396851713794905e-01
7.149267102187842893e-01
4.959501128110034296e-01
9.425126540111036233e-01
9.580270509726177552e-01
3.861894528190024656e-01
2.683455345185347674e-01
9.790841948438384623e-01
8.043780287864621403e-01
7.502705795840037828e-01
1.722127345349714067e-01
5.689294558009531100e-01
9.475880410944844678e-01
4.393703754196565114e-01
9.563773775952295608e-01
8.781465721875360009e-01
6.843266198772226527e-01
2.959672837445343485e-01
1.963966102947675985e-01
8.391073480922839334e-01
4.806288460467398882e-01
9.641600166311321551e-01
4.753097099495052769e-01
9.603131812050949012e-01
9.785869555595674285e-01
6.123743294184330610e-01
9.785895142327565299e-01
9.977479577428309820e-01
9.745766216722208108e-01
9.605316534984899013e-01
8.745543849593520047e-01
7.738496779524801639e-01
2.834739247640519766e-01
2.102105745752151367e-01
9.276752590316942326e-01
1.813979299944158130e-01
2.110989977589368405e-01
1.301174333586327392e-01
7.941287237112105712e-01
6.616604781686408199e-01
9.969462697717296207e-01
9.703003491859393259e-01
9.618341904307886603e-01
9.958182189707682763e-01
9.407958648960937920e-01
3.781102946741658477e-01
9.397703116303165460e-01
7.689111815797646798e-01
9.490257953957110804e-01
8.484983354296582458e-01
9.489492302634224830e-01
2.393834036274186949e-01
6.691640162219120169e-01
3.649157704702331029e-01
4.931653388305492491e-01
5.035392420573310268e-01
3.401134474073351233e-01
2.788686289257662487e-01
2.555923543723289670e-01
3.757782784361607953e-01
6.188162332366270446e-01
3.692203698649610399e-01
3.395022993998133010e-01
9.630147462827038929e-01
5.318569057685262891e-01
6.493308239913139213e-01
9.368760102017649194e-01
7.359067239252016224e-01
9.580130951318923671e-01
9.687243393535791558e-01
9.878309544442143153e-01
9.618180235638722486e-01
9.650986261206221384e-01
8.528498564551240113e-01
9.728155992308625821e-01
9.700542910790472817e-01
9.655460930337768088e-01
9.353626748933681068e-01
9.542820306522530327e-01
2.342734017890602538e-01
2.297486960759668739e-01
2.496943404546016765e-01
1.895343111235977540e-01
4.079895137320428966e-01
6.572444634840095556e-01
9.560984228380327021e-01
9.608022118682920665e-01
9.882324831184350344e-01
9.641610970381709889e-01
9.822805865106023493e-01
9.547298316442239807e-01
5.022964195842214430e-01
9.213272290503803363e-01
8.745723517604752084e-01
5.849781737461245967e-01
7.800388724647122629e-01
3.831720429380488513e-01
3.722783392668473912e-01
3.959517803122686308e-01
8.778005924292372475e-01
4.975547323847541170e-01
5.052576749413917323e-01
8.328901932238341743e-01
3.809937658530376248e-01
1.958196873350364076e-01
3.515257385405035073e-01
7.677465839352546340e-01
3.619872294210182972e-01
3.666013734830874116e-01
5.433143399833250120e-01
6.459323088195904061e-01
9.482242946150771790e-01
4.225029616969046553e-01
3.123371541830960441e-01
8.748892814643977056e-01
5.053943304045533935e-01
4.236923436166769585e-01
3.129400765529855577e-01
2.510033033630831301e-01
2.479245689253417873e-01
6.442677622799671822e-01
7.778276606756585609e-01
9.879036456083877260e-01
9.696525424267465887e-01
9.643934126650247629e-01
6.416162332995640760e-01
5.869256436885020856e-01
9.812801823995940254e-01
7.964671916944341401e-01
9.336487960014898668e-01
6.932740050274079913e-01
9.813179357410088954e-01
9.432645798994427899e-01
9.887372086909255176e-01
8.733596051660172943e-01
8.764236011494531686e-01
9.715439145429013434e-01
9.550108841195006359e-01
9.832772359202996970e-01
9.859284979226401457e-01
9.538255327698349495e-01
9.857307586469109539e-01
9.855069229425666988e-01
9.710316439808206468e-01
4.561871039239336345e-01
2.665125460927193490e-01
7.720460859170108492e-01
9.052537246978548113e-01
1.803535050255070105e-01
2.268282930794265906e-01
5.145990009537094734e-01
7.793565097355582560e-01
7.355678777154386339e-01
6.541868308230809337e-01
4.462451988371392009e-01
6.752384087131092505e-01
6.364499846080274859e-01
5.116286692072026243e-01
7.743001493517708278e-01
9.948776033501435245e-01
9.879184058889385334e-01
9.428584302275121454e-01
9.568157974066018312e-01
9.814048105962948076e-01
9.989106550602410151e-01
9.714608154787708338e-01
4.558062571828562226e-01
6.893444303495659398e-01
9.465741761504116170e-01
9.879947938645098349e-01
9.975195302403503383e-01
8.913983396309758112e-01
5.302658342869804864e-01
2.623063238299234157e-01
2.251358925135455158e-01
9.533161951101190024e-01
9.249087177254659009e-01
9.697463534127344076e-01
9.417694182456933794e-01
8.539218422634474726e-01
9.539840884618471240e-01
9.571074739276036469e-01
7.702199414158049651e-01
2.464035795278183283e-01
3.288542905611567813e-01
4.976684842984783197e-01
3.645208382911381828e-01
5.717991512252200703e-01
5.601430163046657862e-01
8.598603624323595263e-01
5.512340159582156396e-01
7.906418625910239806e-01
9.860806037170590788e-01
6.456848129578474094e-01
7.482731491951806202e-01
9.543276568087982747e-01
4.394166582107280061e-01
2.831297993863650109e-01
3.095627736551551101e-01
1.202072527051507161e-01
9.568165121913636550e-01
9.812937441123558147e-01
9.485516163053531180e-01
6.212206063378749032e-01
8.611212642100730674e-01
6.726078808923735552e-01
2.400626684209031803e-01
4.849754910070577796e-01
4.510067095637584900e-01
2.648368612607209793e-01
2.525213687533184315e-01
2.971194663587095608e-01
6.563411699561594315e-01
6.277267285483592030e-01
6.977929052365617890e-01
9.577926913797062403e-01
9.562430691161090124e-01
9.993599872998912836e-01
2.700315174689154607e-01
9.658714570345258155e-01
6.487431738713297369e-01
6.871171803839016823e-01
9.813963793662054957e-01
5.738092589140461053e-01
8.776343738768712655e-01
9.687058856712746913e-01
9.701735073169833745e-01
9.756496334534834336e-01
7.724943532369024091e-01
9.544228371410028444e-01
8.745527516320972250e-01
2.387638448612209585e-01
6.244879367907172352e-01
9.742723431842503778e-01
9.767460814063925190e-01
9.825440588523227659e-01
9.818503024844598137e-01
9.742803492956381151e-01
5.990359447816060445e-01
9.535740355599348073e-01
5.065335551684216897e-01
9.696894862105387425e-01
3.732219042954482147e-01
3.528399036744779282e-01
5.549105949542155747e-01
9.863627797384064699e-01
9.447681144331202541e-01
9.669518596342158157e-01
4.863910606385402624e-01
9.525384666553248225e-01
5.114610977203590814e-01
7.721210674733647306e-01
6.647570150548418599e-01
9.705899731967376765e-01
8.759016111568340701e-01
1.960210805352166075e-01
5.486687453349549104e-01
2.475990895355491550e-01
1.809948225612467432e-01
2.366038358429251309e-01
3.800981265000535902e-01
2.347422044270156827e-01
4.610405750793643009e-01
8.342392950198292967e-01
7.304165570268533747e-01
3.748083700451769751e-01
6.456727541795979075e-01
3.090448441004277624e-01
3.943773027458794544e-01
4.880352943916018149e-01
1.262279995792781606e-01
1.537279607376448309e-01
2.124925239402920274e-01
1.984558689801840248e-01
2.702558287040827123e-01
2.112652005850196302e-01
4.183304162990866271e-01
1.971623486497688371e-01
3.314146183355325403e-01
2.947582376803064563e-01
2.424289575734452640e-01
5.422017452323841802e-01
3.105402195059639436e-01
2.727001348642782985e-01
4.967719998290391903e-01
4.965078390161662969e-01
3.678086489094992140e-01
1.851125823790969183e-01
3.970440237199744371e-01
1.772782214229293718e-01
2.377394554265154225e-01
4.977045483398764292e-01
9.144954212810124661e-01
8.453728058493316100e-01
9.819210864728916688e-01
9.538996409140713117e-01
9.672574647534124548e-01
8.295841447800053059e-01
8.130920679182804811e-01
3.275272918754085216e-01
7.272151475794402797e-01
9.997355810221977279e-01
9.691166537160942340e-01
9.407600219179864665e-01
9.142993727193843290e-01
9.959975200855232247e-01
9.984167721087982006e-01
9.954076592041395388e-01
9.555296930636267838e-01
9.648088388367637158e-01
9.938547178496917045e-01
9.993723057299501722e-01
5.879771343426241081e-01
3.399864310992921634e-01
7.065343824944566586e-01
9.593487665693349875e-01
9.559213055975799289e-01
9.654516065167656480e-01
9.821807937143826051e-01
9.920833176494260330e-01
9.944915763158753697e-01
9.963685005771771852e-01
9.667070117563202336e-01
9.613963439771696651e-01
9.542699115710945312e-01
8.423588390500517109e-01
9.681271250941620998e-01
8.479419831467830404e-01
9.578624565622638753e-01
9.222871812698383298e-01
6.893392806554532459e-01
7.646985432447810371e-01
9.714949251516273865e-01
7.383996799690548674e-01
9.813025409992266468e-01
8.745527516320972250e-01
9.879925796371730184e-01
9.846422462810709986e-01
9.542506639350063491e-01
9.679683881225381592e-01
9.873296418062309510e-01
9.744375735407415640e-01
7.843565269189942679e-01
9.613421209256773903e-01
9.821268657983938111e-01
9.532471171102430141e-01
9.408099213387121074e-01
9.993711858663952841e-01
9.843340898011206930e-01
9.615267072703291840e-01
9.870291238196816641e-01
8.431439168151837471e-01
9.523872659662347973e-01
9.804759782342220564e-01
7.974063525185076662e-01
9.872706371928072766e-01
9.333269655242932838e-01
4.678976296843111449e-01
7.039520377552456187e-01
3.614135811582909197e-01
4.430477351872748049e-01
5.473069713775629008e-01
2.868416088192762836e-01
2.054040487714145768e-01
6.255798487325955337e-01
5.807202731234876181e-01
2.734980460344075270e-01
3.380962137970047188e-01
3.534674033841555540e-01
4.834493597767725581e-01
6.545490629776250513e-01
6.376418808233509372e-01
3.221386780446005571e-01
9.618510761152496702e-01
9.775454005649915068e-01
9.606568759506757260e-01
9.882679199539752268e-01
9.934883842172385071e-01
5.170654282590330109e-01
5.020004440006580193e-01
7.021592199955519753e-01
7.394993206494848703e-01
9.544406622285178665e-01
9.910262873449401377e-01
9.879043836171758075e-01
9.882232549843898983e-01
9.872499864111888845e-01
9.892370189990077334e-01
9.620307294087601102e-01
9.435098338480002456e-01
6.131653501089453506e-01
9.990031920207006477e-01
9.880350198584165744e-01
9.689490682764171359e-01
8.762952838753512719e-01
7.539735701593381911e-01
9.457475446300201982e-01
9.558352584605257496e-01
9.644139455749812795e-01
9.994801918022119258e-01
8.780275135299272504e-01
9.684204411337826723e-01
9.455416176361156610e-01
8.763928294783507322e-01
8.646611823134785491e-01
6.383238981495734654e-01
9.658620769368684300e-01
8.803762410839846009e-01
7.754066216557587987e-01
9.623678495143410672e-01
8.972421677216767533e-01
6.220311859462906989e-01
2.691629751805961757e-01
9.564080997384809546e-01
9.392940909003053562e-01
9.725630908778450934e-01
7.635089547873443738e-01
9.589844056599792221e-01
9.829485786697479410e-01
8.851276060751188668e-01
8.779130618863869584e-01
6.247462093428672869e-01
9.683842691251836055e-01
9.640901528798960785e-01
9.657044327736403755e-01
2.749912599829986148e-01
5.304966316569597051e-01
7.774425051355429162e-01
6.555130580766795889e-01
7.943429158133402668e-01
9.391937538765303684e-01
9.932405268314574709e-01
8.565010047160712681e-01
7.581758339266423397e-01
2.593516349505823881e-01
6.520877879497092300e-01
8.745935857285946913e-01
6.991297104475339141e-01
9.053521266469760631e-01
2.281762828944818855e-01
7.738285775697019142e-01
9.606023357987397704e-01
7.575714520282998965e-01
7.709311626740888990e-01
9.991714969311490391e-01
8.624577835781419566e-01
2.973471752145931957e-01
9.538764815004935338e-01
6.604851127409401279e-01
9.708267388688869293e-01
3.478728372173253147e-01
7.724279909592880466e-01
9.717801869556234040e-01
9.172064901196262943e-01
8.134095049323394333e-01
9.947616680392975530e-01
9.813007083079577919e-01
9.733073611066066499e-01
6.536470323894147949e-01
9.680490189122599176e-01
9.990767053123363883e-01
9.596401399005476396e-01
9.881479566309945284e-01
9.880977609162114872e-01
5.493386934287813883e-01
2.938633941931942939e-01
1.141943378335383286e-01
1.245168788002398580e-01
7.758861105304422079e-01
7.299899801625346907e-01
2.017478301989919509e-01
1.398868503667115015e-01
5.942240911763035927e-01
9.875516782609020661e-01
9.823007664333756050e-01
8.247543965387539311e-01
2.866206604257574009e-01
3.739686159890940331e-01
2.873769596436869245e-01
5.041772481093195202e-01
3.297512205498473459e-01
5.055940950543974521e-01
8.981226775274403495e-01
5.496237768028933157e-01
1.322596496984870251e-01
5.766897820075809200e-01
4.748658925464350755e-01
2.706260514832082298e-01
5.309400839017175411e-01
9.547508720484149114e-01
4.430826545957919360e-01
5.321527935736671822e-01
4.032878984813367262e-01
8.318057716862017337e-01
9.867250116561524509e-01
7.740231275560591762e-01
6.157922215445345016e-01
5.225738188869744061e-01
3.566427283121132441e-01
2.264076826476031090e-01
9.551628581081189617e-01
9.571857698913101009e-01
9.542845257763018507e-01
9.909200540671964097e-01
9.621320686654432075e-01
8.458538539458398953e-01
5.472209124920058843e-01
3.878122083091332661e-01
2.036802971866731593e-01
7.791699323534161392e-01
8.780888447617624104e-01
3.533889874311491042e-01
2.270797280914105265e-01
4.536989735519622036e-01
4.558236234115639052e-01
2.076934697611225733e-01
2.769488636597809417e-01
3.392710735376811004e-01
3.341305155892381751e-01
8.353555948574469259e-01
9.883554100827119937e-01
7.778814117198428191e-01
9.668825158884732929e-01
9.535081442822284092e-01
2.460421383485461855e-01
8.195231811732509586e-01
4.693666031682969253e-01
3.182785886652523821e-01
5.836668825036651631e-01
9.424478790923228599e-01
1.392319602121322997e-01
9.801856009657994306e-01
9.847731868208968731e-01
9.742603341405245976e-01
6.593926160099835565e-01
2.835615042705966760e-01
2.442025492798357844e-01
2.800950330696342361e-01
7.086030010745429930e-01
8.773692106356585363e-01
9.699796525036565864e-01
9.811918525864086194e-01
5.628355105509071921e-01
5.676865812413205425e-01
3.864321583210290068e-01
9.505786343471025468e-01
9.827195016280877438e-01
8.177539391508369393e-01
9.841668137348459355e-01
9.908497316814002254e-01
6.504158819593266472e-01
9.439613946695545321e-01
9.567675506698618548e-01
9.806440921490725549e-01
1.843613432298614740e-01
5.796802443844817354e-01
3.293902852362154410e-01
9.875634822607097796e-01
9.992681637877772749e-01
4.051726922232312678e-01
6.546759649722336816e-01
7.089559062671119127e-01
7.734352908399614313e-01
9.989748330089662787e-01
9.962326692207736922e-01
2.860090419509814796e-01
3.505299071409501144e-01
4.815418822489112016e-01
9.751606948296843713e-01
4.432642467769418726e-01
6.699538171901963102e-01
7.780981968645452884e-01
9.578098638762564399e-01
9.876582882511103501e-01
5.292210751698464000e-01
8.928645565139519125e-01
3.679848184158431290e-01
9.412837462711427516e-01
2.373304348873804259e-01
5.637655023115030195e-01
7.936352931367512964e-01
4.742777331301751831e-01
1.737122159959671730e-01
1.641856377520725385e-01
3.205130973859148802e-01
9.741191480004353087e-01
6.035304753397053856e-01
9.826585702519301524e-01
7.554493251944642829e-01
2.404901411171457004e-01
3.500915632228477903e-01
2.454694276134563036e-01
3.678127704769722506e-01
7.442394613336077436e-01
7.799739014259821079e-01
4.895139140945955480e-01
5.945280267505411720e-01
9.648953333920514686e-01
5.489887501631555144e-01
9.558477544519414781e-01
9.592588278553892955e-01
9.868706051806978019e-01
9.339724817496404263e-01
7.452673442746414745e-01
9.853512251244906928e-01
9.547551515094013785e-01
7.970460363827087669e-01
9.435757390952403956e-01
9.594763435099449289e-01
9.846617391347211035e-01
9.851628010967468096e-01
9.564298916243979543e-01
9.599029176707087885e-01
9.592663522851277991e-01
9.728239567429993739e-01
9.910436855174600268e-01
9.816533811376363383e-01
9.975076072393942450e-01
9.451722623794653888e-01
9.580012865023754820e-01
9.554604546720442126e-01
9.669381349564727390e-01
7.751917446135041523e-01
9.888313886570805344e-01
9.825536009592600317e-01
4.732107001614539454e-01
6.412946927102377570e-01
3.619524820208234184e-01
9.946186254598133880e-01
9.596164826768697198e-01
3.926818977123728294e-01
3.642035950559365798e-01
4.914669217558482739e-01
5.567585898233557984e-01
4.699421774112596539e-01
6.868651926291704513e-01
7.133297207280686614e-01
7.899431430647719798e-01
3.971171447598049742e-01
3.755857515907120026e-01
9.816222147127746656e-01
9.413702415509991317e-01
7.094706207862863101e-01
6.510721642779537799e-01
9.974010517468462345e-01
9.819379580211172742e-01
9.516124280342397324e-01
9.832298584333621916e-01
2.849024978257651552e-01
9.538636549903088957e-01
9.826035150287617537e-01
9.558056257624970575e-01
9.869509672622482910e-01
9.895541027813967716e-01
9.791807470425976101e-01
9.675140164058003700e-01
8.264069667596229962e-01
9.941781092712034251e-01
9.766092772418878409e-01
9.463383764897806971e-01
6.650135602160872628e-01
6.499590629542465470e-01
2.891718213613876931e-01
8.283753003101826939e-01
9.595989193577196819e-01
8.678502453591998567e-01
6.365484117760515925e-01
9.335145411981503605e-01
8.633925172140368698e-01
7.796893163103857383e-01
9.776290201064465890e-01
7.725739954959827127e-01
9.827819051459879551e-01
9.605980301291521251e-01
7.643729919392779903e-01
6.496554231951620073e-01
5.169680970882140070e-01
9.712815779457723009e-01
9.675125708537927194e-01
9.697159272336907110e-01
8.766878236779520606e-01
9.877401902463629479e-01
2.290155381945321311e-01
3.259856697734647146e-01
1.377614504824689057e-01
2.547419932256175801e-01
8.141511801704526263e-01
3.737437896224448108e-01
9.768639307551645334e-01
9.005201142534728920e-01
6.783450249296950618e-01
9.541943490072849476e-01
9.537471554209883129e-01
9.865753860134213182e-01
7.842847513711541652e-01
9.840657265984728008e-01
9.608104661727595586e-01
9.688502679811956675e-01
9.626133961549800944e-01
6.946792138898137958e-01
7.016951514831170078e-01
9.670613028502123010e-01
5.078716509964006365e-01
6.589011884364285310e-01
3.153525900928355052e-01
3.569673855155643949e-01
9.291535976107566652e-01
9.543301520521439985e-01
8.432393469866910074e-01
9.595974856315712120e-01
3.765760976103311175e-01
2.137352799762811395e-01
3.220022571979858639e-01
8.223571418764035190e-01
9.130008448149413702e-01
3.316033292559279477e-01
2.568994165738700541e-01
1.399269848054457144e-01
5.565205243937580981e-01
9.441687408506883594e-01
9.783066386055417896e-01
8.534049661599721892e-01
9.878578901401335877e-01
9.399044128897457995e-01
9.710127836503863463e-01
9.486175193968229280e-01
6.918558746170169194e-01
6.538338352694066380e-01
8.161826910714204963e-01
9.987834307353143926e-01
8.780481754450335519e-01
6.516721473811565302e-01
9.813161030209938129e-01
9.514887399360417719e-01
9.743185611881338692e-01
9.724432177751302087e-01
9.396709767000271940e-01
6.469420895261946969e-01
5.546813999070246970e-01
9.433509048367337835e-01
9.989192367564329045e-01
9.524641084934040158e-01
6.464005427571587470e-01
9.598860661869517141e-01
9.953790304633486352e-01
6.866920367178507290e-01
9.548182757870840032e-01
9.592591861602330905e-01
7.302288761456653399e-01
9.548243387904841173e-01
9.619074836358069147e-01
5.776616530557245888e-01
1.371907940029363782e-01
9.886230967523408353e-01
8.747017236251525274e-01
7.678618743869441987e-01
4.095435245178071226e-01
9.975884628832215606e-01
6.732782563284270827e-01
9.677268975142885310e-01
5.018780159011997366e-01
9.579118319159356520e-01
6.558427075404333895e-01
7.372501766891178532e-01
7.724856969643271176e-01
3.691700353716289573e-01
3.700395098025201501e-01
7.731643543295164678e-01
6.372180727181318005e-01
6.534876206501457618e-01
3.662520847543343505e-01
6.612747971367789468e-01
7.887419764606430350e-01
5.908199726780469785e-01
4.419528956427507538e-01
1.997254958123050594e-01
6.240880234691302819e-01
3.615122767888706012e-01
5.324727123208957691e-01
9.893800267257972791e-01
9.288523985415640949e-01
9.817252510183707148e-01
9.690594614747205515e-01
7.290814718770151082e-01
9.045260177491447617e-01
7.429151836616101345e-01
9.584168230927518906e-01
8.844639798721838364e-01
9.877497828162193905e-01
9.585646844767855557e-01
8.802907467444076595e-01
9.418710858653915885e-01
9.626425207757018931e-01
8.543780755205239164e-01
6.884163049176507121e-01
9.720913121373245813e-01
9.450811816423982936e-01
9.028649316693410087e-01
4.577808704080061908e-01
9.594086109430711717e-01
9.856884174032882751e-01
9.533532286762379515e-01
9.579193457798331757e-01
3.688833286531452149e-01
4.677312779365372930e-01
3.119726723489434361e-01
1.059804991879004094e-01
1.887283257485709576e-01
5.667283171842022460e-01
5.255633263564781776e-01
3.015342430139852370e-01
2.252319475764955337e-01
8.969003898765652849e-01
9.667781484804560677e-01
9.632636961787188756e-01
9.542531589770417710e-01
9.821397055098194384e-01
5.409065299454793863e-01
8.750958376593956922e-01
9.695073162924777721e-01
9.976808773586074430e-01
9.975854819136418250e-01
9.658133740480998597e-01
9.859660618207046756e-01
9.865050034727401718e-01
2.476384907841010785e-01
9.887205896280691908e-01
5.066521985198879641e-01
6.225913838485563900e-01
2.307386543328971695e-01
4.897452670023249022e-01
3.198915219701006785e-01
9.550865113446517229e-01
7.030465227339564027e-01
6.493684187306638655e-01
9.615119821561335378e-01
6.391985752051003722e-01
2.417055271673627104e-01
5.806547693643158148e-01
8.427248448556223792e-01
8.757530890355690323e-01
9.826211323645681617e-01
9.868068362590354248e-01
9.576181218071714296e-01
9.695156453829746335e-01
8.669476008596976868e-01
9.671451093294660684e-01
6.474620820310050817e-01
1.833732668952980094e-01
3.692669871049332198e-01
3.641074287159177802e-01
1.952117170927555323e-01
2.351579193585688066e-01
8.717433800983803716e-01
7.730222805907661643e-01
9.353312313099587660e-01
9.409708825767388873e-01
6.527969604624122013e-01
1.585953716597421348e-01
6.358340907864292735e-01
3.128859610859562879e-01
6.053920290522643022e-01
9.655962251310677980e-01
6.053495185645330068e-01
8.747729516573559128e-01
9.374875623805084546e-01
8.761984036889420846e-01
9.823800225049658108e-01
2.759571420292803445e-01
3.340138430351502485e-01
7.476364468640875893e-01
6.621274999816806339e-01
7.773954630091414186e-01
2.843129172653425796e-01
3.085109562097875235e-01
3.498922002086650163e-01
2.599961600688458496e-01
2.051707132014675139e-01
9.114129791169647832e-02
6.701920907324476762e-01
6.726387834075246985e-01
1.992082053858586499e-01
1.221243481499012795e-01
7.364494800823108422e-02
6.545189915442870543e-01
7.533362381740268399e-01
7.532461993796553124e-01
8.668391264555423970e-01
7.847767653542254696e-01
8.416005835028507187e-01
4.523758458616602973e-01
8.468256280866290897e-01
8.280081039435942536e-01
6.921704478121419868e-01
8.143062878810867211e-01
6.543146401934922807e-01
8.356374001649365946e-01
3.362923670629229256e-01
8.140030950896043338e-01
5.493838371654259367e-01
7.865680831306758325e-01
8.482251829580529368e-01
4.433364408168041781e-01
2.089103435799896102e-01
7.496156575648005305e-01
7.442897792602741758e-01
8.432028113876609554e-01
5.613689558602319440e-01
7.918269933112986880e-01
8.675945195340931670e-01
6.175204240862540717e-01
5.600300456421536399e-01
7.532802440334517291e-01
6.688971251792698025e-01
4.033927555401277676e-01
7.552075379203342376e-01
4.833208044658831581e-01
2.467089642521674842e-01
1.808232532053825337e-01
6.532770029075836149e-01
8.343094095775420715e-01
3.682829320406007523e-01
8.546362902572389730e-01
8.318166461938061307e-01
7.607786123039734782e-01
4.800279903799478665e-01
8.328037110127338716e-01
8.312392512030571945e-01
2.965832476022898789e-01
1.352029317651731455e-01
3.733953666340756872e-01
5.065191760441583035e-01
7.545040586533872107e-01
8.492009502238210272e-01
8.504106437409943986e-01
3.949379162073127225e-01
1.589379051612397897e-01
2.528609689604269795e-01
8.361916135267667416e-01
8.022257617651589179e-01
1.708312582103502786e-01
8.310449093270690923e-01
3.322405879343750534e-01
1.785166207066218036e-01
7.557188526177639476e-01
2.188937674603524952e-01
2.165713056340228537e-01
3.444907183542441076e-01
8.383892842864408834e-01
8.076596456758993181e-01
8.638651039457468928e-01
5.612351934416923704e-01
6.552068236715057337e-01
5.741424254740666866e-01
4.284557603534869252e-01
7.554845981846755043e-01
8.382994129653343895e-01
6.018809916260947634e-01
8.337492809222177836e-01
4.047366106049677947e-01
7.573603858190320892e-01
6.542970435399747542e-01
4.476582330928545184e-01
3.769143952782664231e-01
3.838262452789485413e-01
7.790116240296288685e-01
5.533280571830310191e-01
7.579147724041512824e-01
5.500858888893846999e-01
4.971655333414952693e-01
6.339108935736478267e-01
8.740047792618875766e-01
7.537781469718779492e-01
8.751867116816468561e-01
8.418297807910124497e-01
8.706555258735815261e-01
6.680534208649449024e-01
8.266125742855909841e-01
8.421933546700560713e-01
7.203494163576632525e-01
4.785515680416843609e-01
8.723958325511164125e-01
8.353459221655713529e-01
4.373380980276117547e-01
4.286332791210463733e-01
8.272479343888069492e-01
2.229870331471665579e-01
5.127398108825970136e-01
4.543342404549133295e-01
8.556219893754702932e-01
6.657512129239788745e-01
4.332478082277804732e-01
2.601189416784816522e-01
8.334379149462368686e-01
2.514931839036230188e-01
2.385020560371355902e-01
7.480208060797852720e-01
5.818108453426515947e-01
8.126478642084176141e-01
4.417701905689451758e-01
8.325045145275250524e-01
6.609147676832231033e-01
7.549771079857973133e-01
6.592923803472579003e-01
4.386336263352313969e-01
8.561155849539713314e-01
2.549828412427521118e-01
4.504701432732680089e-01
6.338216338010922435e-01
2.538956941102283871e-01
6.889722066052164084e-01
4.512613262242642365e-01
8.708282292149405190e-01
2.584312283835355495e-01
1.831406033649163601e-01
3.591787738432185573e-01
2.637475962670270957e-01
2.619832957227673509e-01
6.159619939918475895e-01
3.603570290139738730e-01
1.768183430901796305e-01
8.264779665799200092e-01
8.424110709084408066e-01
5.596755912636895980e-01
5.272444576238880520e-01
7.514605931973004083e-01
5.585835281328805912e-01
3.023119394891576328e-01
2.191005587848492975e-01
2.017106070986902644e-01
1.910857343781850737e-01
4.532919275768875211e-01
6.593275965464028276e-01
8.269494983567906576e-01
5.536656693766786042e-01
8.793334487266111221e-01
3.391289174453364086e-01
3.540784285353932304e-01
2.530221507573235384e-01
6.173066413346574022e-01
6.534370954887659400e-01
7.580594494086070334e-01
4.364814843598443517e-01
5.540281131116665536e-01
4.419157543478640648e-01
8.333109110299730116e-01
8.735661265100327366e-01
7.576526687704010499e-01
8.783886751038182394e-01
4.713892209465352923e-01
8.318352885375891459e-01
7.600551807307610597e-01
6.397340882504645165e-01
4.224251663755509978e-01
4.241444130102733356e-01
5.536942094223334943e-01
5.577777027160929491e-01
7.831705833789031068e-01
8.501625972060133929e-01
8.748641189310093491e-01
4.406948040675041089e-01
7.925105057891892457e-01
8.432002917495297067e-01
8.357038863688990293e-01
6.548390909472536769e-01
6.568777953650796197e-01
6.548393355444447339e-01
6.544979668099490944e-01
5.635536995233080271e-01
6.888090681570965268e-01
4.957917506024375753e-01
6.592845000567544300e-01
5.921473343620291541e-01
8.122885496125775706e-01
8.636763608224748978e-01
7.549035093253657625e-01
7.088081571296834804e-01
8.311771562068602792e-01
8.109349616613295009e-01
8.539878693365720030e-01
7.869218989565859301e-01
5.553460360768351922e-01
6.596204810132898499e-01
8.364527675270759799e-01
8.334852350794660358e-01
8.334544144244624420e-01
7.240907853014457718e-01
8.774757251766059918e-01
8.364034044205865825e-01
8.686801714929428542e-01
8.654295471712152299e-01
7.598905378853606507e-01
7.020467142017826623e-01
1.427445106180991741e-01
1.430911264192977761e-01
6.526806618314041630e-01
4.175699861329826290e-01
3.756894400153961144e-01
1.780372363658753454e-01
2.282627214482560452e-01
1.933743321353791345e-01
4.863790700374382991e-01
7.534839813851879065e-01
8.428120425140743777e-01
7.333106954481672934e-01
5.707303298934240932e-01
7.577712551892253900e-01
7.195222423870141215e-01
5.482141715956623251e-01
4.684854015350435885e-01
3.748218102252917627e-01
8.525667048512939328e-01
5.302030510092549109e-01
4.492285787705045386e-01
4.644638213614167288e-01
8.734281139434273422e-01
5.510143662267957820e-01
4.558801533652770410e-01
8.350851137401724689e-01
7.575032593285669913e-01
5.758595568629484296e-01
7.605015990047486740e-01
8.371760522067818178e-01
7.626327906351135777e-01
4.589197198699266900e-01
5.401094608395858865e-01
6.694275130978569743e-01
7.599790999485614984e-01
7.600469477413277497e-01
6.737922354303257366e-01
7.867352736038272232e-01
4.471465274363297659e-01
7.595971078948545729e-01
5.824570773812790536e-01
7.193806209869602064e-01
1.199293284705122559e-01
2.670515479016726257e-01
7.503646935551346042e-02
1.214141698535784603e-01
3.725939873108273792e-01
3.676873581231212551e-01
4.033651827236741094e-01
7.582998838107887218e-01
4.515162552805243590e-01
8.351593547365264714e-01
5.524509810045403757e-01
4.241548693534413217e-01
4.989863300060465301e-01
2.677402089634384752e-01
8.708526251031150078e-01
7.585704282496488204e-01
6.598918045964641266e-01
3.984542321263269682e-01
2.567966664126355991e-01
5.318805468970779771e-01
5.625801369428456988e-01
5.599357116794958511e-01
8.750383107822052864e-01
8.779789763404916014e-01
7.582256780163805221e-01
4.651117289251126552e-01
8.792992905023150341e-01
7.573507675807260586e-01
8.576089721980261205e-01
8.694121631945613826e-01
7.633461299252113363e-01
8.633605906461915280e-01
7.490653829227371663e-01
6.120653855784728981e-01
3.765233539347877523e-01
3.150622505005001850e-01
1.303849692745255029e-01
4.288760657941793619e-01
4.676844584918641856e-01
7.555060449677946099e-01
3.389579529662081203e-01
4.558718096479980053e-01
6.708127001953104740e-01
8.228856421536454580e-01
8.697590600640248137e-01
4.542261518221498706e-01
7.134029967875931133e-01
7.272792553759740430e-01
3.194780070740933509e-01
6.891395022249042768e-01
8.414921374051569369e-01
8.358874532079411113e-01
6.697198809906441674e-01
4.700083583833708500e-01
8.309722756284043665e-01
8.352775924681797859e-01
5.602888658322459081e-01
3.576736940663470254e-01
8.344805138304944858e-01
8.708080624633808275e-01
6.611409361304937393e-01
4.173574506863241274e-01
1.976018330620165353e-01
3.347828847444134781e-01
2.279116300535975193e-01
3.272075320543483268e-01
4.763158208885809319e-01
8.574862921848833697e-01
6.500090763935999494e-01
4.463750634988228883e-01
3.477003218949830665e-01
2.139432712951369886e-01
1.209705884073688786e-01
4.126327962054324172e-01
2.708905176990459851e-01
6.715386771862842663e-02
7.204478500765169879e-02
4.540622862568788887e-01
9.936085538073805012e-02
6.555928836741728993e-01
8.365880623654299297e-01
3.475812479227337048e-01
8.312746474265697572e-01
3.616185633622380213e-01
5.365684245642780015e-01
7.161414433961216242e-01
8.342339977148940378e-01
8.318122963737035747e-01
8.333137123781905187e-01
7.108104156882129043e-01
7.554498895493458877e-01
6.593477912993964685e-01
8.793577544249655542e-01
7.835319435528537158e-01
4.828803286338276823e-01
7.718211849343826758e-01
1.824488121076835445e-01
8.363971561338159333e-01
7.599964161735599522e-01
3.393382446406771336e-01
8.793541413732397505e-01
3.474511831821465724e-01
4.772527503243811364e-01
7.343344560039229973e-01
5.754658497975122522e-01
3.306835744581106962e-01
7.701459524967173287e-02
2.100015056383648937e-01
1.742520563047433579e-01
1.316677101963095453e-01
2.509231553069558585e-01
3.743955993711609032e-01
1.803221825114391386e-01
1.792172649939781093e-01
1.474030048571076945e-01
4.844754147339336847e-01
2.583678160314715200e-01
3.198252137322137312e-01
2.230395124488072367e-01
3.473665763768016834e-01
2.050089986206873882e-01
1.743862523969122724e-01
2.997664267009803596e-01
3.810168207301788956e-01
1.077730243137308697e-01
4.146041590757644779e-01
2.944745394873259370e-01
3.367027429488044232e-01
3.148201522687917864e-01
7.678896958199181721e-01
8.731055171603746556e-01
8.367902642556497295e-01
6.503396017096559900e-01
4.803275169002052536e-01
4.321384448579089210e-01
6.245098636444692541e-01
3.389589658351468970e-01
3.164507814171504951e-01
7.571909529703926278e-01
6.525351348760097814e-01
1.478033260945122440e-01
3.213174184592583194e-01
6.548094953613874392e-01
8.450375290953744400e-01
8.393487204283220926e-01
5.928050474007526827e-01
8.716577473538373866e-01
6.596680346661999428e-01
5.501859616210716952e-01
5.548347387328935731e-01
4.311750749767995772e-01
3.215679963752154924e-01
4.381224174299673257e-01
3.410249083535537018e-01
8.718801494548149567e-01
6.566425385595409114e-01
5.462137429765246965e-01
2.580419272918376139e-01
3.473713771317894494e-01
2.223108240247748668e-01
3.452222394989048482e-01
4.143632607201856999e-01
3.954677140814393810e-01
6.549300874074394097e-01
3.862621618929521494e-01
5.493456699457273107e-01
8.432402918938702863e-01
6.961062515644348414e-01
8.415267129042787175e-01
8.364955720725831823e-01
7.652542995828967021e-01
6.549888015115962192e-01
6.359801690496583726e-01
6.666071980998925506e-01
5.391039020067076581e-01
7.567849210503337920e-01
8.653613425426001093e-01
7.395915837670851145e-01
3.020337190112226122e-01
1.801914277043414059e-01
6.509435294166975305e-01
4.675850700590275522e-01
5.637484456616288497e-01
5.602717050934069576e-01
5.417171181453388495e-01
4.227015388256333273e-01
1.919804360057911496e-01
5.441588207011509581e-01
5.010203576750119625e-01
1.807642990388310944e-01
5.602585209803555566e-01
4.936354783066318475e-01
7.534775082186137007e-01
4.627167978653963232e-01
8.165327483996982494e-01
8.790533247849907639e-01
4.277903599836776483e-01
2.870710911606247362e-01
8.400610165305374410e-01
7.553426696917830974e-01
6.378071947281240828e-01
8.039743208843691535e-01
8.367371307415294446e-01
6.592909027856106441e-01
1.456828025738866050e-01
6.199887693289890533e-01
3.233104937291309544e-01
2.652956652286423966e-01
3.419339585039211094e-01
3.543059824023412907e-01
5.022673394774191946e-01
6.834637090681202620e-01
1.735784737620205964e-01
3.900389384849339836e-01
4.439205516784874850e-01
2.747438271868160586e-01
4.303337475906207632e-01
3.072479140594923108e-01
3.696506303633601553e-01
6.548694216957716696e-01
5.619301407290281380e-01
3.865519800174502807e-01
7.600566002207073124e-01
3.686151563896027938e-01
6.175960844739780686e-01
7.395692075226276696e-01
8.368262094284029118e-01
2.794446233045779771e-01
8.323823165380385136e-01
8.280882112534172501e-01
7.574868487238963777e-01
6.889099315345814656e-01
7.588560919054346821e-01
5.599507705809654290e-01
7.150682560782234409e-01
8.436823095434292652e-01
4.568459900373356142e-01
3.668284801527351702e-01
6.585515526273226783e-01
7.410289475535858372e-01
6.943448268288207048e-01
6.846656445474115227e-01
7.132902880004473589e-01
8.323272866608151244e-01
8.363634161918177545e-01
1.422383000784776530e-01
7.545215319595697245e-01
8.338663846184485307e-01
2.337445858611763572e-01
6.135170135991626639e-01
8.275208226191878014e-01
5.513157636512688864e-01
6.659787876696727782e-01
3.432597015022092468e-01
3.250315945005180507e-01
1.844251215018535561e-01
2.782526610296482961e-01
1.393327328124264464e-01
3.897454869539683231e-01
3.204768246242569174e-01
2.628351498893902183e-01
1.244568025608834283e-01
2.968511250247350408e-01
6.549225038861492543e-01
3.202782950323553868e-01
2.615791661674074509e-01
3.704721086566045152e-01
3.127491362975781120e-01
2.085356547512555447e-01
1.868811692152849424e-01
2.254774019850328826e-01
1.208734791421607474e-01
3.887438843948571865e-01
8.424060363714153121e-01
8.786948438370771886e-01
7.567679606678328064e-01
8.788924498640839911e-01
5.798456920394385872e-01
6.318573192842575903e-01
4.209914430365582216e-01
8.432012366129449932e-01
7.592935810660139673e-01
4.474838665813743455e-01
3.467215437972847036e-01
4.071374595622893611e-01
2.377180553390977058e-01
3.403916517558429056e-01
3.284807175776788268e-01
4.624949307495661577e-01
2.631217802692669139e-01
2.341599334876209859e-01
4.258964273710212356e-01
1.348704364482112006e-01
4.965653339708658853e-01
6.542965547508002855e-01
3.977690058563481679e-01
7.573504846932139767e-01
6.749438837999031104e-01
8.412847142408047540e-01
5.652321951723248139e-01
8.309744483392405012e-01
8.764543739010070000e-01
4.572654505305913664e-01
2.073278556327797228e-01
3.185917647927998808e-01
1.913465016306807598e-01
1.118906385504385981e-01
1.184080117852884667e-01
2.204500489024961429e-01
2.594560858005305337e-01
2.029382066268250739e-01
2.018129494630764298e-01
2.638299682242709054e-01
8.434481972161671504e-01
3.493268890469823917e-01
3.182507709735217238e-01
2.995947146706832709e-01
2.940602680302696337e-01
3.852090749606980613e-01
4.254491649843442636e-01
3.054378150944508929e-01
1.855315827905172354e-01
8.005592896480381859e-02
4.094867751967086189e-01
4.657530595546427454e-01
6.539102811177759378e-01
7.513227882950082037e-01
6.549132080766220110e-01
1.237987524697539421e-01
1.995217871863253778e-01
1.948423101616001962e-01
2.433046402795005503e-01
2.986319762656939880e-01
1.165784698276212394e-01
2.538943664130739464e-01
4.490380018258495753e-01
4.829831485844546801e-01
6.087884595817039113e-01
1.611927726076623768e-01
1.907043315841123465e-01
6.272359401871457907e-01
2.188734914851943603e-01
5.488480972571898597e-01
2.646525338385322113e-01
5.731664129093861915e-01
8.385089189009073962e-01
5.600336017786007314e-01
8.364649525396371521e-01
7.543575242716719087e-01
8.160683755975579601e-01
5.446641452853938636e-01
3.322862596307035177e-01
4.938252458751366536e-01
4.495513682953557466e-01
3.869323350162121589e-01
3.050043607461588313e-01
1.739788399542892550e-01
5.276317792940830032e-01
5.186149545548310869e-01
3.088180971392094909e-01
2.157338935637911626e-01
2.908984539918131884e-01
2.307784757391480035e-01
2.187057144959201060e-01
4.265929796937052987e-01
6.150676495161691015e-01
3.821242406432175942e-01
5.569222798734720925e-01
3.901205324810223529e-01
8.301148090638748034e-01
4.557601207108374908e-01
3.802956653292925981e-01
3.421222696674480757e-01
4.496546494563763430e-01
7.583605000389302964e-01
8.368934154149815230e-01
5.504482508566698185e-01
3.125083485791468885e-01
2.767624121644438606e-01
5.602756813153770832e-01
8.193765674260619081e-01
5.635894856589426238e-01
4.729935183015554490e-01
2.479648555512006525e-01
6.190673041482123162e-01
8.313479286090894593e-01
6.025213835146332464e-01
2.120264153050313294e-01
3.002789008310716157e-01
2.076352942693669990e-01
3.380950772199727838e-01
2.211550422338831035e-01
7.190552929847351393e-01
4.843391691502083041e-01
4.783680272168907011e-01
3.046277262838045230e-01
2.002152604479448261e-01
2.727817366433943347e-01
5.600528471440910927e-01
6.566481798115828550e-01
7.145836445830731076e-01
5.392609914979841212e-01
7.789938745504589868e-01
7.535594119472684982e-01
8.514083240910518269e-01
8.333803249877680397e-01
8.361763091833711581e-01
7.371997839551801546e-01
2.765773258861956574e-01
2.593212184001654208e-01
4.790530450103154259e-01
4.426378448902087981e-01
8.666901986410868730e-01
5.598742253681530112e-01
6.316668855471394561e-01
3.243605453419535767e-01
6.262669765450443737e-01
7.539685009064660548e-01
5.631290705857877610e-01
4.443156971544358069e-01
3.658580294896990326e-01
8.316752886833035374e-01
8.688586492080087043e-01
7.272387798806880799e-01
8.043491857861555516e-01
7.540344038523368875e-01
7.600293464768597129e-01
6.597343198289913335e-01
8.389534702879608563e-01
8.315765080255769215e-01
2.985047296622413415e-01
3.718500203697192030e-01
7.563505724093720906e-01
7.542273579841223263e-01
1.361581903288144046e-01
8.642407770594674465e-01
5.578833423822764370e-01
6.544991891597334854e-01
7.599027429411358003e-01
3.796124559062679649e-01
5.154874126606450169e-01
8.239704375590768404e-01
5.472307237479481223e-01
7.530883760879368838e-01
1.834432811714145350e-01
3.356182518069224519e-01
1.915824338417876915e-01
2.979611138589077224e-01
3.213813951097235222e-01
3.184310347320081225e-01
3.637788594390117813e-01
4.451364721588225715e-01
4.449461354358495435e-01
6.099830052495937016e-01
6.548542561459097522e-01
6.751110512660785101e-01
7.542183429691440288e-01
6.078066731191936745e-01
8.328317078678311169e-01
7.865519242476576300e-01
7.166099802662496687e-01
4.001969809869518335e-01
3.004183492380799181e-01
8.419640583949581369e-01
7.664626395138096626e-01
8.341975407050729041e-01
8.088301027010341704e-01
8.310234910379747930e-01
8.650569116094090072e-01
5.416503488916473152e-01
5.599436593825823927e-01
1.733956692333022132e-01
6.605435846657852217e-01
8.773855966465061718e-01
7.256186244717005573e-01
8.738082721556522658e-01
8.724385211884443381e-01
8.679277234419612297e-01
8.506965745714273330e-01
7.323693303807388144e-01
6.604180121006916204e-01
4.588624702134774247e-01
8.201144935053459317e-01
5.507694992860718841e-01
6.542740708434342523e-01
5.529394277236705513e-01
8.433896005293523013e-01
3.477395460249670389e-01
7.588308652891500028e-01
6.778189646931598311e-01
8.774114871673970306e-01
5.466870775923110548e-01
8.288921876087229634e-01
8.340255598912306167e-01
6.544510303051508382e-01
7.400765686753560946e-01
6.149148903136872901e-01
2.825271074629379098e-01
3.217261037915126742e-01
5.121896781276678023e-01
4.018205070095091647e-01
3.237404567961825741e-01
4.331002463981362127e-01
7.895056879552617701e-01
8.413145674550165376e-01
7.135676955438238211e-01
8.417750695949430817e-01
7.578740073547676204e-01
7.599169351129582139e-01
7.576945539773383143e-01
6.790322782652314926e-01
3.830106337642693037e-01
2.037473339714106768e-01
3.893713837354456087e-01
7.470198180554952216e-01
2.557447691198417861e-01
1.454462860132341717e-01
1.650344439848073774e-01
4.597319251160097431e-01
8.358309427939277780e-01
6.593125740216033703e-01
4.627365014912471208e-01
6.045358377631113722e-01
5.316443814733056161e-01
9.822962933762351134e-02
4.617990903292061855e-01
3.198819631779796779e-01
2.063375814283176235e-01
2.747274079964795446e-01
2.404063457445160534e-01
4.653226846118598270e-01
3.430711487068890397e-01
2.531400315187249395e-01
2.073338187234778085e-01
2.488651823841546706e-01
2.638486927111601266e-01
5.537097209337461523e-01
3.087354018952681578e-01
3.220820094599597949e-01
7.478855340431352083e-02
1.286208604211545037e-01
4.416873627554562809e-01
4.002980439724564965e-01
3.283759528051500842e-01
2.026873056638379689e-01
3.679298422765422960e-01
6.290726207060904906e-01
3.867897122311568237e-01
8.693332537358344769e-01
8.339398942760779532e-01
8.336415351356104564e-01
3.570752701185359590e-01
7.539555463039682159e-01
6.662746267081210982e-01
1.982122125554007797e-01
1.930568547273819879e-01
1.230454195387653271e-01
3.273729366694122511e-01
1.279135566866049512e-01
2.455839730907843355e-01
5.453137231623336190e-01
1.269660504805091850e-01
7.569740550643347943e-01
4.410193687193056933e-01
5.794782630398053191e-01
7.560387412853916134e-01
6.367800371786470626e-01
8.336209840525030668e-01
6.496163559602290416e-01
5.538276226224092547e-01
6.541262339587460284e-01
7.717465207646128089e-01
8.402474235424639559e-01
8.321100008321745678e-01
6.582994674571877036e-01
4.455802976180401331e-01
5.119253498870379726e-01
5.503269573805729120e-01
8.432702145022806794e-01
8.427733218625809153e-01
8.364287104593616240e-01
8.379663155360771443e-01
8.239371989061622381e-01
8.423421632954063432e-01
8.365046331696943671e-01
7.552227707730995165e-01
4.672315303374050544e-01
4.470209465631034829e-01
7.638951967138456478e-01
7.531046914017180960e-01
3.232361118169200243e-01
4.642971296047572749e-01
4.474011373058904284e-01
8.350916641508454585e-01
5.434584465906845407e-01
4.618379027409013626e-01
6.308774461030963732e-01
4.771789544656864224e-01
7.370805624050630334e-01
8.690572893327433990e-01
5.758866596611917910e-01
6.176419927030191159e-01
6.592840075417231160e-01
6.601915977640872013e-01
5.408269317397824683e-01
6.238724331052398764e-01
7.098685021956464558e-01
7.013097098431736454e-01
8.608337587405298086e-01
7.546184879776129950e-01
6.658325339839050727e-01
8.433804648536250559e-01
7.578997683462596058e-01
7.489389272578026446e-01
8.771503228838060107e-01
5.505730671295122614e-01
7.596765555041601337e-01
5.344443756901471332e-01
7.620416494199566682e-01
7.575816390166543179e-01
5.865659975838738438e-01
6.544412522903304552e-01
8.716616543681513507e-01
8.711571432814559923e-01
8.146196347409421223e-01
5.345871280629870270e-01
8.551717997932338777e-01
8.481133489153200866e-01
4.521067526316977503e-01
6.547483516933885195e-01
5.483941942739889441e-01
6.543635222697031795e-01
2.657182405491551602e-01
7.933762462923933390e-01
3.205842182778398386e-01
6.652147926632672181e-01
8.368180825586112315e-01
8.394148748368228663e-01
7.769385475434834598e-01
2.484749773080826840e-01
4.155452499474893702e-01
5.599769154690320550e-01
3.976326367629367531e-01
4.450028123589617746e-01
3.904319120451136271e-01
8.364190253417354004e-01
8.657179408341244553e-01
8.335447003718453596e-01
3.874537091890910556e-01
3.907565300410716924e-01
3.303367950230547967e-01
2.562380651114243291e-01
1.262425694611502003e-01
2.085956408045882837e-01
1.880398684836425971e-01
2.411791225209261313e-01
1.413203861321706278e-01
1.778666767635821155e-01
1.985639024858052992e-01
1.647737107693720282e-01
3.074397445875553525e-01
1.769815510793189273e-01
5.467201589824527419e-01
3.253248022505751402e-01
1.942587058954398094e-01
2.144941778286597600e-01
1.378093138088552772e-01
2.297337645230039249e-01
2.611303984201686079e-01
2.970695291906396140e-01
3.520702785883991770e-01
2.466231862575352651e-01
4.581092917694398192e-01
8.773069465853320370e-01
4.792466940811887510e-01
9.671400518360174781e-01
2.431957906806256897e-01
1.929134790504324903e-01
3.974496963746814160e-01
8.680201226663589731e-01
6.105355453003536992e-01
6.090991620469571322e-01
3.900175228889036227e-01
2.460023478795762553e-01
2.089680957721532784e-01
3.583439203182631205e-01
8.776402745883269407e-01
7.751503398444684612e-01
9.569333866805358468e-01
6.528447537472861217e-01
3.923376545432080142e-01
6.513385119182578675e-01
4.947478274845474311e-01
7.857819712356369779e-01
8.702101029119142517e-01
5.198152395848509855e-01
9.687920058630286047e-01
8.780819570836937427e-01
8.761918581167107423e-01
8.517935336456670115e-01
4.096057895580513808e-01
7.105362032756894486e-01
7.780217630359137493e-01
4.594696114742194415e-01
9.989699822060057466e-01
9.563763059103743691e-01
8.773718323768318061e-01
9.716186734860696728e-01
9.878708047753761434e-01
9.948553070487439198e-01
9.665929150495260469e-01
9.771204755508322570e-01
9.596387061128170970e-01
9.606723056345197742e-01
9.869893074416029588e-01
9.611065913810573624e-01
9.835567728274773325e-01
9.376546096464452029e-01
9.559920057222764944e-01
9.876911220192052809e-01
9.732619181404636999e-01
9.828645041304984176e-01
9.904856155885889413e-01
9.733880730449531171e-01
9.925521937194198285e-01
9.710845999437192066e-01
9.730539981942509797e-01
9.831292347557125666e-01
9.708996293603271432e-01
9.812706526595098566e-01
9.667521486646761808e-01
9.812794493393807160e-01
9.882424495999971858e-01
9.911621492796229838e-01
9.857841480247694355e-01
9.681010890000090185e-01
9.700441456927043626e-01
9.542517332379347739e-01
8.778002645510117885e-01
2.658864262112070054e-01
3.878736323682045462e-01
2.039907082881243228e-01
3.878959444584320071e-01
4.100635060945060362e-01
8.761257505781261390e-01
8.753155205256805127e-01
4.189615404325360837e-01
3.791693255321664791e-01
9.080499958725855025e-01
3.529717219407248474e-01
4.674572411346447631e-01
2.072476416328783988e-01
3.898051787979887606e-01
3.586015393600814893e-01
6.469464391947040705e-01
4.736604012951381448e-01
6.716325439111947571e-01
5.885114994219323714e-01
4.400452406011864936e-01
7.637479795598840493e-01
9.693458185098965396e-01
6.910330262643795685e-01
9.594523319470834588e-01
8.781472282028215393e-01
7.704366058365191838e-01
3.172933776235885572e-01
3.262202696646583910e-01
8.762121495497863233e-01
2.077388579596922413e-01
3.755696186176138429e-01
8.774678590452512639e-01
1.702642981562881297e-01
6.798217917908825347e-01
6.187113037577220975e-01
9.866258729179329112e-01
9.657466370409365508e-01
9.838345517809868879e-01
8.769406612908807741e-01
9.384955507883756542e-01
9.682160870325291491e-01
5.122805605194016287e-01
9.660302109647451729e-01
9.725307600101509298e-01
9.731357795861385052e-01
9.552367133542981614e-01
9.752167900926607125e-01
6.224230390358028719e-01
8.754175348877341056e-01
9.997602272935842693e-01
9.563541580255082719e-01
9.656377032942404792e-01
4.769964745914191950e-01
5.477241705224547008e-01
8.745997926781852172e-01
9.392439210485744594e-01
9.548268353324899094e-01
9.405263732278170696e-01
3.835672671718443061e-01
3.669108376337053556e-01
3.618371770064537363e-01
5.301074049752628747e-01
4.058032154198131791e-01
6.313026964267985930e-01
5.967341520144591183e-01
4.963873066909405551e-01
9.954983842891418355e-01
9.457634413738074119e-01
9.435260454070424352e-01
9.568090069780289530e-01
9.672245876997955794e-01
7.533964576231595434e-01
2.809640068550577907e-01
9.695210774370688345e-01
8.773259530373952453e-01
9.646701033492088850e-01
9.036672455686619587e-01
8.759902784366989659e-01
3.886271574290047770e-01
4.312531930482929043e-01
8.756948647683733267e-01
9.880959155341162425e-01
5.454622311707625348e-01
2.332925017585787131e-01
3.246052515005347083e-01
2.230801715711231981e-01
1.796501633227583494e-01
8.777107583755821008e-01
5.062778190641112896e-01
2.107705269697962014e-01
5.166204423326892226e-01
5.308326063837263131e-01
7.730638604459139085e-01
6.207942633954497413e-01
9.683368858381613542e-01
9.812834811773413213e-01
7.831021339178435570e-01
7.347075857878879734e-01
3.723418925255431167e-01
3.549512034814349959e-01
6.445363820080036721e-01
1.702195949485742765e-01
7.723838487756851112e-01
9.528882769306019629e-01
7.941856777458516925e-01
1.635936750619197411e-01
3.774541325781559653e-01
