3.060089703401105532e-09
5.297603240344387092e-04
1.628394504566879457e-04
1.222583760729873748e-04
8.993636284671462338e-09
1.944714665620833374e-09
2.963846401917882715e-09
2.236861685299793526e-08
5.064487962901081611e-07
6.757388314686784954e-05
3.294046257711671357e-04
1.248658534389141808e-03
4.058578707099312665e-04
2.186341940985868067e-05
1.076522668658719083e-04
1.386732136623489002e-04
3.172201860834399052e-05
8.360373873038791587e-06
9.782271829228245900e-04
5.059328865459766252e-05
6.756542332919863651e-06
2.796232905821926304e-06
3.193698115962107093e-06
1.220958035964586894e-06
1.033021886481561729e-04
3.275699129870994356e-05
5.799707539707374388e-05
6.305894012626320655e-05
1.087810229335845977e-04
5.477893465689538969e-04
3.316154655206057867e-07
3.316452948552696649e-08
2.245935225155265036e-09
3.488949493478372267e-09
1.554593909065710862e-08
2.074512553671611427e-07
1.252796208853434686e-04
5.612439047040160278e-04
4.937432806901310583e-09
1.044064233981287507e-10
2.720964299609268630e-09
6.389562907694710067e-12
2.818966986618064898e-09
1.054217783199785804e-09
7.464165829906909008e-11
7.190664776744375841e-14
1.002439841909200452e-11
1.863017579170388322e-09
2.719497098290484309e-09
7.941914349262689531e-10
1.400384390469301531e-09
2.221144606223443058e-11
1.820350336072087770e-10
6.746811385440119288e-09
1.211527586262745745e-09
2.368221034538544966e-09
9.520933288894640301e-09
3.407302261821845599e-09
1.021590177546728880e-09
7.725308833796863269e-09
3.291217606405364264e-09
4.535411270312521271e-10
2.020569263012790516e-09
2.860831492586792871e-09
2.689451562267815711e-09
4.415158838964787273e-10
1.190190277801117780e-09
2.682577044690469453e-09
1.237730813100049881e-08
3.821434526586915298e-09
8.247535978800199252e-10
5.775547291381069747e-10
8.643978101763493210e-10
6.862959594598804294e-05
3.335538823857075747e-03
7.720104327720393180e-05
3.641943099440825282e-03
2.212906866876492788e-04
4.319468485019374408e-03
2.631932158946618909e-03
1.636899907808713438e-03
3.667921371191067235e-03
2.465733312989923376e-03
4.169326050920398676e-05
1.087216426924321640e-03
1.602040971702289917e-03
7.720471108964417585e-04
4.612827612836742675e-07
2.098211839258496608e-06
9.664135548277547421e-06
2.752128606212667365e-04
7.486623046599505553e-07
2.784988827658792831e-07
7.584701259991760176e-07
3.583121712477523701e-08
8.158965277019494756e-06
4.677692545987805752e-05
5.570068589467141833e-04
4.007553505879876687e-03
3.066086267037387847e-03
4.048637329789205389e-03
4.577881795720197856e-03
1.649290505814203327e-03
3.112457461654828954e-04
7.826305136809663473e-06
2.942519700694385971e-03
4.579378239442973529e-03
3.475296764189908082e-03
1.382579122133679355e-03
8.579346732366848003e-04
1.390539913355682633e-03
8.094190069184063014e-04
6.153442181904951675e-04
7.980337369221323328e-04
2.724547376804602617e-03
4.368505485053099206e-03
3.017690262652908493e-03
2.775027264779092104e-03
1.997741232249911070e-03
2.740672211024331676e-03
1.859463047163040618e-03
1.353499889211386813e-05
1.079234910360866297e-06
7.651685470143050485e-07
5.851391348592014253e-04
2.837940595710137636e-03
2.720169785839539854e-03
6.550437417152387169e-04
8.381492407555454110e-05
2.779841798052259927e-04
2.951108046387644637e-05
6.497365651398102622e-05
6.105541003536307560e-05
8.336118154144502067e-04
3.715975077545604022e-05
1.216292038587074964e-05
5.822215440612078741e-06
7.236868709942808662e-06
1.558890560484694406e-07
4.503362565698000458e-06
1.200831394088000544e-05
5.786728075520250490e-06
6.361800687320384230e-05
2.617259594491509802e-07
4.431358121892359014e-06
6.161380226363750939e-07
1.038101869222785370e-03
9.408435010293966999e-04
1.195556273817961323e-03
4.458755756371351087e-04
1.056317581415950549e-08
7.178676857079051902e-09
3.464294441928671031e-09
3.859064792473170921e-09
2.896118300439571635e-09
3.741905863485588678e-09
2.498571993449327396e-09
2.123496727848730774e-09
9.049254509712244974e-07
1.788974343066370209e-07
3.594915033139463010e-07
4.001592465314361908e-04
1.978761159892605283e-04
6.307717801011500413e-04
5.782716437153953256e-04
8.122240944332724619e-04
2.053308485095506515e-03
8.253749341411915127e-04
1.395937558057449516e-03
3.480620457974634586e-03
1.579450651305047693e-03
3.447303618392440639e-03
1.524217477146795185e-03
2.538648502210097847e-03
9.475121420522185844e-04
1.417022161630568508e-03
7.938418070142360273e-04
3.647854521779024355e-03
2.246964923646010536e-03
1.672497351247688273e-03
1.517363970558707710e-03
1.604483699079343757e-03
5.583691993702376245e-04
2.829873558454819825e-03
2.005137058386788178e-03
5.486995224746956618e-06
2.176041593383273049e-09
1.071653454673013747e-08
3.040948354826207432e-09
2.242114738457767911e-09
2.675299367216415996e-09
4.840034410454894623e-09
2.684816453447531572e-09
5.854635814244074823e-09
2.229836681148967438e-09
2.330222280343705607e-09
3.536435196505193718e-09
2.570198332065435952e-09
3.735977120614514595e-10
1.567053667979989265e-09
1.764464090771478008e-09
2.654884331002176764e-09
1.054493854972055620e-09
2.845660553751377447e-09
3.775916178457333581e-07
9.313119630679353178e-08
5.073215489475888802e-09
4.700309355342803494e-09
3.848052570111816980e-07
5.851768220847194039e-07
5.781180994685908430e-09
3.134466905755621630e-09
7.777044220323561912e-08
7.101279137278318203e-06
3.622857591807664841e-07
2.094152284500122642e-05
8.225940560699451060e-06
3.400149490277184182e-04
2.155669574706470812e-04
9.577373705479461769e-05
3.622185940209069887e-09
2.384051996434818595e-04
2.332375750483773742e-09
6.473852794850713210e-10
3.692833457208694390e-09
1.900031018365960636e-09
5.433865876001450823e-07
2.092822346788954905e-09
3.662164626934966038e-09
6.270119975680672971e-07
2.954379555486294178e-09
2.712101024215395292e-09
4.419824426824258669e-07
5.898150800971374110e-09
6.485434355339272338e-09
4.761355220298473227e-10
1.788487688066268802e-09
1.449618199570163091e-09
7.524119977444939571e-10
7.435027095193078123e-10
1.210348407382731278e-09
3.484031825642401570e-10
4.517798345340407385e-10
5.225112824957591725e-09
4.018333546280284191e-09
3.800987793917995567e-09
4.868209930750167805e-10
5.206580477211909156e-11
5.479911007664954643e-10
1.386932630661349323e-09
1.625112004767320374e-10
5.159382093223815439e-11
1.831940650177356606e-10
1.678325871996989558e-10
2.354299672209016024e-10
1.830487151046381846e-10
1.370328795970866921e-09
1.928245516412356522e-09
5.142366539738056266e-11
2.353112299165206208e-13
2.401658119682728951e-12
3.917131955034077464e-15
3.639393980529039780e-11
1.157963955955783354e-11
8.547722993627539066e-12
2.811605579079552840e-11
5.673767754246339780e-04
1.344687518514418910e-04
6.735606206308256171e-04
1.161761236360842420e-06
1.359435025477840124e-05
1.794522204661170444e-04
1.082572796573890198e-04
2.116118745789535870e-04
1.076208670098435338e-04
3.630541963373505360e-04
2.620397214772365044e-04
7.817389421285093508e-04
3.222784736104191187e-04
7.522470849431841557e-04
5.981823869628290213e-04
7.517715341075888137e-04
1.217998442824536889e-03
2.297136474467491145e-04
1.170682301706249106e-03
7.145469594710308773e-04
4.306279294588458216e-04
2.494620048565804934e-03
9.136717380729954220e-04
2.199072995919937172e-04
9.802960126668032285e-04
1.336195522772215365e-03
1.347925941500390028e-05
1.347744819169584601e-09
3.795417046855784187e-07
9.242817559221208652e-09
3.867377020885191346e-07
9.106071830484711143e-08
4.851309038896917073e-08
5.350651346928715383e-08
7.474722552418319131e-07
2.617475050256384687e-05
7.187186658344548178e-05
2.411177073015524888e-06
1.003486308035718888e-04
2.806207652886306706e-05
6.278041039607055143e-07
1.582362565814345605e-07
1.301431245807193205e-04
2.731850469312891103e-05
5.926125184378547094e-05
5.656918305245220075e-06
3.517843102436117846e-04
3.126230621166424420e-04
1.761145488259006344e-04
2.818518218721000214e-05
4.570503891278328442e-04
9.787012084113643449e-04
1.981582141420404808e-04
2.584653591930166790e-04
4.122049370298116523e-04
5.488211506151782163e-04
1.036618218757706395e-03
5.440617858558707007e-04
1.952808941062836269e-04
4.662952115453708273e-04
6.850139343284445239e-04
1.151688866444284479e-03
4.330175163526325311e-04
2.728300108948934419e-03
2.173834453758551489e-03
1.091600562045613038e-03
8.328157042233454242e-04
3.196942798678130502e-03
1.226389648790628681e-03
8.243523333078970000e-04
7.510095387838647100e-04
1.204270034598341893e-03
1.618605312585171463e-03
3.230720425578268665e-03
7.879859364460958500e-04
7.688303530376849925e-04
7.839065161532532888e-04
4.947285263538496632e-04
5.240536300631466402e-04
4.931144178519946590e-04
5.917525604876539783e-04
1.859035814436457387e-04
5.741963751186563141e-04
5.247548688871083106e-04
1.592562368231764149e-03
7.870652203303336088e-04
1.405082745734000365e-03
4.735656782026582143e-04
1.189294356726331282e-04
2.948551805816477340e-05
4.833230019030097937e-06
4.297329990852711215e-07
3.829159349709179326e-07
2.912494710239425496e-04
6.036376039344668225e-06
1.276542652290530973e-04
1.453131892988443904e-07
1.071021341209349075e-06
2.200984760875404277e-07
3.891185169176470100e-08
1.299539901407404173e-07
2.977882304620607568e-06
6.087831816850951510e-08
7.364890348994628862e-09
5.756362847574753512e-08
1.622066775577528894e-07
5.570876787506639063e-07
8.033340249944529634e-07
4.358904507009875469e-05
1.111412723742661793e-04
8.844095909341076998e-05
1.207051255774609230e-04
9.900892228636718937e-05
1.204860709686197322e-04
4.113501958076467457e-05
2.415965405820910900e-04
4.467744569660580129e-05
5.112671414887874112e-04
2.167523056316813276e-04
1.284740080621053218e-04
1.699771784433153294e-04
1.565376984371300397e-04
8.213439135721898080e-05
9.454305003886906401e-05
3.094710200872037971e-05
1.425753549111781200e-04
8.404531353247270218e-05
3.111418072818131561e-05
1.068201579055392679e-05
1.148185561226444873e-04
1.632448000165162203e-04
1.643330454113763061e-04
1.230166313157489075e-04
5.009614792480762588e-05
5.791532862693686459e-06
8.996645952965267787e-05
7.642746553946212860e-04
5.492644548308856974e-06
2.755934814778144431e-09
6.158206953662728203e-08
1.233266397074727289e-08
4.052257556881702501e-09
2.458411932789543891e-09
6.971555630902243569e-09
2.314295717072493787e-09
5.902483249432610837e-10
9.472640266818460952e-10
2.313532541034452755e-09
3.552964043175020809e-10
8.656122768428097433e-11
2.885387438676863266e-10
1.848726432748848255e-09
2.834994870818989178e-10
5.560605685726493915e-10
4.014290266870882411e-10
1.712559518031623189e-10
1.221363643883035750e-10
5.270041317591537727e-10
4.305500618583584249e-10
3.537305549370559691e-10
6.381230318192734517e-10
1.656515795452259518e-09
1.066820838333687734e-09
2.008234056272807802e-09
1.418671780747835682e-09
2.620885713586665219e-09
3.319694917269194871e-09
7.634736540201360098e-11
2.428920525262429768e-11
3.317131500103481068e-20
1.013157757632707928e-09
1.460332376243677780e-11
1.766511176709357209e-13
2.546356562212245293e-11
1.244183447502944186e-09
1.830180997116606676e-09
7.157045989328753206e-10
3.312621935482684102e-10
1.784682575117451042e-09
2.538568530651757338e-10
1.525939800838548110e-11
2.988677896620361821e-11
3.547024877708401211e-10
7.253411964272958538e-11
4.852193837945286451e-12
2.307452232156663484e-11
1.241848334038419434e-11
1.996965081494846097e-10
2.455774801120535622e-11
7.502409350488080915e-11
7.055454829138957643e-11
1.400483055182848933e-11
1.751088934999291479e-11
4.829165882461035185e-12
2.145627721700967757e-12
7.755673912926813127e-12
9.308942851215493184e-13
1.214070144300409471e-11
1.702789278251235662e-12
1.927823944949361051e-11
1.157081158007028821e-10
2.987666665061408896e-11
1.052359159516186433e-10
2.319924714322021058e-10
3.952774140276157583e-10
1.835363276855265165e-09
1.977155015687833402e-09
6.401878832523280733e-10
9.994426384720760075e-10
9.099243235561417966e-10
2.837725261204732997e-09
1.513947850742084062e-09
1.481972392023388105e-09
1.603514818194087027e-09
6.205608979579482721e-10
9.768841480876168650e-10
5.516316269447819473e-10
2.405077120870553129e-09
2.235880842333387954e-09
2.229755891874001308e-09
2.413415658013976394e-09
1.361155574618524689e-09
2.764695553265070066e-09
2.605351785203807267e-09
4.160841345759077975e-09
4.983402988006201342e-09
9.634963709021364037e-09
3.506012191352535437e-09
5.810931776360508682e-09
4.717010813090714160e-09
3.459020267513319382e-09
6.258068769194585178e-10
3.286966589309002042e-10
1.328003496840733622e-09
8.028753150956461405e-13
1.619955363799395572e-13
2.458675491041901399e-09
1.665081390937288373e-10
5.925744988683281855e-09
2.640080433109421449e-10
2.250093017630449415e-11
5.835651266013393915e-11
1.766837542067012291e-10
9.220796145064059489e-10
3.328646990534994891e-10
1.096800081275835438e-09
1.648333355954404287e-09
5.493207598015040282e-09
4.102920055673330675e-10
4.311771040359798721e-09
4.499598297577455091e-10
1.487616591938089951e-09
1.919938172760926438e-09
1.368161808394802830e-09
1.203354029741568457e-09
1.100672069531448205e-11
1.861556008804870748e-15
1.331290345156731543e-09
2.165744316493968504e-14
5.701254769428022634e-11
1.751193464486438206e-12
9.996341670732631006e-10
4.025167758912516698e-12
5.455022102323583293e-11
5.479780009540652457e-10
5.463378472795588082e-11
1.716636563372323549e-10
4.567819753615186481e-13
2.816214269642049681e-12
1.556162772622175314e-11
8.915892803185941109e-10
9.286166456884225023e-10
3.670427587709042672e-10
1.164114393043387843e-10
1.576369261497655186e-09
1.159898259501674966e-09
2.060584315322491481e-09
6.138919020281110208e-10
1.280664247251997759e-09
1.009571919684718953e-10
1.316515601267223496e-09
1.192011265258630480e-09
1.985534152932466059e-09
1.359240679347241465e-09
4.086043650660181130e-09
2.932026526303150248e-09
1.211984277947317215e-09
1.518193864924393891e-09
1.300757202019269161e-09
4.205101263797604922e-10
2.815162098056534057e-09
6.753619049801021494e-09
5.280772942867198276e-09
2.141921518851611643e-09
2.816998662023446649e-09
3.440488229317566224e-09
1.546952942957415520e-09
6.612615598648488938e-10
1.439211952806510740e-09
1.158153583041037499e-09
9.879266745071824323e-10
6.775358178753284981e-10
4.289104447709163595e-09
8.406004544637182874e-09
6.114324845258549631e-11
4.667086787684313076e-10
1.903821641420723299e-10
1.571279583914196911e-09
1.274897669327011203e-10
6.212283582569459556e-10
2.357839510128990294e-03
1.735584242558561863e-03
3.579996568961934210e-03
2.984376983655858545e-03
1.622278098267995955e-03
2.782347585632951974e-03
6.684781497665207104e-04
4.759472450429924097e-04
4.928210915113955242e-04
2.529296952685227578e-04
2.722975320714933218e-04
1.596392752175840910e-06
6.013234769481959948e-07
1.048536642313945072e-06
1.392803334532549309e-07
3.195452643445568955e-04
1.295231579848470332e-04
2.641395038718874984e-06
4.672769381569346924e-06
2.458999832105583996e-03
4.160850898950981154e-03
2.366064646663018894e-03
2.166730739233486448e-03
3.104643393288331835e-03
8.818702960331567401e-04
2.322347395557716136e-03
2.462536729794327812e-03
7.116705182791885223e-04
1.787340460797095902e-03
1.200641400654883523e-03
2.076115287869944855e-04
1.026910003228750836e-03
3.437043505887960732e-03
1.938174440658970007e-03
3.755900648853958360e-03
1.975908170790803987e-03
1.894622101074413089e-05
6.971571139702091449e-04
2.169780483516589212e-05
1.460525123163241331e-04
1.865810247212260726e-03
2.131834356678986245e-03
2.025237468417983699e-03
1.805815314062804303e-03
2.426707400999560983e-03
5.680969395798131805e-04
1.736697848720964172e-07
8.349402549677132279e-04
2.035093236287923227e-03
3.584367898471174825e-03
2.604692210755411418e-03
3.610820135358962148e-03
1.291331369951766650e-03
3.868429902751967849e-03
4.531395268335176689e-03
1.674750341747558010e-03
2.868871204206086337e-03
2.002077630604006623e-03
3.759204559461208628e-03
1.267950927907912509e-03
1.292113964657873228e-03
4.760080826490138348e-03
4.176200163714264939e-03
2.907616591883448523e-03
3.020414747237430263e-03
2.144907924875632827e-03
3.275699597598034397e-03
1.877339361150603134e-03
3.455901630886948524e-03
5.441703158004830565e-04
2.000354644845576870e-03
3.882324831160010540e-03
1.540748142715517776e-03
1.653573272116075962e-03
3.980257612438946194e-04
1.555486057300356972e-03
8.758928339229990302e-06
5.937834456251237785e-07
2.636639258330469187e-04
1.852947657064656995e-04
1.894262766937058963e-04
1.895778236943912497e-04
1.578779306343337080e-04
9.604842888267650624e-07
1.472497565658826930e-06
1.032997742380635656e-07
1.198775009300020008e-08
1.957359270896975017e-09
8.250106811131156476e-08
2.457323103134706092e-09
7.673156283764577193e-08
6.235547555035935213e-10
1.034749744686533507e-08
9.589151998120587597e-08
3.931237833761242661e-07
7.389187063013727539e-06
2.246831319772215675e-04
1.484452684353303935e-04
1.104152456191986817e-05
4.614112410969905208e-04
4.771706761924562629e-04
4.104028451739570029e-04
7.006243920021662476e-04
4.293493107514897381e-04
1.213133850531131772e-03
2.838440976204437399e-03
3.773513307169937530e-03
1.145081801990249868e-03
4.843042084234428987e-03
2.160263400720581657e-03
1.907700722502048227e-03
4.304822554469211679e-03
1.462474100979493929e-03
3.590066519209279567e-03
3.962125707551655655e-03
2.380162979256643125e-03
4.354626826078103821e-03
5.003365487727430561e-04
1.258962125339413733e-03
2.879000343239404504e-04
4.170779299706197632e-05
3.634749891791029530e-03
4.803299830194829138e-03
3.663966796599003612e-03
3.700817717665255691e-03
3.417591219800513499e-03
1.779175580297764946e-03
1.877772770400629784e-03
2.135960576219496983e-04
4.326587909004763616e-03
1.687991656335460604e-03
2.082235187798424803e-03
5.681628555535768967e-06
2.482997173961194038e-07
2.180414281682898336e-07
2.145539034510348333e-05
1.042285004372311406e-06
3.757644338632062014e-05
4.370521527243366088e-07
6.511823805647549824e-06
8.122946699937336689e-06
1.510438379709945623e-05
6.226856145059499928e-06
1.067143962015158010e-05
1.184189526835585745e-05
4.556893370409232777e-06
1.280365196456874339e-05
2.237432736510849081e-06
5.352623082659473474e-06
7.163649336956376661e-05
2.950982386257953516e-05
1.426480666650296913e-04
6.320580929953689047e-04
8.566466979899137483e-05
9.047488181762774930e-05
1.692269234245667340e-04
1.122199441724001934e-03
8.032762869017523672e-04
5.811721800906471730e-04
1.299147151875742513e-03
1.048023536642816262e-03
4.025150512534518858e-04
3.751550795797406603e-05
1.430361154322841509e-04
1.486893937656859691e-03
5.186398579683664835e-04
5.398227701707543433e-04
3.458026788059514784e-04
3.451352818403314498e-04
6.095563042235517624e-04
2.609992966844107485e-04
1.406370643403266477e-04
1.581481306524455048e-04
4.662204978459535813e-04
6.994970156353860400e-06
1.101856966690287513e-03
3.156200597087874433e-03
2.827871211457631383e-03
1.931218193842566084e-03
1.418745416086308322e-04
5.721771356155849686e-06
9.945161572144781676e-06
2.223306694300297578e-07
1.033950454104441462e-07
3.526734598579927280e-08
8.549433736157965370e-08
7.548541063055011514e-08
2.502532384355364807e-08
1.992661768146875207e-07
1.404897616500337195e-07
1.222985904960075935e-12
2.118392674600113372e-18
2.104929345559355801e-19
5.112409877606499970e-09
1.406265708785899847e-08
2.137134846241308652e-07
4.455010787672043851e-07
3.830109171579723107e-07
5.764790663815037167e-09
3.146362891954418431e-07
8.748643770111843645e-08
1.215004744451078911e-05
1.064990344454891275e-07
7.093107354785534017e-09
6.768403642245077913e-07
1.401916045161966195e-06
2.478558416659504271e-03
1.652209452948383631e-03
1.378410128779187669e-03
1.157197138372179817e-03
9.316667720394401298e-04
1.902899071260587488e-03
3.901697235917189299e-04
3.946482591736994762e-03
4.085106877333364618e-03
3.214601225242092429e-03
4.301834416409739195e-03
1.014707562508516221e-03
3.498400244767700500e-03
2.861627856102144304e-03
1.900796337962692506e-03
1.020321101160268995e-03
1.272392609664889113e-03
3.337799650236537158e-03
4.683394382009561582e-03
1.798212070298495528e-03
3.932960305321219797e-03
1.843679366769594924e-03
2.221247923873678927e-03
2.167651944264147382e-03
1.456030162032574061e-05
7.654850561900269698e-06
3.777341749839710104e-04
2.428600418007365331e-05
7.084061526479361413e-06
2.051321494695031514e-03
6.322840243902580080e-05
4.456180374293587133e-03
3.627084486460666491e-03
2.089559778393313728e-03
3.973833041139281617e-03
2.594271827588671194e-03
3.353933976635001084e-03
9.539532172667292175e-05
5.399635304196832939e-04
2.660089643516773752e-04
4.467474231721289271e-05
6.987043253403064230e-04
6.783486642385834660e-05
1.385007832550720261e-04
2.725892063538071231e-03
4.662821821357265341e-03
2.482172584724164858e-03
4.210940996302914123e-03
3.763881874078783048e-03
2.526235165753325500e-03
1.896744353067335309e-04
1.171582999715386434e-03
3.870800339626536725e-03
5.414408994724853380e-04
2.863409168438275400e-03
3.700528820142749958e-03
2.517023537327282671e-03
1.813394485649846150e-03
1.501059523348307950e-03
1.108605043131188645e-03
1.100945719722797728e-03
1.944041520889849568e-03
1.021819974745562026e-03
1.137500547068663213e-03
1.504933763932168140e-03
1.310274492880621243e-03
1.123771159200243888e-03
2.304599723704801927e-04
3.922679856139989619e-04
8.672269620345313774e-04
1.708987655644535111e-03
1.214531036596878865e-05
6.805500821640908873e-04
7.519832898368154772e-04
7.906783518044761296e-04
1.001264258703492846e-03
2.746478457071015048e-04
2.779336175623128759e-04
1.620890327964147261e-04
7.899335696460443521e-04
1.512875572289009698e-03
1.910356890116613219e-03
1.248409966824806866e-03
8.595285072849274174e-04
1.081190423464912977e-03
1.446513058696250083e-03
3.818816369401008531e-03
1.241488677496116293e-03
8.613990696850949312e-04
3.957374697979871973e-04
8.522443495788350034e-04
1.930284129167099481e-04
1.896276243139701856e-03
1.161336297818825599e-03
1.050949081262520608e-03
1.782320406194297597e-03
1.145532701127404936e-03
7.761477247323537000e-04
9.831386188760306549e-04
1.542367886619832240e-03
4.937882740789947388e-04
4.611965460906206743e-04
3.160820368838603055e-04
3.107071276742405562e-04
5.447356717093056579e-04
7.263088866236169176e-04
4.950741732198629295e-05
4.643437060876140325e-04
1.580537029054788437e-04
4.540491514644874800e-04
3.786235369473251681e-04
1.421717210885485095e-04
2.804851833686522076e-04
3.743197486362366804e-04
7.234004988600590755e-04
5.466343055460030475e-04
9.328618688061403102e-04
3.005982519866239391e-03
2.149579828979805360e-03
5.465212014057268478e-04
4.010585898299610583e-03
3.541106668649708546e-03
4.102230991597420606e-03
2.846445251675561866e-03
2.776192574915866892e-03
1.501647230520493804e-03
2.467737316958889052e-03
1.602157065193736364e-03
3.645017421877604427e-03
2.424971302700560955e-03
2.979752203502879053e-03
2.230429069888253523e-03
1.527631008477284844e-03
3.385378413188228075e-03
1.363432741553733491e-03
2.456864347961261810e-03
3.955598620572474758e-03
4.221150341878304214e-03
1.451699539031799970e-03
3.563838202345492520e-03
3.175792187399660658e-03
2.655849536288019692e-03
2.417279855603611440e-03
4.189333330634366186e-03
9.332333850438867496e-04
3.190499803099008155e-03
1.476629850961018583e-03
1.584330065684987077e-03
8.109260425370586273e-04
1.363512699732596619e-03
1.369955784219824019e-03
1.270823769774783330e-03
1.274313662995835757e-03
2.492543937969683536e-03
3.057988593046983682e-03
1.511592225410463052e-03
9.718936450975379287e-04
2.276038156398518895e-03
2.675471396399530400e-03
2.623282467244345429e-03
2.189172952959326113e-03
1.956528273788220307e-03
7.348287714532621443e-04
1.478477058302406699e-03
1.018371287369733598e-03
1.295460045198595965e-03
5.287276203195728297e-04
1.173393487801651725e-03
2.807859425767120134e-03
7.534790714287313519e-04
1.264375500316986716e-03
9.809479988760348625e-04
6.190258113100600848e-04
9.692938821616610802e-04
2.219647206713696013e-03
4.460848365371463016e-03
2.243469476242512545e-03
7.987488615481219646e-04
5.668815040471846152e-04
6.488358811245645372e-04
2.858380297642201025e-03
1.386555099246492570e-03
1.378401890928243308e-03
1.420548966124815342e-03
2.559889313096835872e-03
2.419453229808027437e-03
8.785703139143386008e-04
3.594345422656291568e-03
4.487552624741503876e-03
1.567694235637828596e-03
1.871462466779677146e-03
4.548868874093542195e-04
5.388809446118012587e-04
5.459193260403471344e-04
9.941362826998385383e-05
6.398305268732338213e-04
3.318025028306530026e-04
4.437729275806795762e-04
5.555662824604223069e-04
7.281211570403273332e-05
2.876730054331736136e-04
1.567237446379872543e-04
2.658022758279323132e-04
8.234515022720143181e-05
1.700840540748732208e-05
2.502757449660569940e-04
3.590236570206349273e-04
8.163975116044041962e-04
4.563114341126176410e-04
1.200330653522097436e-03
4.844476476168965706e-04
9.317353302699567241e-04
4.318566369775283338e-04
7.973240176328599870e-04
7.515320467940592554e-04
1.689487871921397646e-03
6.123634769953076101e-04
3.873413561766162806e-04
3.269329658936452783e-04
5.429182548268845099e-04
3.674124460413824979e-04
2.464891480370785988e-04
5.482961993724139605e-04
2.023542168598558427e-03
2.895954035575562524e-03
2.163183147867279998e-03
3.464682851271552993e-03
1.522499531293203950e-04
5.801445603882594447e-04
2.953331552495809965e-03
3.167407141253514649e-03
1.034106014993131650e-03
8.915783393327320191e-04
6.282316410579188081e-04
1.467963435360533078e-03
1.894135547483597219e-03
1.250058057948951699e-03
2.097806356026294186e-03
1.967072170307739096e-03
1.515524785165171459e-03
1.205004367860340684e-03
1.799990194814799936e-03
1.528537397338836697e-03
2.355157524992235532e-03
9.880097600702287403e-04
7.469301308583061036e-04
3.022547784687376268e-03
2.523214603881760321e-03
9.350659434651207051e-04
2.880106242987433458e-03
2.046058233294412339e-03
4.999969035992925595e-04
1.790179936901917734e-04
1.490308492279850865e-03
3.003732144308829052e-03
2.461327472811906947e-03
4.025203422204089165e-03
1.344482201325931546e-03
7.221346100562634623e-04
2.919121121116060105e-03
2.695178829548531326e-03
2.549891030360303557e-03
1.712049985429908022e-03
2.484846990273832310e-03
2.945868145842130722e-04
4.375793992504809458e-03
3.698290283522812777e-03
3.850807149615868234e-03
5.205488285441180977e-04
2.098009162738481400e-04
3.004069659262724760e-04
5.415741922794687843e-04
2.224700439117936052e-03
1.150057483327662951e-03
6.958799625847550104e-04
5.021269445823954656e-04
1.295322053264264537e-04
2.714198763934475706e-04
3.281647527761472278e-04
4.383834417170515336e-04
5.566830121072766438e-04
1.051360800078163250e-05
8.250056780086395406e-04
3.677503411395688718e-04
4.767687496743728453e-04
4.882864763751152380e-04
3.490134246718205641e-04
5.768064481893095787e-04
2.167448572679003273e-04
5.019888867061391970e-05
2.585446143897778736e-05
2.047878572947980068e-04
1.808353809894505042e-04
1.724133246634818126e-04
2.979346459270738914e-06
1.569957223328314580e-04
7.345043610624766835e-05
1.678750423948342806e-04
2.176797593150225885e-04
4.251491687504281732e-04
3.119404601221135043e-04
3.333098762784326313e-04
6.816310388440921476e-04
5.629971082517484706e-04
2.304251118017339986e-04
4.723172293473480363e-05
2.128659381435695180e-04
9.498263964054723266e-04
8.766067982015215239e-04
6.431469683089260274e-04
3.821831298852253200e-04
5.098140206364394243e-04
3.755299981779529881e-04
1.272014353136159985e-03
8.605388130644448658e-04
8.581750503444657676e-04
3.685914137859061285e-04
1.059341043563765327e-03
2.798895000430940902e-03
1.212648642349650448e-03
2.764782451029549563e-03
1.770603508494017009e-03
2.726319733551706408e-03
2.818858689678021331e-03
1.175620791729338607e-03
1.245183463951954350e-04
8.922265133676502075e-06
4.047263855174519333e-05
2.509154281662943496e-04
4.511816673564717764e-05
8.869542731252732582e-05
1.045119018222518499e-03
1.250113533989078069e-04
2.932490869970547803e-04
1.362831834731417454e-04
1.404756864072842851e-03
4.562179759867905612e-06
7.832458180030632411e-06
2.642782780175795387e-05
2.532749170030761032e-06
5.523497459577130734e-05
1.959051636456433777e-05
8.451194589296754820e-04
2.573950113882415413e-03
1.749034741265609446e-03
5.324445808524704785e-04
1.787401882148081456e-03
2.612287104815834860e-03
8.383644056585110938e-04
5.783710110927988216e-04
7.038338695528877651e-04
3.382510202513769890e-04
1.670365932085580204e-03
6.396367344374319450e-04
2.318370947566898797e-03
1.127963485686377890e-03
1.617569384628653704e-03
1.292921663113919721e-03
5.272579210798243067e-05
1.218426625874316233e-03
5.320978470093898566e-04
1.127396531820898428e-03
7.142006080444454272e-04
1.256019918285322060e-03
1.124784481789284449e-03
1.549754530215636346e-03
1.200486241238142484e-03
2.059355477363211966e-04
8.000880858280338221e-04
4.699447321935908855e-04
3.093408167906740343e-03
1.434166587046551518e-03
4.273497862718213372e-05
3.182838855132681687e-04
9.863139841494580548e-04
6.349425667327950181e-04
1.128840171306005283e-03
4.430817849601970462e-03
1.147086110267992939e-03
1.399392022499307926e-03
1.568682402011616550e-03
1.594539712726589405e-03
1.513250840637682783e-03
4.009294792112384417e-03
2.423938931735079762e-03
2.076626537587715482e-03
2.263043421660268506e-03
1.406406465420218443e-03
8.785571873805639439e-04
2.219037910518417266e-03
2.838643283097022781e-04
5.739890149780674071e-04
2.091289146700351005e-04
3.752194310332233689e-04
4.324477208357964771e-05
6.020363982895026671e-06
2.241771360695357846e-04
2.113779611865064241e-04
1.468203956794702715e-05
1.509329039823494670e-05
1.881951821445063697e-05
5.510302103764234525e-07
2.387932204852942158e-05
3.617449274422204861e-05
2.240462801404127417e-05
1.415959015341586278e-05
6.663829837306779757e-05
2.543144889369025938e-05
8.817068666056681713e-05
3.260365163985899932e-04
2.951934891180193996e-05
2.569224639677896581e-06
2.669877518985829570e-05
3.222424825184449951e-04
1.510379813675172766e-04
2.405891124292035168e-04
9.496648489183662873e-06
3.033501417971035398e-05
3.715404918436494234e-04
3.234536974177968207e-04
3.394601439957781164e-04
2.299206980690681476e-04
3.304961724758392492e-05
6.852810638218274485e-05
1.943273274341646053e-04
1.429516617435245068e-05
8.719424100757437691e-06
3.566023896418273025e-06
5.364991946705007083e-04
6.466498960775799842e-04
1.017726359376202889e-03
1.324226557032728879e-04
2.903546509596539567e-04
1.547626226170396510e-04
6.741472361812143412e-06
5.731885424158375617e-05
1.006957856947194705e-05
1.284010871034932475e-04
4.529115292294487991e-05
1.334324617611786163e-04
2.300960471190779000e-04
4.248631327435663761e-03
1.878463632955464817e-04
5.043137157688771599e-04
5.991560126709592196e-04
5.103063215892900042e-04
3.330256424074312096e-04
4.245210917051768420e-04
1.656760308987496790e-03
2.310100029519351634e-04
3.334701446815563309e-04
3.934044332235428444e-04
6.616608623079135547e-04
5.464944209690926361e-05
2.158390420800530970e-04
9.406399800859084582e-05
4.204746531158416278e-04
1.813620473588324955e-05
1.573304409086066216e-05
9.532995205169646625e-06
4.942270344345137221e-05
7.855998309330098424e-05
1.809465831149765708e-05
5.239704446876869686e-04
6.093368138146526927e-05
2.993853630235933307e-04
2.534564684567073385e-04
7.765935660070386978e-07
2.643278559067699569e-04
1.279543926066257055e-04
7.983514432842901684e-06
1.451982409871689083e-05
4.796738526248969616e-06
6.018513553063399982e-06
3.969623699865354531e-05
5.270662553861281098e-07
7.062600184188636538e-06
1.881640873906864440e-07
6.081141444413489603e-07
1.294581724585261540e-07
3.221427668579501693e-07
5.165075638997547775e-07
4.043327099549075179e-07
4.082767207860338832e-07
1.189465227049971311e-06
2.723954373647183534e-07
2.561309854043291963e-07
4.366584107887742824e-07
3.833535025561918253e-04
4.375806755781023257e-04
7.952589428690208908e-04
1.370330918513630071e-03
4.638364895920183166e-04
5.128853012585470050e-04
1.392377197888697163e-03
1.412619502943628742e-03
8.103734399816746575e-04
7.230382428435918728e-04
6.416247084262122593e-05
7.418094558663160352e-05
1.751931802468426806e-04
4.897935596427933852e-07
2.634827203367760061e-07
9.929715119373429968e-08
2.438406743431796352e-08
2.657498215558167134e-06
1.490605805063607285e-08
1.643704575491125857e-07
5.457407753291338363e-08
2.492797407862798029e-07
3.251179237506992270e-07
5.314298774135053799e-09
8.195717312947678084e-09
5.618243603227141773e-07
1.171305940041112098e-04
3.475045743420617964e-05
7.268565617250283706e-04
3.551870924674319082e-09
