-1.860937000000000063e+00
-1.999884999999999913e+00
-2.233681999999999945e+00
2.244991999999999877e+00
1.932476000000000083e+00
1.603142999999999985e+00
1.742186999999999930e+00
2.286306999999999867e+00
1.910350999999999910e+00
1.782092000000000009e+00
2.082603000000000204e+00
1.852124000000000104e+00
1.691397999999999957e+00
1.582316999999999974e+00
1.921338999999999908e+00
1.938179000000000096e+00
2.029640000000000111e+00
1.534311999999999898e+00
1.615016999999999925e+00
1.720102000000000020e+00
1.555206000000000088e+00
1.546492999999999896e+00
1.724382999999999999e+00
1.818978999999999902e+00
1.877896999999999927e+00
2.190774000000000221e+00
2.257985000000000131e+00
1.966655999999999960e+00
1.899639999999999995e+00
1.727025999999999950e+00
1.742656999999999901e+00
1.881038999999999906e+00
2.004453999999999958e+00
2.002504000000000062e+00
1.946919999999999984e+00
1.794013999999999998e+00
1.811952000000000007e+00
1.937723000000000084e+00
1.885343999999999909e+00
2.054529000000000050e+00
2.070049000000000028e+00
2.128470000000000084e+00
2.268269000000000091e+00
2.226360000000000117e+00
2.059031000000000056e+00
1.822643999999999931e+00
1.590870000000000006e+00
1.562119000000000035e+00
1.611666000000000043e+00
1.980850999999999917e+00
1.840098999999999929e+00
1.620290999999999926e+00
1.547125000000000083e+00
1.517751000000000072e+00
1.636975000000000069e+00
1.549949000000000021e+00
1.618724999999999969e+00
1.532445000000000057e+00
1.614524000000000070e+00
1.697629999999999972e+00
1.621094999999999953e+00
1.877682000000000073e+00
1.842529000000000083e+00
1.765384999999999982e+00
1.532248000000000054e+00
1.643726999999999938e+00
1.553754999999999997e+00
1.647877000000000036e+00
1.977179000000000020e+00
2.162751000000000090e+00
1.864864999999999995e+00
2.096318000000000126e+00
2.327773000000000092e+00
2.280476000000000170e+00
2.287530999999999981e+00
2.137178000000000022e+00
2.260295000000000165e+00
2.232848000000000166e+00
2.159647999999999790e+00
2.174751000000000101e+00
1.894447999999999910e+00
1.970801000000000025e+00
1.899480000000000057e+00
1.926285999999999943e+00
2.071969999999999867e+00
2.101942999999999895e+00
2.157096000000000124e+00
1.784502000000000033e+00
1.971811999999999898e+00
1.920895000000000019e+00
1.885926999999999909e+00
2.342843999999999927e+00
-2.346696999999999811e+00
-2.166049000000000113e+00
-1.536904000000000048e+00
-1.795790999999999915e+00
-1.589472999999999914e+00
-1.893694999999999906e+00
-2.221283000000000118e+00
-2.019226999999999883e+00
-1.905877000000000043e+00
-2.158446000000000087e+00
-2.289153999999999911e+00
-2.206713999999999842e+00
-2.203821000000000030e+00
-2.323901000000000217e+00
-2.035970999999999975e+00
-2.149246000000000212e+00
-1.996339000000000086e+00
-1.803139999999999965e+00
-1.513274999999999926e+00
-1.674320000000000030e+00
-1.848314000000000012e+00
-1.790372000000000074e+00
-1.617364000000000024e+00
-1.568772999999999973e+00
-1.646195999999999993e+00
-1.912922999999999929e+00
-1.867223000000000077e+00
-1.692325000000000079e+00
-2.018956000000000195e+00
-1.752591000000000010e+00
-1.508747999999999978e+00
-1.897723000000000049e+00
-1.707694000000000045e+00
-1.908069999999999933e+00
-1.989023999999999903e+00
-2.095730999999999788e+00
-1.725041000000000047e+00
-1.507776999999999923e+00
-1.600832999999999950e+00
-1.534278000000000031e+00
-1.772011000000000003e+00
-1.502693000000000056e+00
-1.537900000000000045e+00
-1.768650000000000055e+00
-2.047060999999999797e+00
-1.961848000000000036e+00
-2.008017999999999859e+00
-1.855418000000000012e+00
-1.823471999999999982e+00
-1.708596000000000004e+00
-1.753489000000000075e+00
-1.588729000000000058e+00
-2.191958000000000073e+00
-1.884900000000000020e+00
-2.211583000000000077e+00
-2.066070999999999991e+00
-1.827715999999999896e+00
-1.802481000000000000e+00
-1.880514999999999937e+00
-1.971375000000000099e+00
-2.053567999999999838e+00
-2.346853999999999996e+00
-2.250472999999999946e+00
-2.108924000000000021e+00
-2.037215000000000220e+00
-2.166771999999999920e+00
-2.209544999999999870e+00
-2.039409000000000027e+00
-2.099237000000000020e+00
-2.360781999999999936e+00
-2.232695000000000096e+00
-2.106479000000000212e+00
-2.056111000000000022e+00
-1.894816999999999974e+00
-1.793174999999999963e+00
-1.673777000000000070e+00
-1.797331000000000012e+00
-1.720477000000000034e+00
-1.823131000000000057e+00
-1.972323999999999966e+00
-1.845723000000000003e+00
-1.817388000000000003e+00
-1.749333999999999945e+00
-1.598114000000000035e+00
-1.541037999999999908e+00
-1.742887000000000075e+00
-1.634414000000000033e+00
-1.588179000000000007e+00
-1.556899999999999951e+00
-1.562840999999999925e+00
-1.597118000000000038e+00
-1.533971999999999891e+00
-1.758648999999999907e+00
-1.808988000000000040e+00
-1.758383999999999947e+00
-1.674687000000000037e+00
-1.776872000000000007e+00
-1.840282999999999891e+00
-1.617855999999999961e+00
-1.565506000000000064e+00
-1.510150000000000103e+00
-1.556505000000000027e+00
-1.502623000000000042e+00
-1.518882000000000065e+00
-1.527825999999999906e+00
-1.705783999999999967e+00
-1.738647999999999971e+00
-1.577857999999999983e+00
-1.553984000000000032e+00
-1.798337999999999992e+00
-1.660374000000000017e+00
-1.627065999999999901e+00
-1.659186000000000050e+00
-1.835582999999999965e+00
-2.013322000000000056e+00
-1.781153999999999904e+00
-1.883755999999999986e+00
-1.950819999999999999e+00
-1.908573000000000075e+00
-1.803236999999999979e+00
-2.073604000000000003e+00
-2.003090999999999955e+00
-2.172175000000000189e+00
-1.993849999999999900e+00
-2.028369999999999784e+00
-2.132200999999999791e+00
-2.088165000000000049e+00
-1.927902000000000005e+00
-1.832573999999999925e+00
-1.990642000000000023e+00
-2.336316000000000059e+00
-2.285772000000000137e+00
-2.355858000000000008e+00
-2.335453999999999919e+00
-2.308794999999999931e+00
2.341750999999999916e+00
2.254881000000000135e+00
2.271886999999999990e+00
2.315568999999999988e+00
2.239489999999999981e+00
2.334750000000000103e+00
2.321839999999999904e+00
2.042895999999999823e+00
1.943060000000000009e+00
2.158611000000000057e+00
2.115476000000000134e+00
2.225817999999999852e+00
2.227996000000000087e+00
2.304943000000000186e+00
2.239431999999999867e+00
2.297101000000000059e+00
2.334395000000000220e+00
2.175432999999999950e+00
2.203292999999999946e+00
2.219736000000000153e+00
2.193833000000000144e+00
2.294265999999999917e+00
2.245181000000000093e+00
2.336488999999999816e+00
2.280619000000000174e+00
2.172267999999999866e+00
2.144255999999999940e+00
2.131803999999999810e+00
2.094882000000000133e+00
2.266414000000000151e+00
2.021825000000000205e+00
1.934434999999999905e+00
1.946938000000000057e+00
1.967875999999999959e+00
2.155752000000000113e+00
2.284759999999999902e+00
2.330004000000000186e+00
-2.309304000000000023e+00
-2.173900999999999861e+00
-2.255656999999999801e+00
-2.290201999999999849e+00
-2.213741000000000181e+00
-2.142417000000000016e+00
-2.144537000000000138e+00
-2.238195999999999852e+00
-2.234624999999999861e+00
-2.283183000000000185e+00
-2.191030000000000033e+00
-2.232975999999999850e+00
-2.253141999999999978e+00
-2.239831999999999823e+00
-2.369018000000000068e+00
-2.312060999999999922e+00
-2.329950999999999883e+00
-2.118130999999999986e+00
-2.062796000000000074e+00
-1.993932000000000038e+00
-1.974965999999999999e+00
-2.082288999999999835e+00
-2.049314999999999998e+00
-2.193023000000000167e+00
-2.341976999999999975e+00
-2.323739000000000221e+00
-2.129221999999999948e+00
-2.071431000000000022e+00
-2.071108999999999867e+00
-1.988469000000000042e+00
-2.045532999999999824e+00
-1.946258000000000044e+00
-1.996358000000000077e+00
-2.010050999999999810e+00
-2.007544000000000217e+00
-1.792864999999999931e+00
-1.987354999999999983e+00
-2.033224000000000142e+00
-1.858559999999999990e+00
-1.803852000000000011e+00
-1.718387000000000109e+00
-1.807126999999999928e+00
-1.878285999999999900e+00
-2.124133000000000049e+00
-2.128721999999999781e+00
-1.864581000000000044e+00
-2.012281000000000208e+00
-2.122825000000000184e+00
-2.126358000000000192e+00
-2.182627000000000095e+00
-2.062362999999999946e+00
-2.208734999999999893e+00
-2.177623000000000086e+00
-2.154042000000000012e+00
-1.718110000000000026e+00
-1.761994000000000060e+00
-1.918619999999999992e+00
-1.848559999999999981e+00
-2.010943999999999843e+00
-2.065529999999999866e+00
-1.998515000000000041e+00
-2.053723999999999883e+00
-1.940293000000000045e+00
-2.111419999999999852e+00
-2.103981999999999797e+00
-1.890017999999999976e+00
-1.840309999999999890e+00
-1.768223000000000100e+00
-1.661818999999999935e+00
-1.629723000000000033e+00
-1.625345000000000040e+00
-1.622359000000000107e+00
-1.586294000000000093e+00
-1.800219000000000014e+00
-1.762748999999999899e+00
-1.845501000000000058e+00
-1.619973000000000107e+00
-1.928436000000000039e+00
-2.062645999999999979e+00
-2.153840000000000199e+00
-2.048904999999999976e+00
-2.163612000000000091e+00
-1.945845000000000047e+00
-2.355283000000000015e+00
-2.280803999999999832e+00
-2.290280999999999789e+00
-2.290048999999999779e+00
-2.292266000000000137e+00
-2.355053999999999981e+00
-2.318496999999999808e+00
-2.208781000000000105e+00
-2.191257999999999928e+00
-2.225279000000000007e+00
-2.129197000000000006e+00
-1.970752999999999977e+00
-1.916751000000000094e+00
-1.999686000000000075e+00
-1.975881999999999916e+00
-2.096201000000000203e+00
-2.238192000000000181e+00
-2.206872000000000167e+00
-2.306334000000000106e+00
-2.078901000000000110e+00
-2.196034000000000042e+00
-1.994761000000000006e+00
-2.010461999999999971e+00
-1.787266000000000021e+00
-2.016856000000000204e+00
-1.963429000000000091e+00
-2.085993000000000208e+00
-2.352756999999999987e+00
-2.251227000000000089e+00
-2.278236999999999846e+00
-2.368981999999999921e+00
-2.319814000000000043e+00
-2.330481999999999942e+00
-1.940285000000000037e+00
-2.104995999999999867e+00
-1.927826999999999957e+00
-1.884398000000000017e+00
-1.782807999999999948e+00
-1.745965999999999907e+00
-1.566084000000000032e+00
-1.590619999999999923e+00
-1.559884999999999966e+00
-1.744933000000000067e+00
-1.625658999999999965e+00
-1.691259000000000068e+00
-1.859995000000000065e+00
-1.606724999999999959e+00
-1.538739999999999997e+00
-1.643976000000000104e+00
-1.584527000000000019e+00
-1.633818999999999910e+00
-1.559763000000000011e+00
-1.541447999999999929e+00
-1.743063000000000029e+00
-1.609685999999999950e+00
-1.561719000000000079e+00
-1.766990000000000061e+00
-1.751705999999999985e+00
-1.764283000000000046e+00
-1.852584000000000009e+00
-1.696234000000000020e+00
-1.721197000000000088e+00
-1.731135000000000090e+00
-1.706596999999999920e+00
-1.665888000000000035e+00
-1.852824999999999944e+00
-1.981705000000000050e+00
-2.062381999999999938e+00
-1.847404000000000046e+00
-1.845898999999999957e+00
-1.975792999999999910e+00
-1.844060999999999950e+00
-2.118240999999999818e+00
-2.239498000000000211e+00
-2.288666999999999785e+00
-2.323030999999999846e+00
-2.215859000000000023e+00
-2.177954999999999863e+00
-2.254995000000000083e+00
-2.354354999999999976e+00
-2.254719000000000140e+00
-2.206526000000000209e+00
-2.227597999999999967e+00
-2.351205999999999907e+00
-2.153402999999999956e+00
-2.253375000000000128e+00
-2.298824999999999896e+00
-2.153287000000000173e+00
-2.134487000000000023e+00
-1.930266000000000037e+00
-1.853858000000000006e+00
-2.023823999999999845e+00
-2.052662000000000209e+00
-2.250411000000000161e+00
-2.068850999999999996e+00
-2.168073999999999835e+00
-2.258411000000000168e+00
-2.249061000000000199e+00
-2.348533999999999899e+00
-2.251133999999999968e+00
-2.302544999999999842e+00
-2.219634999999999803e+00
-2.134103999999999779e+00
-1.928228000000000053e+00
-1.950735000000000108e+00
-2.207895999999999859e+00
2.362312000000000189e+00
2.308432999999999957e+00
2.327488999999999919e+00
2.167648999999999937e+00
1.759031999999999929e+00
1.913197999999999954e+00
1.963872000000000062e+00
2.105666999999999955e+00
2.186094999999999899e+00
1.963524000000000047e+00
1.803949000000000025e+00
2.041755000000000209e+00
2.000246999999999886e+00
1.758820999999999968e+00
1.840287999999999924e+00
1.746552000000000104e+00
1.819315000000000015e+00
1.645623000000000058e+00
1.859337000000000018e+00
1.783166999999999947e+00
1.758237999999999968e+00
1.725951000000000013e+00
1.802403999999999895e+00
1.814605000000000024e+00
1.903334999999999999e+00
1.935415000000000108e+00
1.930469999999999908e+00
2.069723000000000201e+00
1.695448999999999984e+00
1.747683000000000098e+00
1.943127000000000049e+00
2.043804000000000176e+00
1.894905000000000062e+00
2.251501000000000197e+00
2.027715999999999852e+00
2.163596000000000075e+00
2.124814000000000203e+00
2.091750999999999916e+00
2.339048000000000016e+00
2.292886000000000202e+00
2.001294000000000128e+00
2.280644999999999811e+00
2.053135999999999850e+00
2.100607999999999809e+00
1.881110000000000060e+00
1.682646000000000086e+00
1.918719000000000063e+00
1.737818000000000085e+00
1.889224000000000014e+00
2.031744999999999912e+00
1.809333999999999998e+00
1.500982999999999956e+00
1.565190000000000081e+00
1.546475000000000044e+00
1.506070000000000020e+00
1.679975999999999914e+00
1.621202000000000032e+00
1.498985000000000012e+00
1.552761000000000058e+00
1.569943000000000088e+00
1.638095000000000079e+00
1.697635000000000005e+00
1.727340000000000098e+00
1.701799000000000062e+00
1.791479999999999961e+00
1.706137000000000015e+00
1.768366000000000104e+00
1.720860999999999974e+00
1.706051999999999902e+00
1.667548000000000030e+00
1.585061999999999971e+00
1.609458000000000055e+00
1.569098000000000104e+00
1.599514000000000102e+00
1.594818000000000069e+00
1.579828999999999928e+00
1.500966000000000022e+00
1.827844999999999942e+00
1.670376000000000083e+00
1.677300999999999931e+00
1.499158999999999908e+00
1.593132999999999910e+00
1.786856000000000000e+00
1.744145000000000056e+00
1.777198999999999973e+00
1.610638999999999932e+00
1.806680999999999981e+00
1.864954000000000001e+00
1.865602999999999900e+00
1.998858999999999941e+00
1.731565000000000021e+00
1.705159000000000091e+00
1.705203000000000024e+00
1.853974999999999929e+00
2.067226999999999926e+00
1.970172000000000034e+00
2.051096999999999948e+00
1.974212999999999996e+00
1.961912000000000100e+00
2.102177000000000184e+00
2.038772999999999946e+00
1.939165999999999945e+00
2.030673000000000172e+00
2.102987999999999857e+00
2.208023999999999987e+00
2.104657000000000000e+00
1.884884999999999922e+00
1.881181999999999910e+00
1.829258999999999968e+00
1.714326000000000016e+00
1.791347000000000023e+00
1.901678999999999897e+00
1.789042999999999939e+00
1.799253999999999909e+00
1.805311000000000110e+00
1.667135000000000034e+00
1.665537999999999963e+00
1.737846000000000002e+00
1.766675999999999913e+00
1.772011000000000003e+00
1.586281000000000052e+00
1.742153999999999980e+00
1.892845000000000111e+00
1.914457000000000075e+00
1.869714000000000098e+00
2.111711000000000116e+00
1.995637000000000105e+00
1.924673999999999996e+00
1.960871999999999948e+00
1.892125000000000057e+00
1.624298000000000020e+00
1.534635999999999889e+00
1.562476999999999894e+00
1.503538999999999959e+00
1.802184999999999926e+00
1.545476999999999990e+00
1.652458999999999900e+00
1.529935000000000045e+00
1.573201000000000072e+00
1.639065999999999912e+00
1.693635000000000002e+00
2.030816999999999872e+00
1.876964999999999995e+00
1.758632999999999891e+00
1.857604000000000033e+00
1.965649999999999897e+00
1.845800000000000107e+00
1.945581999999999923e+00
1.799317999999999973e+00
1.903764000000000012e+00
1.915332999999999952e+00
1.827700000000000102e+00
1.908593999999999902e+00
1.715484999999999927e+00
1.721100000000000074e+00
1.873402999999999929e+00
1.905896999999999952e+00
1.775519000000000069e+00
1.843815999999999899e+00
2.139148000000000049e+00
2.028205999999999953e+00
2.036620000000000097e+00
1.955529999999999990e+00
1.960293000000000063e+00
2.136813000000000073e+00
2.145153000000000088e+00
2.136981000000000019e+00
2.037828999999999890e+00
1.990699999999999914e+00
1.821579000000000059e+00
1.654749000000000025e+00
1.870498999999999912e+00
1.831499999999999906e+00
1.559703999999999979e+00
1.627512999999999987e+00
1.507665000000000033e+00
1.709154999999999980e+00
1.833315000000000028e+00
1.789047999999999972e+00
1.850527000000000033e+00
1.870311000000000057e+00
1.818891000000000036e+00
2.221629000000000076e+00
2.051830999999999960e+00
2.126180000000000181e+00
2.135343000000000213e+00
2.324295000000000222e+00
2.190646999999999789e+00
2.116756000000000082e+00
2.210974000000000217e+00
2.367729000000000195e+00
2.206706000000000056e+00
2.268155999999999839e+00
2.306210000000000093e+00
2.103501000000000065e+00
1.904133999999999993e+00
1.601296999999999970e+00
1.569131999999999971e+00
1.779536999999999924e+00
1.798796000000000062e+00
1.995061999999999891e+00
2.032694999999999919e+00
1.974207999999999963e+00
2.142142999999999908e+00
2.105884999999999785e+00
2.025514999999999954e+00
2.162161999999999917e+00
2.012242000000000086e+00
2.170494999999999841e+00
2.030409999999999826e+00
2.269130999999999787e+00
2.296415000000000095e+00
2.316047999999999885e+00
2.339675999999999867e+00
2.257286999999999821e+00
2.270115000000000105e+00
2.331412999999999958e+00
2.267303000000000068e+00
2.279438999999999993e+00
2.331341999999999803e+00
2.245594000000000090e+00
2.242005999999999943e+00
2.037252000000000063e+00
2.211454999999999949e+00
1.994574000000000069e+00
2.018187000000000175e+00
2.097199999999999953e+00
2.048055000000000181e+00
2.272915999999999936e+00
2.349387999999999810e+00
2.363513999999999893e+00
2.185566000000000120e+00
2.244823999999999931e+00
2.189617000000000147e+00
2.332857000000000181e+00
2.366438000000000041e+00
2.325917000000000012e+00
2.294540000000000024e+00
2.310350000000000126e+00
2.286836000000000091e+00
2.169538999999999884e+00
2.332419999999999938e+00
2.299430000000000085e+00
2.337588999999999917e+00
2.222824000000000133e+00
2.240190999999999821e+00
2.157519000000000187e+00
2.182669999999999888e+00
2.158545999999999854e+00
2.327443000000000151e+00
2.256530999999999842e+00
2.172791000000000139e+00
2.163908000000000165e+00
2.003849999999999909e+00
1.945489000000000024e+00
1.997158999999999907e+00
2.075854000000000088e+00
2.085698999999999970e+00
1.738326999999999956e+00
1.600551000000000057e+00
1.567045999999999939e+00
1.723106000000000027e+00
1.652428999999999926e+00
1.933003000000000027e+00
1.883248000000000033e+00
1.934805000000000108e+00
2.019228000000000023e+00
1.996318000000000037e+00
1.971275000000000110e+00
1.858870999999999940e+00
1.755449999999999955e+00
1.722186999999999912e+00
1.783068000000000097e+00
1.748661000000000021e+00
1.684852000000000016e+00
1.927003999999999939e+00
2.056398000000000170e+00
1.917866999999999988e+00
1.879774999999999974e+00
1.825434999999999919e+00
1.793727000000000071e+00
2.008513999999999911e+00
1.957001999999999908e+00
1.835623999999999922e+00
1.788834999999999953e+00
1.696779000000000037e+00
1.681724999999999914e+00
1.552165999999999935e+00
1.596027000000000085e+00
1.708293999999999979e+00
1.764847000000000055e+00
1.746995000000000076e+00
1.613137000000000043e+00
1.520245000000000068e+00
1.606419000000000041e+00
1.539968000000000004e+00
1.615774999999999961e+00
1.627520999999999995e+00
1.507474999999999898e+00
1.602203999999999962e+00
1.610403999999999947e+00
1.631337000000000037e+00
1.720345000000000013e+00
1.513524000000000092e+00
1.589040000000000008e+00
1.607248999999999928e+00
1.541417000000000037e+00
1.550548999999999955e+00
1.523500999999999994e+00
1.542863000000000095e+00
1.500655000000000072e+00
1.505511999999999961e+00
1.525776000000000021e+00
1.611593000000000053e+00
1.565754000000000090e+00
1.498027999999999915e+00
1.619474000000000080e+00
1.862923000000000107e+00
1.725330000000000030e+00
1.530769999999999964e+00
1.537536999999999932e+00
1.584664999999999990e+00
1.602316000000000074e+00
1.568904000000000076e+00
1.593029999999999946e+00
1.590607000000000104e+00
1.765692000000000039e+00
1.879208999999999907e+00
1.732907999999999893e+00
1.692669999999999897e+00
1.703098999999999918e+00
1.728996999999999895e+00
1.693421999999999983e+00
1.832723000000000102e+00
1.838559999999999972e+00
1.888328000000000007e+00
1.614537000000000111e+00
1.739451999999999998e+00
1.591576000000000102e+00
1.722347000000000072e+00
1.565217999999999998e+00
1.574751999999999930e+00
1.725552999999999892e+00
1.658214000000000077e+00
1.504356000000000027e+00
1.502451999999999899e+00
1.688684000000000074e+00
1.581058000000000074e+00
1.538904000000000050e+00
1.719659000000000049e+00
1.498266000000000098e+00
1.753602000000000105e+00
1.546548000000000034e+00
1.657539000000000096e+00
1.738655999999999979e+00
1.532249999999999890e+00
1.517096000000000000e+00
1.586861000000000077e+00
1.498734999999999928e+00
1.742202000000000028e+00
1.557118000000000002e+00
1.781937000000000104e+00
1.814373999999999931e+00
1.808607999999999993e+00
1.672336999999999962e+00
1.568742000000000081e+00
1.542829000000000006e+00
1.578465000000000007e+00
1.542310000000000070e+00
1.546489000000000003e+00
1.659871000000000096e+00
1.693913000000000002e+00
1.761803999999999926e+00
1.929338999999999915e+00
2.021421999999999830e+00
1.956051999999999902e+00
1.897210000000000063e+00
1.737983000000000056e+00
1.941424000000000039e+00
1.951983999999999941e+00
1.968871999999999955e+00
1.884044000000000052e+00
1.797333000000000069e+00
1.658342999999999900e+00
1.818972000000000033e+00
1.726093000000000099e+00
1.804063999999999890e+00
1.855218000000000034e+00
1.782987000000000100e+00
1.814577000000000107e+00
1.656727999999999978e+00
1.749735000000000040e+00
1.756715000000000027e+00
1.827325000000000088e+00
1.835259999999999891e+00
1.790181999999999940e+00
1.934093999999999980e+00
1.759522000000000030e+00
1.819172999999999929e+00
1.798780999999999963e+00
1.742528999999999995e+00
1.554810000000000025e+00
1.619990000000000041e+00
1.773717999999999906e+00
1.691394999999999982e+00
1.724105999999999916e+00
1.785819000000000045e+00
1.898587000000000025e+00
1.624009000000000036e+00
1.686852000000000018e+00
1.539344999999999963e+00
1.581612000000000018e+00
1.500340999999999925e+00
1.619485999999999981e+00
1.547128999999999976e+00
1.535549999999999971e+00
1.675519999999999898e+00
2.027538999999999980e+00
2.055625000000000036e+00
2.073125999999999802e+00
2.051279000000000075e+00
2.108181999999999778e+00
1.987778999999999963e+00
2.087936000000000014e+00
1.951959999999999917e+00
1.797339000000000020e+00
1.980601999999999974e+00
1.942674999999999930e+00
1.925437000000000065e+00
1.922862000000000071e+00
1.863607000000000014e+00
1.698804999999999898e+00
1.672112000000000043e+00
1.774594999999999922e+00
1.861215999999999982e+00
1.897922000000000109e+00
2.004112999999999811e+00
1.879807000000000006e+00
2.034302999999999972e+00
2.086142999999999859e+00
1.687041000000000013e+00
1.644295000000000062e+00
1.699235000000000051e+00
1.973435000000000050e+00
1.948244000000000087e+00
1.565538000000000096e+00
1.571496000000000004e+00
1.858446999999999960e+00
1.987187999999999954e+00
1.915143000000000040e+00
1.871537000000000006e+00
1.953267000000000087e+00
2.162516000000000105e+00
2.089755999999999947e+00
2.107168999999999848e+00
2.163069999999999826e+00
2.135761000000000021e+00
2.129058999999999813e+00
2.139431000000000083e+00
2.239955000000000140e+00
2.162268000000000079e+00
2.355215999999999976e+00
2.202420000000000044e+00
2.144690999999999903e+00
2.302080999999999822e+00
2.184041000000000121e+00
2.148995000000000211e+00
2.346280999999999839e+00
2.114249000000000045e+00
2.140232999999999830e+00
2.130832999999999977e+00
2.227539000000000158e+00
2.140817999999999888e+00
2.146952000000000194e+00
2.322099999999999831e+00
2.230960000000000054e+00
2.219648999999999983e+00
2.234105000000000008e+00
2.305515999999999899e+00
2.249848000000000070e+00
2.101922000000000068e+00
2.086365999999999943e+00
2.071070000000000189e+00
1.980534999999999934e+00
2.142506000000000022e+00
2.138205000000000133e+00
2.228946999999999790e+00
2.255059999999999842e+00
2.294737000000000027e+00
2.208162999999999876e+00
2.055212000000000039e+00
2.139180000000000081e+00
2.097459999999999880e+00
2.149020000000000152e+00
2.138221000000000149e+00
2.171032999999999991e+00
2.052277000000000129e+00
2.090835000000000221e+00
2.166418000000000177e+00
1.955232000000000081e+00
2.045790999999999915e+00
1.810872999999999955e+00
1.896403999999999979e+00
2.008344999999999825e+00
2.160722999999999949e+00
2.141919999999999824e+00
2.202351000000000170e+00
2.305559000000000136e+00
2.229613000000000067e+00
2.269127999999999812e+00
2.245328000000000213e+00
2.359128000000000114e+00
2.281604000000000187e+00
2.347361999999999949e+00
2.199481000000000019e+00
2.201051000000000091e+00
2.134015999999999913e+00
2.340718999999999994e+00
2.072216000000000058e+00
1.942712999999999912e+00
2.058314000000000199e+00
2.024300999999999906e+00
1.887910999999999895e+00
1.931618000000000057e+00
1.933470999999999940e+00
1.962852999999999959e+00
1.834378000000000064e+00
1.889022999999999897e+00
1.868152000000000035e+00
1.985560999999999909e+00
1.973640999999999979e+00
2.104909999999999837e+00
2.100251999999999786e+00
1.883035000000000014e+00
1.932857999999999965e+00
1.978433000000000108e+00
1.920195000000000096e+00
1.873302000000000023e+00
1.629904999999999937e+00
1.623709000000000069e+00
1.671818000000000026e+00
1.704288000000000025e+00
1.623869000000000007e+00
1.726628999999999969e+00
1.573957000000000050e+00
1.540667999999999926e+00
1.655365999999999893e+00
1.505702000000000096e+00
1.529433999999999960e+00
1.659982000000000069e+00
1.829393999999999965e+00
1.950938999999999979e+00
2.122695000000000221e+00
2.067664000000000168e+00
2.025729000000000113e+00
1.961278999999999995e+00
1.929181000000000035e+00
1.810697999999999919e+00
1.729737000000000080e+00
1.785371000000000041e+00
1.771084000000000103e+00
1.857466999999999979e+00
2.047934999999999839e+00
1.759846999999999939e+00
1.712129000000000012e+00
1.722088999999999981e+00
1.551201999999999970e+00
1.541751000000000094e+00
1.568845000000000045e+00
1.654225999999999974e+00
1.653580999999999968e+00
1.782516999999999907e+00
1.559959000000000096e+00
1.535449000000000064e+00
1.774960000000000093e+00
1.552280000000000104e+00
1.694074000000000080e+00
1.499490999999999907e+00
1.607879999999999976e+00
1.655655000000000099e+00
1.560999999999999943e+00
1.522782000000000080e+00
1.547911000000000037e+00
1.707337000000000105e+00
1.621728999999999976e+00
1.699510000000000076e+00
1.852160000000000029e+00
1.767822000000000005e+00
1.788513999999999937e+00
2.246513999999999900e+00
2.303017999999999788e+00
2.269664999999999822e+00
2.333645000000000191e+00
2.319547000000000025e+00
2.322163999999999895e+00
2.156200999999999812e+00
2.096099000000000157e+00
2.109255999999999798e+00
2.233908000000000005e+00
2.219514000000000209e+00
2.278519000000000183e+00
2.276248999999999967e+00
2.354283000000000126e+00
2.319269999999999943e+00
2.211758000000000113e+00
2.288793000000000077e+00
2.287120999999999960e+00
2.159718999999999944e+00
2.176271999999999984e+00
2.172166999999999959e+00
2.229166999999999899e+00
2.259803999999999924e+00
2.348565999999999931e+00
2.179815000000000058e+00
2.072738000000000191e+00
2.178354999999999819e+00
1.983889999999999931e+00
1.978212999999999999e+00
1.951375999999999999e+00
2.242414999999999825e+00
1.995265000000000066e+00
1.908028000000000057e+00
1.861750999999999934e+00
1.890252999999999961e+00
1.928288000000000002e+00
1.730015000000000081e+00
1.732882000000000033e+00
1.706458999999999948e+00
1.658998999999999890e+00
1.664628999999999914e+00
1.518906000000000089e+00
1.604740999999999973e+00
1.518979000000000079e+00
1.529805000000000081e+00
1.561638000000000082e+00
1.525058000000000025e+00
1.637388999999999983e+00
1.509520999999999891e+00
1.558027999999999968e+00
1.565981999999999985e+00
1.620557000000000025e+00
1.506350000000000078e+00
1.772688999999999959e+00
1.565320000000000045e+00
1.590041000000000038e+00
1.720185000000000075e+00
1.645461999999999980e+00
1.628886999999999974e+00
1.653532999999999920e+00
1.591218000000000021e+00
1.559585999999999917e+00
1.710836000000000023e+00
1.706606000000000067e+00
1.538753999999999955e+00
1.519981000000000027e+00
1.539007999999999932e+00
1.625062999999999924e+00
1.807795999999999959e+00
1.902052999999999994e+00
1.692569999999999908e+00
1.758143000000000011e+00
1.886363000000000012e+00
1.771106999999999987e+00
1.814033000000000007e+00
1.632671999999999901e+00
1.708596000000000004e+00
1.744709999999999983e+00
1.739425999999999917e+00
1.607798999999999978e+00
1.586966000000000099e+00
1.660979999999999901e+00
1.823614000000000068e+00
1.902703999999999951e+00
1.971352999999999911e+00
1.938841000000000037e+00
1.876883999999999997e+00
1.872822999999999904e+00
1.787045999999999912e+00
1.831617999999999968e+00
1.784542999999999990e+00
1.687619999999999898e+00
1.968358000000000052e+00
2.023359000000000130e+00
1.974569999999999936e+00
1.954206000000000110e+00
1.809749999999999970e+00
1.872109000000000023e+00
1.809649999999999981e+00
1.730809000000000042e+00
1.621250999999999998e+00
1.923378000000000032e+00
1.915024000000000060e+00
2.016598999999999808e+00
1.747400000000000064e+00
1.849501000000000062e+00
1.725603999999999916e+00
1.615312000000000081e+00
1.721046999999999993e+00
1.592886999999999942e+00
1.589444999999999997e+00
1.606556000000000095e+00
1.512388000000000066e+00
1.723907999999999996e+00
1.665524999999999922e+00
1.721878999999999937e+00
1.847763000000000044e+00
1.799603000000000064e+00
1.532556000000000029e+00
1.520434000000000063e+00
1.631224999999999925e+00
1.564527999999999919e+00
1.567196000000000033e+00
1.624174999999999924e+00
1.515778000000000070e+00
1.744782000000000055e+00
1.689132000000000078e+00
1.820694999999999952e+00
2.027172000000000196e+00
1.791060000000000096e+00
1.769166999999999934e+00
1.529150999999999927e+00
1.567919999999999980e+00
1.563072000000000017e+00
1.513039999999999941e+00
1.748019999999999907e+00
1.729781000000000013e+00
1.639996999999999927e+00
1.589123999999999981e+00
1.560178000000000065e+00
1.559760999999999953e+00
1.620378000000000096e+00
1.520645999999999942e+00
1.795932000000000084e+00
1.672811999999999966e+00
1.592437000000000102e+00
1.636608999999999980e+00
1.728714000000000084e+00
1.661330999999999891e+00
1.593423999999999952e+00
1.524617000000000111e+00
1.579240999999999895e+00
1.774774000000000074e+00
1.774747000000000074e+00
1.698287000000000102e+00
1.591321999999999903e+00
1.630806999999999896e+00
1.682792000000000066e+00
1.783746000000000054e+00
1.793495000000000061e+00
1.803544999999999954e+00
1.792035999999999962e+00
1.879064000000000068e+00
1.667251999999999956e+00
1.693870999999999905e+00
1.605642000000000014e+00
1.652655999999999903e+00
1.795511999999999997e+00
1.858000000000000096e+00
1.829833000000000043e+00
1.806921999999999917e+00
1.881119999999999903e+00
1.924968000000000012e+00
1.820027000000000061e+00
1.904722000000000026e+00
1.887578999999999896e+00
1.736966000000000010e+00
1.863123000000000085e+00
1.788564000000000043e+00
1.755667000000000089e+00
2.013949999999999907e+00
2.071994000000000113e+00
2.018202000000000051e+00
2.045923000000000158e+00
2.254449000000000147e+00
1.985802999999999985e+00
2.033320999999999934e+00
1.947835999999999901e+00
1.796734999999999971e+00
1.817777999999999894e+00
1.737079999999999957e+00
1.750105000000000022e+00
1.776739000000000068e+00
1.795460000000000056e+00
1.851860000000000062e+00
1.926708000000000087e+00
2.044427000000000216e+00
1.851164000000000032e+00
1.939171999999999896e+00
1.800769999999999982e+00
1.754669999999999952e+00
1.913537999999999961e+00
1.926922999999999941e+00
1.888139000000000012e+00
1.796097999999999972e+00
2.062446000000000002e+00
1.926616000000000106e+00
1.893555000000000099e+00
1.808224000000000053e+00
1.849517999999999995e+00
1.949683000000000055e+00
2.049779000000000018e+00
2.037676999999999961e+00
1.897358000000000100e+00
1.865507999999999944e+00
1.716498000000000079e+00
1.628031000000000006e+00
1.718987000000000043e+00
1.666574999999999918e+00
1.763468999999999953e+00
1.528132000000000046e+00
1.862184999999999979e+00
2.012671000000000099e+00
1.799616000000000104e+00
1.608910000000000062e+00
1.684106000000000103e+00
1.803840000000000110e+00
1.905092999999999925e+00
2.024796999999999958e+00
1.879280000000000062e+00
2.062050999999999856e+00
2.098828000000000138e+00
2.139765999999999835e+00
2.197671000000000152e+00
2.043571000000000026e+00
2.097532000000000174e+00
1.876605999999999996e+00
2.226783999999999875e+00
2.158214000000000077e+00
2.085198999999999803e+00
2.096000000000000085e+00
2.205131999999999870e+00
2.049930999999999948e+00
2.063099999999999934e+00
2.139190999999999843e+00
2.098310999999999815e+00
2.056597000000000008e+00
1.981924999999999937e+00
1.940023000000000053e+00
2.006890999999999980e+00
1.908120000000000038e+00
1.964280000000000026e+00
1.946506999999999987e+00
1.666668000000000038e+00
1.668322000000000083e+00
1.638508000000000076e+00
1.597123999999999988e+00
1.608157999999999976e+00
1.863496000000000041e+00
2.038540999999999936e+00
1.870025999999999966e+00
1.907963000000000076e+00
1.737665000000000015e+00
1.656069999999999931e+00
1.656079999999999997e+00
1.638114999999999988e+00
1.543765999999999972e+00
1.542502000000000040e+00
1.571498999999999979e+00
1.557504999999999917e+00
1.642663999999999902e+00
1.702750999999999904e+00
1.720911000000000080e+00
1.839566999999999952e+00
1.820812000000000097e+00
1.882749000000000006e+00
1.987708999999999948e+00
2.050228000000000161e+00
2.094672999999999785e+00
1.952727000000000102e+00
1.973160999999999943e+00
2.185029000000000110e+00
2.256266000000000105e+00
2.303002000000000216e+00
2.158218999999999888e+00
2.036265999999999909e+00
2.241074999999999928e+00
2.237994000000000039e+00
1.859045000000000059e+00
1.927419999999999911e+00
1.967635000000000023e+00
2.077277000000000040e+00
2.171571000000000140e+00
2.139606000000000119e+00
2.015562000000000076e+00
2.121011999999999897e+00
2.082743999999999929e+00
1.950220000000000065e+00
1.815158999999999967e+00
1.972645999999999900e+00
2.053113999999999884e+00
2.212382999999999988e+00
2.159945000000000004e+00
2.290007999999999821e+00
2.324117999999999906e+00
2.258087999999999873e+00
2.308460999999999874e+00
2.226468999999999809e+00
2.247577000000000158e+00
2.190001999999999782e+00
2.332371000000000194e+00
2.203294999999999781e+00
2.218846999999999792e+00
2.262935000000000141e+00
2.210977000000000192e+00
2.224202000000000012e+00
2.300016999999999978e+00
2.240275000000000016e+00
2.222185000000000077e+00
2.345051000000000219e+00
2.215870999999999924e+00
2.146827000000000041e+00
2.115416000000000185e+00
2.043423000000000211e+00
2.224972999999999868e+00
2.252510000000000012e+00
2.341088000000000058e+00
2.364053000000000182e+00
2.038991000000000220e+00
2.142800999999999956e+00
2.309639000000000220e+00
2.198885999999999896e+00
2.288206000000000184e+00
2.152592999999999979e+00
2.080887999999999849e+00
2.167105999999999977e+00
2.178174999999999972e+00
1.960873000000000088e+00
1.813495000000000079e+00
1.998027999999999915e+00
2.247209999999999930e+00
2.262678000000000189e+00
2.345202000000000009e+00
2.199206999999999912e+00
1.981719000000000008e+00
2.004385999999999779e+00
2.099365000000000148e+00
2.358324000000000087e+00
2.171651000000000220e+00
2.119092999999999893e+00
2.287789000000000073e+00
2.210319999999999840e+00
2.298093999999999859e+00
-2.302753000000000050e+00
-2.156941999999999915e+00
-2.138482999999999912e+00
-2.358677999999999830e+00
-2.343935000000000102e+00
-2.334016000000000091e+00
-2.347945000000000171e+00
-2.311862999999999779e+00
-2.313422000000000089e+00
-2.189223999999999837e+00
-2.317940999999999807e+00
-2.353012000000000103e+00
-2.238715000000000011e+00
-2.171497000000000011e+00
-2.195250999999999841e+00
-2.223735000000000017e+00
-2.239717999999999876e+00
-2.177389999999999937e+00
-2.184756999999999838e+00
-2.279681000000000068e+00
-2.131775999999999893e+00
-2.317165000000000141e+00
-2.340341000000000005e+00
-2.348281000000000063e+00
-2.200264000000000220e+00
-2.172518000000000171e+00
-1.970992000000000077e+00
-1.930601000000000012e+00
-1.933847000000000094e+00
-2.065259999999999874e+00
-1.969827999999999912e+00
-1.846416999999999975e+00
-1.988992000000000093e+00
-2.034149999999999903e+00
-1.819600000000000106e+00
-1.908147000000000038e+00
-2.074311999999999934e+00
-1.866222000000000047e+00
-1.809226000000000001e+00
-1.908706000000000014e+00
-1.795190999999999981e+00
-1.643739000000000061e+00
-1.532696999999999976e+00
-1.739497999999999989e+00
-1.677364999999999995e+00
-1.597264000000000017e+00
-1.592530999999999919e+00
-1.656312999999999924e+00
-1.537744999999999918e+00
-1.621191999999999966e+00
-1.654104000000000019e+00
-1.641553000000000040e+00
-1.699057999999999957e+00
-1.640700000000000047e+00
-1.567344999999999988e+00
-1.570653999999999995e+00
-1.524208999999999925e+00
-1.599436999999999998e+00
-1.521676999999999946e+00
-1.702623999999999915e+00
-1.790442000000000089e+00
-1.931764999999999954e+00
-1.890371000000000024e+00
-1.798559000000000019e+00
-1.744507999999999948e+00
-1.849326999999999943e+00
-1.703338000000000019e+00
-1.677052999999999905e+00
-1.632522999999999946e+00
-1.775322000000000067e+00
-1.871696999999999944e+00
-1.698055000000000092e+00
-1.559471999999999969e+00
-1.617007000000000083e+00
-1.717594999999999983e+00
-1.805692999999999993e+00
-1.895885000000000042e+00
-1.746641000000000110e+00
-1.956318999999999919e+00
-1.567944999999999922e+00
-1.626090999999999953e+00
-1.638282999999999934e+00
-1.523287999999999975e+00
-1.664290000000000047e+00
-1.761457000000000050e+00
-1.849922999999999984e+00
-1.773468000000000044e+00
-1.918280999999999903e+00
-1.770909999999999984e+00
-1.746868000000000087e+00
-1.622222000000000053e+00
-1.710159999999999902e+00
-1.572939000000000087e+00
-1.585704000000000002e+00
-1.557615999999999890e+00
-1.521775000000000100e+00
-1.626697000000000060e+00
-1.743570000000000064e+00
-1.548836000000000102e+00
-1.708965999999999985e+00
-1.747090000000000032e+00
-1.549336999999999964e+00
-1.600327999999999973e+00
-1.584710999999999981e+00
-1.514839999999999964e+00
-1.680501000000000023e+00
-1.558149999999999924e+00
-1.797152000000000083e+00
-1.765363000000000016e+00
-1.802513999999999950e+00
-1.804858000000000073e+00
-1.690344000000000069e+00
-1.576078000000000090e+00
-1.617037999999999975e+00
-1.555557000000000079e+00
-1.543320000000000025e+00
-1.574994000000000005e+00
-1.550243000000000038e+00
-1.632624000000000075e+00
-1.538493000000000110e+00
-1.777012999999999954e+00
-1.675645000000000051e+00
-1.511400000000000077e+00
-1.697338000000000013e+00
-1.573029999999999928e+00
-1.660849000000000020e+00
-1.523371999999999948e+00
-1.754526999999999948e+00
-1.963580000000000103e+00
-1.915135000000000032e+00
-1.917094000000000076e+00
-2.099016000000000215e+00
-2.015747000000000178e+00
-1.996181999999999901e+00
-1.905634999999999968e+00
-1.884975999999999985e+00
-1.780451999999999924e+00
-1.845264999999999933e+00
-1.704833999999999961e+00
-1.679901000000000089e+00
-1.595259999999999900e+00
-1.522987000000000091e+00
-1.603272999999999948e+00
-1.569469000000000003e+00
-1.541231000000000018e+00
-1.562362999999999946e+00
-1.632230000000000070e+00
-1.866206000000000031e+00
-1.710078999999999905e+00
-1.876924000000000037e+00
-1.803085000000000049e+00
-1.652983000000000091e+00
-1.795800000000000063e+00
-1.997938999999999909e+00
-2.080013000000000112e+00
-1.948962000000000083e+00
-2.046749000000000152e+00
-1.822257000000000016e+00
-1.881653000000000020e+00
-1.919006999999999907e+00
-2.055013999999999896e+00
-1.996035999999999921e+00
-1.772985000000000033e+00
-1.673127000000000031e+00
-1.863375999999999921e+00
-1.814238999999999935e+00
-1.864225000000000021e+00
-1.895400999999999891e+00
-2.064725000000000144e+00
-1.979627999999999943e+00
-1.972728999999999955e+00
-1.982555000000000067e+00
-1.852038999999999991e+00
-1.892430000000000057e+00
-1.871046999999999905e+00
-1.776783000000000001e+00
-1.824996000000000063e+00
-1.759015999999999913e+00
-1.715759999999999952e+00
-1.706820999999999922e+00
-2.123690999999999995e+00
-1.938341000000000092e+00
-2.126027000000000111e+00
-2.073031999999999986e+00
-1.851644999999999985e+00
-1.898481000000000085e+00
-1.653537999999999952e+00
-1.631772999999999918e+00
-1.640792999999999946e+00
-1.566940999999999917e+00
-1.554924999999999891e+00
-1.597355999999999998e+00
-1.634028999999999954e+00
-1.858681000000000028e+00
-1.910277999999999921e+00
-1.850522999999999918e+00
-1.726428999999999991e+00
-1.509298999999999946e+00
-1.530656999999999934e+00
-1.521314999999999973e+00
-1.525409999999999933e+00
-1.669996999999999954e+00
-1.576391000000000098e+00
-1.567347000000000046e+00
-1.686217999999999995e+00
-1.778367000000000031e+00
-1.573652000000000051e+00
-1.746467999999999909e+00
-1.829123999999999972e+00
-1.715333999999999914e+00
-1.969807000000000086e+00
-2.041253000000000206e+00
-1.802438999999999902e+00
-1.778251000000000026e+00
-1.834462000000000037e+00
-2.000653999999999932e+00
-1.851966000000000001e+00
-2.021761999999999837e+00
-2.038616999999999901e+00
-2.018285000000000107e+00
-2.017008000000000134e+00
-1.819164000000000003e+00
-2.007060000000000066e+00
-1.764015000000000111e+00
-1.741470999999999991e+00
-1.890956000000000081e+00
-1.723225999999999924e+00
-1.983500000000000041e+00
-1.969929000000000041e+00
-1.973602000000000078e+00
-1.866597000000000062e+00
-2.019158000000000008e+00
-2.040893000000000068e+00
-1.960239999999999982e+00
-1.970601000000000047e+00
-1.869301000000000101e+00
-1.828681000000000001e+00
-1.886628999999999889e+00
-2.083023999999999987e+00
-2.022892999999999830e+00
-2.185090999999999894e+00
-2.363281000000000187e+00
-2.104605999999999977e+00
-2.181319999999999926e+00
-2.268485000000000085e+00
-2.232898000000000049e+00
-2.160981000000000041e+00
-2.155047999999999853e+00
-1.813499999999999890e+00
-1.730194999999999927e+00
-1.732720000000000038e+00
-1.821960999999999942e+00
-2.069193999999999978e+00
-1.781746000000000052e+00
-1.978267999999999915e+00
-1.691019000000000050e+00
-1.773242999999999903e+00
-1.735133000000000036e+00
-1.779271999999999965e+00
-1.819310999999999900e+00
-1.642311000000000076e+00
-1.690647999999999929e+00
-1.740536000000000083e+00
-1.869739000000000040e+00
-1.881116999999999928e+00
-1.890001999999999960e+00
-2.139517999999999809e+00
-1.934701000000000004e+00
-2.065926999999999847e+00
-1.908673000000000064e+00
-2.041617000000000015e+00
-1.755376999999999965e+00
-1.644821000000000089e+00
-1.742496000000000045e+00
-1.610700000000000021e+00
-1.499641000000000002e+00
-1.508321999999999941e+00
-1.601850999999999914e+00
-1.534526000000000057e+00
-1.535015999999999936e+00
-1.570400000000000018e+00
-1.515149000000000079e+00
-1.617512000000000061e+00
-1.652517000000000014e+00
-1.688401999999999958e+00
-1.864672000000000107e+00
-2.090050000000000185e+00
-2.144572999999999841e+00
-1.944018999999999942e+00
-2.127638999999999836e+00
-1.960738000000000092e+00
-1.972691999999999890e+00
-2.022196999999999800e+00
-2.156439000000000217e+00
-2.097993999999999915e+00
-2.058721999999999941e+00
-2.213382000000000183e+00
-2.137455999999999801e+00
-2.186838999999999977e+00
-2.072478999999999960e+00
-2.058415999999999801e+00
-2.077820000000000000e+00
-2.069080000000000030e+00
-2.062408000000000019e+00
-2.175959000000000199e+00
-2.087463000000000068e+00
-1.929251000000000049e+00
-1.911642999999999981e+00
-1.956491999999999898e+00
-1.957540999999999976e+00
-1.964531999999999945e+00
-1.984733000000000080e+00
-2.246491999999999933e+00
-2.097443000000000168e+00
-2.074749999999999872e+00
-2.180019000000000151e+00
-2.250366000000000088e+00
-2.162497000000000114e+00
-2.210879999999999956e+00
-2.167374999999999829e+00
-2.143426999999999971e+00
-2.256441999999999837e+00
-2.167209999999999859e+00
-2.279479999999999951e+00
-2.135215000000000085e+00
-2.309438999999999798e+00
-2.347474000000000061e+00
-2.358610999999999791e+00
-2.243275000000000130e+00
-2.295166000000000039e+00
-2.330872999999999973e+00
-2.225932999999999939e+00
-2.324825999999999837e+00
-2.312749999999999861e+00
-2.284800000000000164e+00
-2.247595000000000010e+00
-2.255586000000000091e+00
-2.349533000000000094e+00
-2.174736999999999920e+00
-2.271857999999999933e+00
-2.105198000000000125e+00
-2.326273000000000035e+00
-2.023941000000000212e+00
-2.111419000000000157e+00
-2.028488999999999987e+00
-1.746401000000000092e+00
-2.163337999999999983e+00
-2.344021999999999828e+00
-2.279834999999999834e+00
-2.227205000000000101e+00
-2.260702999999999907e+00
-2.269801000000000180e+00
-2.323002999999999929e+00
-2.210787999999999975e+00
-2.330941000000000152e+00
-2.183491000000000071e+00
-2.280292000000000208e+00
-2.231415999999999844e+00
-2.318128999999999884e+00
-2.347357999999999834e+00
-2.254840000000000177e+00
-2.038057999999999925e+00
-1.999282999999999921e+00
-2.017345000000000166e+00
-2.169815999999999967e+00
-2.069779000000000035e+00
-1.951022999999999952e+00
-1.987918999999999992e+00
-2.009028999999999954e+00
-2.024261999999999784e+00
-2.129297000000000217e+00
-2.017662000000000067e+00
-1.736447999999999992e+00
-1.769784999999999942e+00
-1.760829999999999895e+00
-1.841936999999999935e+00
-1.926844999999999919e+00
-1.963584999999999914e+00
-2.149197000000000024e+00
-2.235183999999999838e+00
-2.178751999999999800e+00
-2.205093000000000192e+00
-2.121916999999999831e+00
-1.949886999999999926e+00
-1.974774000000000029e+00
-1.954653999999999892e+00
-1.977309999999999901e+00
-2.159177000000000124e+00
-2.157445000000000057e+00
-2.144270000000000120e+00
-2.222020000000000106e+00
-2.343963000000000019e+00
-2.142301999999999929e+00
-2.204244999999999788e+00
-2.202783000000000158e+00
-1.949384999999999923e+00
-2.053193999999999964e+00
-2.143273999999999901e+00
-2.134860999999999898e+00
-1.966701999999999950e+00
-2.096000999999999781e+00
-2.128713999999999995e+00
-2.110768999999999895e+00
-2.143858999999999959e+00
-2.035819000000000045e+00
-2.206069999999999975e+00
-2.137674000000000074e+00
-2.190364000000000200e+00
-2.251052000000000053e+00
-2.237569999999999837e+00
-2.226798000000000055e+00
-2.324304000000000148e+00
-2.323154000000000163e+00
-2.039919999999999956e+00
-1.961753999999999998e+00
-2.010397000000000212e+00
-1.964545999999999903e+00
-1.754566999999999988e+00
-1.720714999999999995e+00
-1.885075000000000056e+00
-1.738100999999999896e+00
-1.826694999999999958e+00
-1.671540999999999944e+00
-1.709113000000000104e+00
-2.014292000000000193e+00
-1.956280000000000019e+00
-1.954229999999999912e+00
-1.955464000000000091e+00
-1.866033000000000053e+00
-1.711562999999999946e+00
-1.823045000000000027e+00
-1.597990999999999939e+00
-1.750242999999999993e+00
-1.847660999999999998e+00
-1.757468999999999948e+00
-1.566330000000000000e+00
-1.514777000000000040e+00
-1.656649000000000038e+00
-1.797936999999999896e+00
-1.764435999999999893e+00
-1.822362000000000037e+00
-1.749044999999999961e+00
-1.742191000000000045e+00
-1.870006000000000057e+00
-1.812715999999999994e+00
-1.882578000000000085e+00
-1.905941000000000107e+00
-1.806407000000000096e+00
-1.953192999999999957e+00
-1.860527999999999960e+00
-1.758129000000000053e+00
-1.538993999999999973e+00
-1.506583000000000006e+00
-1.581808000000000103e+00
-1.640422999999999965e+00
-1.614664000000000099e+00
-1.566737999999999964e+00
-1.556880000000000042e+00
-1.569339000000000039e+00
-1.602646999999999933e+00
-1.633294000000000024e+00
-1.734034000000000075e+00
-1.629812000000000038e+00
-1.804529000000000050e+00
-1.582257000000000025e+00
-1.629998999999999976e+00
-1.526378000000000013e+00
-1.600632999999999972e+00
-1.589261999999999952e+00
-1.500998000000000054e+00
-1.600403999999999938e+00
-1.520394999999999941e+00
-1.785682999999999909e+00
-1.679829999999999934e+00
-1.693991000000000025e+00
-1.509368000000000043e+00
-1.718598000000000070e+00
-1.681164000000000103e+00
-2.014850000000000030e+00
-1.897475999999999940e+00
-1.907647000000000093e+00
-1.991735000000000033e+00
-2.023505999999999805e+00
-2.062133000000000216e+00
-1.938328999999999969e+00
-1.743087000000000053e+00
-1.572993000000000086e+00
-1.685081000000000051e+00
-1.592203999999999953e+00
-1.668522999999999978e+00
-1.778583000000000025e+00
-1.811841000000000035e+00
-1.790281999999999929e+00
-1.689510000000000067e+00
-1.657683999999999935e+00
-1.833690000000000042e+00
-2.040918000000000010e+00
-1.967378999999999989e+00
-1.762850000000000028e+00
-1.733662999999999954e+00
-1.631459999999999910e+00
-1.539301999999999948e+00
-1.518577000000000066e+00
-1.628252000000000033e+00
-1.747633999999999910e+00
-1.893898000000000081e+00
-1.833185999999999982e+00
-1.880471999999999921e+00
-2.163867999999999903e+00
-2.121806999999999999e+00
-2.058164000000000105e+00
-1.844584999999999919e+00
-1.874292999999999987e+00
-1.832432000000000061e+00
-1.933461000000000096e+00
-1.855941000000000063e+00
-1.976104000000000083e+00
-1.719645000000000090e+00
-1.875501000000000085e+00
-1.922201000000000048e+00
-1.825825000000000031e+00
-1.889821999999999891e+00
-1.707724999999999937e+00
-1.631599999999999939e+00
-1.782898000000000094e+00
-1.852138999999999980e+00
-1.558996000000000048e+00
-1.652091999999999894e+00
-1.732209000000000110e+00
-1.715858000000000105e+00
-1.782264999999999988e+00
-1.833034000000000052e+00
-2.005921999999999983e+00
-2.005904000000000131e+00
-2.142133999999999983e+00
-2.162701000000000207e+00
-2.014666000000000068e+00
-2.239122000000000057e+00
-2.240505999999999887e+00
-2.064464000000000077e+00
-1.964326999999999934e+00
-1.954433000000000087e+00
-1.971915000000000084e+00
-1.992439000000000071e+00
-2.150640999999999803e+00
-2.293257999999999797e+00
-2.168054000000000148e+00
-2.072871999999999826e+00
-1.889875999999999889e+00
-1.897092999999999918e+00
-1.847359999999999891e+00
-1.559477999999999920e+00
-1.517635999999999985e+00
-1.834391000000000105e+00
-1.983368000000000020e+00
-1.949759999999999938e+00
-2.182170999999999861e+00
-2.181068999999999924e+00
-2.204530999999999796e+00
-2.261556000000000122e+00
-2.288044000000000189e+00
-2.235936999999999841e+00
-2.189210999999999796e+00
-2.360231000000000190e+00
-2.178329000000000182e+00
-2.364628999999999870e+00
-2.331462999999999841e+00
-2.308149999999999924e+00
-2.358534999999999826e+00
2.252902999999999878e+00
2.363086000000000020e+00
2.213953000000000060e+00
2.329628000000000032e+00
2.137351999999999919e+00
2.363494000000000206e+00
2.364434999999999842e+00
2.359684000000000115e+00
2.323211000000000137e+00
2.294750000000000068e+00
2.326722000000000179e+00
2.234938999999999787e+00
2.336549999999999905e+00
2.358372999999999831e+00
2.303472999999999882e+00
2.358890999999999849e+00
2.367172000000000054e+00
2.321842999999999879e+00
2.216879000000000044e+00
2.128525999999999918e+00
1.998547999999999991e+00
2.277674000000000198e+00
2.163048999999999999e+00
2.337922999999999973e+00
2.174259999999999859e+00
2.261267000000000138e+00
1.995549999999999935e+00
2.280981999999999843e+00
2.208000000000000185e+00
2.200720000000000010e+00
2.119298000000000126e+00
2.016634999999999955e+00
1.960156999999999927e+00
2.042285999999999824e+00
2.027960999999999903e+00
1.957691999999999988e+00
1.968188000000000049e+00
1.968668000000000085e+00
1.998645000000000005e+00
2.177846999999999866e+00
2.297435000000000116e+00
2.335535000000000139e+00
2.290528999999999815e+00
2.330668999999999880e+00
2.294937000000000005e+00
2.249483999999999817e+00
2.290005999999999986e+00
2.173398999999999859e+00
2.355614999999999792e+00
2.136013000000000162e+00
2.143959999999999866e+00
2.208613000000000159e+00
2.231526000000000121e+00
2.284152999999999878e+00
2.145300000000000207e+00
2.122796999999999823e+00
1.977886000000000033e+00
1.953792999999999891e+00
2.030991000000000213e+00
2.101227000000000178e+00
2.271456000000000142e+00
2.187497000000000025e+00
2.238663999999999987e+00
2.247065999999999786e+00
2.002997999999999834e+00
2.228971000000000036e+00
2.226633999999999780e+00
2.017508999999999997e+00
2.152401999999999926e+00
2.144760000000000222e+00
2.174225999999999992e+00
1.898285999999999918e+00
1.829171000000000102e+00
1.948113999999999901e+00
2.013310000000000155e+00
1.857669000000000015e+00
1.849061000000000066e+00
1.565825000000000022e+00
1.651205000000000034e+00
1.781681999999999988e+00
1.905391000000000057e+00
1.718220999999999998e+00
1.746353999999999962e+00
1.760764999999999914e+00
1.777408000000000099e+00
1.855270999999999892e+00
1.775827000000000044e+00
1.891794999999999893e+00
1.990197999999999912e+00
2.072581000000000007e+00
2.008452999999999822e+00
2.079702000000000162e+00
2.114892000000000216e+00
1.972671999999999981e+00
1.826947000000000099e+00
1.931853000000000042e+00
2.059327000000000130e+00
1.911640999999999924e+00
1.805074999999999985e+00
1.820176999999999934e+00
1.715206000000000008e+00
1.834524999999999961e+00
1.946924000000000099e+00
1.907893000000000061e+00
1.938374000000000041e+00
1.944074000000000080e+00
1.980636999999999981e+00
1.938814000000000037e+00
1.953851999999999922e+00
2.231907000000000085e+00
2.308448999999999973e+00
2.208795999999999982e+00
2.244921000000000166e+00
2.233013999999999832e+00
2.132137000000000171e+00
2.033649000000000040e+00
2.257805999999999980e+00
2.073548999999999864e+00
2.190363000000000060e+00
2.256123999999999796e+00
2.133303999999999867e+00
1.990124000000000004e+00
2.026523000000000074e+00
2.020545999999999953e+00
1.935740999999999934e+00
1.849755999999999956e+00
1.789774999999999894e+00
1.723381000000000052e+00
1.745754000000000028e+00
1.928665000000000074e+00
1.813495000000000079e+00
1.881685000000000052e+00
1.761773000000000033e+00
1.793485999999999914e+00
1.746127999999999902e+00
1.732479000000000102e+00
1.534100000000000019e+00
1.731799000000000088e+00
1.787331999999999921e+00
1.684007000000000032e+00
1.604703999999999908e+00
1.639890999999999988e+00
1.735692999999999930e+00
1.658543000000000101e+00
1.825723999999999902e+00
1.791644999999999932e+00
1.656589000000000089e+00
1.691430999999999907e+00
1.568540999999999963e+00
1.677253000000000105e+00
1.696525999999999978e+00
1.873431000000000068e+00
1.837226999999999943e+00
1.811223999999999945e+00
1.620422000000000029e+00
1.618087000000000053e+00
1.657378999999999936e+00
1.571126999999999940e+00
1.809099000000000013e+00
1.664315999999999907e+00
1.576383000000000090e+00
1.724213999999999913e+00
1.904384999999999994e+00
1.813752000000000031e+00
1.792407000000000084e+00
1.848182999999999909e+00
1.689818999999999960e+00
1.636343000000000103e+00
1.502866000000000035e+00
1.552229000000000081e+00
1.530367999999999951e+00
1.502556999999999920e+00
1.603577999999999948e+00
1.524253999999999998e+00
1.718193999999999999e+00
1.687283000000000088e+00
1.706139000000000072e+00
1.656986999999999988e+00
1.700871999999999939e+00
1.751230000000000064e+00
1.790006999999999904e+00
1.830942000000000069e+00
1.591131999999999991e+00
1.733692000000000011e+00
1.666069000000000022e+00
1.933467999999999964e+00
1.842300999999999966e+00
1.752080000000000082e+00
1.783430000000000071e+00
1.814540999999999960e+00
1.710868999999999973e+00
1.683899000000000035e+00
1.755506000000000011e+00
1.543323999999999918e+00
1.558043000000000067e+00
1.584777000000000102e+00
1.729681000000000024e+00
1.737748999999999988e+00
1.559604999999999908e+00
1.797139999999999960e+00
1.694137999999999922e+00
1.573636000000000035e+00
1.548728000000000105e+00
1.525436000000000014e+00
1.557399999999999896e+00
1.665384999999999893e+00
1.651494999999999935e+00
1.513109999999999955e+00
1.542281999999999931e+00
1.517335000000000100e+00
1.624473000000000056e+00
1.498806000000000083e+00
1.556839000000000084e+00
1.730788999999999911e+00
1.794349999999999890e+00
1.755154000000000103e+00
1.639108000000000009e+00
1.761857000000000006e+00
1.863917000000000046e+00
1.876171999999999951e+00
2.118733999999999895e+00
1.705475999999999992e+00
1.891999999999999904e+00
1.581172999999999940e+00
1.898925999999999892e+00
1.912887999999999922e+00
1.854060999999999959e+00
1.852586000000000066e+00
1.720093000000000094e+00
1.778769999999999962e+00
1.804381000000000013e+00
1.858257999999999965e+00
1.912379999999999969e+00
2.106025999999999954e+00
1.952946000000000071e+00
2.090832999999999942e+00
2.071991000000000138e+00
1.965354000000000045e+00
1.991954000000000002e+00
2.020735000000000170e+00
2.186682999999999932e+00
2.161754999999999871e+00
2.325426999999999911e+00
2.040160000000000196e+00
2.033638999999999974e+00
1.924498999999999960e+00
2.255857999999999919e+00
2.345444999999999780e+00
2.341140999999999917e+00
2.337107000000000046e+00
2.094272000000000133e+00
2.024967000000000183e+00
2.054326999999999792e+00
2.185915000000000052e+00
2.077323999999999948e+00
1.748693999999999971e+00
1.937386999999999970e+00
2.233820999999999835e+00
2.191069999999999851e+00
2.184314000000000089e+00
2.338518000000000097e+00
2.323335999999999846e+00
2.082297000000000065e+00
2.234650999999999943e+00
2.231320000000000192e+00
2.301235999999999837e+00
2.292272000000000087e+00
2.153866999999999976e+00
2.247703000000000007e+00
2.364313000000000109e+00
2.347106999999999832e+00
-2.222703000000000095e+00
-2.220184000000000157e+00
-2.147075000000000067e+00
-2.291227000000000125e+00
-2.319523999999999919e+00
-2.209614999999999885e+00
-2.210392000000000134e+00
-2.028522000000000158e+00
-2.316867999999999927e+00
-2.217004999999999892e+00
-2.318071999999999910e+00
-2.249308000000000085e+00
-2.322818999999999967e+00
-2.204095000000000137e+00
-2.108490000000000197e+00
-2.295726999999999851e+00
-2.208947000000000216e+00
-2.250649000000000122e+00
-2.184587000000000057e+00
-2.246544000000000096e+00
-2.074749000000000176e+00
-2.264524999999999899e+00
-2.078740999999999950e+00
-2.265537000000000134e+00
-2.272731999999999974e+00
-2.174757000000000051e+00
-2.367913999999999852e+00
-2.267364999999999853e+00
-2.064928999999999792e+00
-2.285641000000000034e+00
-2.244066000000000116e+00
-2.363506000000000107e+00
-2.262583999999999929e+00
-2.327625999999999973e+00
-2.352558999999999845e+00
-2.332775999999999961e+00
-2.245540000000000092e+00
-2.273963000000000179e+00
-2.176813999999999805e+00
-2.317630999999999997e+00
-2.303465999999999791e+00
-2.148636999999999908e+00
-2.296030000000000015e+00
-2.345670999999999840e+00
-2.285686000000000107e+00
-2.136626000000000136e+00
-2.167212000000000138e+00
-2.261121999999999854e+00
-2.355154000000000192e+00
-2.046336000000000155e+00
-2.097609999999999975e+00
-2.288469999999999782e+00
-2.278255999999999837e+00
-2.337842000000000198e+00
-2.310046999999999962e+00
-2.059832999999999803e+00
-2.075398999999999994e+00
-2.087490999999999985e+00
-1.965708000000000011e+00
-2.109620000000000051e+00
-2.043962000000000057e+00
-1.987309999999999910e+00
-2.067454999999999821e+00
-1.830877000000000088e+00
-1.907837999999999923e+00
-1.953043000000000085e+00
-1.751374999999999904e+00
-1.822951999999999906e+00
-1.922687999999999953e+00
-1.566950000000000065e+00
-1.798364000000000074e+00
-1.972428999999999988e+00
-2.022352999999999845e+00
-2.007566000000000184e+00
-1.858943000000000012e+00
-1.819099000000000022e+00
-2.006469000000000058e+00
-1.803952999999999918e+00
-1.570808999999999900e+00
-1.503462000000000076e+00
-1.530202000000000062e+00
-1.628011000000000097e+00
-1.562570999999999932e+00
-1.613669000000000020e+00
-1.594144000000000005e+00
-1.739376000000000033e+00
-1.826068000000000024e+00
-1.800802999999999932e+00
-1.687291000000000096e+00
-1.526311999999999891e+00
-1.529438999999999993e+00
-1.523192000000000101e+00
-1.679410000000000069e+00
-1.548640000000000017e+00
-1.589434999999999931e+00
-1.541435000000000111e+00
-1.631051000000000029e+00
-1.499031000000000002e+00
-1.570497000000000032e+00
-1.525030000000000108e+00
-1.549330000000000096e+00
-1.530842999999999954e+00
-1.509584999999999955e+00
-1.527239999999999931e+00
-1.602282999999999902e+00
-1.663079999999999892e+00
-1.691810999999999954e+00
-1.675237000000000087e+00
-1.702528999999999959e+00
-1.724868000000000068e+00
-1.568260999999999905e+00
-1.813749000000000056e+00
-1.696587000000000067e+00
-1.655364000000000058e+00
-1.587601999999999958e+00
-1.581347000000000058e+00
-1.574721000000000037e+00
-1.734726999999999908e+00
-1.522764000000000006e+00
-1.604627000000000026e+00
-1.767389000000000099e+00
-1.527805000000000080e+00
-1.724226999999999954e+00
-1.516861000000000015e+00
-1.580743000000000009e+00
-1.659979000000000093e+00
-1.761535999999999991e+00
-1.671235000000000026e+00
-1.731711999999999918e+00
-1.662226999999999899e+00
-1.662130000000000107e+00
-1.628052000000000055e+00
-1.574807999999999986e+00
-1.578281999999999963e+00
-1.542985999999999969e+00
-1.555584999999999996e+00
-1.628787999999999903e+00
-1.535182000000000047e+00
-1.543363000000000040e+00
-1.632139000000000006e+00
-1.779932999999999987e+00
-1.682107999999999937e+00
-1.645097999999999949e+00
-1.758748999999999896e+00
-1.776753000000000027e+00
-1.974677999999999933e+00
-1.834141999999999939e+00
-1.882341000000000042e+00
-1.706776999999999989e+00
-1.784057999999999922e+00
-1.548311999999999911e+00
-1.670538999999999996e+00
-1.850980999999999987e+00
-1.778278999999999943e+00
-1.569088999999999956e+00
-1.551949999999999941e+00
-1.656960999999999906e+00
-1.524081000000000019e+00
-1.689275000000000082e+00
-1.712717000000000045e+00
-1.722080999999999973e+00
-1.727708999999999939e+00
-1.763420999999999905e+00
-1.626354999999999995e+00
-1.596008000000000093e+00
-1.715510000000000090e+00
-1.530615999999999977e+00
-1.571150000000000047e+00
-1.730831000000000008e+00
-1.590575999999999990e+00
-1.865167999999999937e+00
-1.784991999999999912e+00
-1.735108000000000095e+00
-1.868163999999999936e+00
-1.939716999999999913e+00
-1.717603999999999909e+00
-1.718652000000000069e+00
-1.716275999999999913e+00
-1.775074000000000041e+00
-1.597526999999999919e+00
-1.655996000000000024e+00
-1.668700999999999990e+00
-1.632222999999999979e+00
-1.826435000000000031e+00
-1.964399999999999924e+00
-1.899939999999999962e+00
-1.811606999999999967e+00
-1.935478999999999949e+00
-1.724941000000000058e+00
-1.873741000000000101e+00
-1.780672999999999950e+00
-1.853850999999999916e+00
-1.794658000000000087e+00
-1.949605999999999950e+00
-1.849094000000000015e+00
-1.824797000000000002e+00
-2.014654999999999863e+00
-2.057176999999999811e+00
-2.092731000000000119e+00
-2.238208000000000197e+00
-2.262572000000000028e+00
-2.240747999999999962e+00
-2.197074000000000193e+00
-2.216530999999999807e+00
-2.101644999999999985e+00
-2.089456000000000202e+00
-2.225757999999999903e+00
-1.946681000000000106e+00
-2.097335000000000171e+00
-2.294080999999999815e+00
-2.266547000000000089e+00
-2.299678999999999807e+00
-2.342779000000000167e+00
-2.160721999999999809e+00
-2.142669999999999852e+00
-2.255291999999999852e+00
-2.121820000000000039e+00
-2.359389000000000181e+00
-2.336632999999999960e+00
-2.300453000000000081e+00
-2.125931000000000015e+00
-2.186198000000000086e+00
-1.997252999999999945e+00
-2.033739999999999881e+00
-2.072487000000000190e+00
-1.908829000000000109e+00
-2.329344999999999999e+00
-2.324040999999999801e+00
-2.240801999999999961e+00
-2.098386000000000084e+00
-1.954183000000000003e+00
-1.915183000000000080e+00
-1.910268000000000077e+00
-2.107343999999999884e+00
-2.084977999999999998e+00
-2.250342999999999982e+00
-2.056604999999999794e+00
-1.879334999999999978e+00
-1.960606000000000071e+00
-1.873323000000000071e+00
-1.900187999999999988e+00
-1.890727000000000046e+00
-1.911915999999999949e+00
-1.963418000000000108e+00
-2.024802999999999908e+00
-2.120973000000000219e+00
-2.047220999999999957e+00
-2.267624999999999780e+00
-2.054921999999999915e+00
-2.042818000000000023e+00
-2.055477000000000221e+00
-1.788016999999999967e+00
-2.009980999999999796e+00
-2.026488000000000067e+00
-2.074183999999999806e+00
-2.251606999999999914e+00
-2.226850000000000218e+00
-2.280823999999999963e+00
-2.293994000000000089e+00
-2.061536999999999953e+00
-1.957316000000000056e+00
-2.039245999999999892e+00
-2.201259999999999994e+00
-2.333238999999999841e+00
-2.319834999999999869e+00
-2.330141999999999936e+00
-2.340167999999999804e+00
-2.231942999999999788e+00
-2.267927999999999944e+00
-2.288138000000000005e+00
-2.309773999999999994e+00
-2.147181999999999924e+00
-2.156562999999999786e+00
-2.146275000000000155e+00
-2.102355999999999892e+00
-2.136963000000000168e+00
-1.956512000000000029e+00
-1.868662000000000045e+00
-1.790202000000000071e+00
-1.810845000000000038e+00
-1.941281999999999952e+00
-1.706687999999999983e+00
-1.847655000000000047e+00
-1.867925999999999975e+00
-1.790607000000000060e+00
-1.937454000000000010e+00
-2.025329999999999853e+00
-2.015359999999999818e+00
-2.059255999999999975e+00
-2.111005000000000020e+00
-1.944476000000000093e+00
-1.824592999999999909e+00
-1.850432999999999995e+00
-1.977303999999999951e+00
-1.887893000000000043e+00
-1.981638999999999928e+00
-1.861812000000000022e+00
-2.003261000000000180e+00
-2.072767999999999944e+00
-1.989020999999999928e+00
-1.985768999999999895e+00
-1.905987000000000098e+00
-1.674312000000000022e+00
-1.658004000000000033e+00
-1.773643000000000081e+00
-1.747192999999999996e+00
-1.869110000000000049e+00
-2.019960000000000200e+00
-2.179368000000000194e+00
-2.228399000000000019e+00
-2.198285999999999962e+00
-2.043925999999999910e+00
-2.049138000000000126e+00
-2.226402999999999910e+00
-2.283635999999999999e+00
-2.328291000000000111e+00
-2.299259000000000164e+00
-2.329889999999999795e+00
-2.037834999999999841e+00
-2.122815999999999814e+00
-2.139855999999999980e+00
-2.230971999999999955e+00
-2.314427999999999930e+00
-2.119420999999999999e+00
-2.101189000000000195e+00
-2.133795000000000108e+00
-1.986567999999999889e+00
-2.085245000000000015e+00
-2.127540999999999904e+00
-2.174780000000000157e+00
-2.189041000000000015e+00
-2.230102000000000029e+00
-2.155705999999999900e+00
-2.045920000000000183e+00
-2.348253000000000146e+00
-2.304542000000000090e+00
-2.223177000000000181e+00
-2.273426000000000169e+00
-2.107619999999999827e+00
-2.173506999999999856e+00
-2.223739000000000132e+00
-2.257210000000000161e+00
-2.075600999999999807e+00
-2.158075999999999883e+00
-2.120283000000000140e+00
-2.209490999999999872e+00
-2.104011999999999993e+00
-2.217191000000000134e+00
-2.025863999999999887e+00
-1.890414999999999957e+00
-2.156162999999999830e+00
-2.194459999999999855e+00
-2.018000999999999934e+00
-1.957753999999999994e+00
-2.127142000000000088e+00
-2.127010999999999985e+00
-2.096957999999999878e+00
-1.876133000000000051e+00
-2.100816000000000017e+00
-2.154259999999999842e+00
-2.229001999999999928e+00
-2.330195999999999934e+00
-2.102975999999999956e+00
-1.997911999999999910e+00
-1.907710000000000017e+00
-1.900878999999999985e+00
-1.872816000000000036e+00
-1.841788999999999898e+00
-1.794024000000000063e+00
-1.832931000000000088e+00
-1.849610999999999894e+00
-1.959362000000000048e+00
-1.809287000000000090e+00
-2.132579999999999920e+00
-2.107943000000000122e+00
-2.036299000000000081e+00
-1.991406999999999927e+00
-2.211294999999999789e+00
-1.990377999999999981e+00
-1.924658999999999898e+00
-1.992896000000000001e+00
-2.005307999999999868e+00
-2.025504999999999889e+00
-1.977152000000000021e+00
-1.816260999999999903e+00
-1.890352999999999950e+00
-1.956922999999999968e+00
-1.903604000000000074e+00
-1.900312000000000001e+00
-2.151701999999999781e+00
-1.913532000000000011e+00
-1.727686999999999973e+00
-1.648228999999999944e+00
-1.717033999999999949e+00
-1.875544000000000100e+00
-1.867701000000000056e+00
-2.005770000000000053e+00
-1.764523000000000064e+00
-2.081440999999999875e+00
-2.109649999999999803e+00
-1.971514999999999906e+00
-1.913019999999999943e+00
-1.940998999999999919e+00
-2.000417000000000112e+00
-1.970639000000000030e+00
-2.281147999999999954e+00
-1.933345000000000091e+00
-2.074873000000000189e+00
-2.187866999999999784e+00
-2.116163999999999934e+00
-1.993033999999999972e+00
-1.837844999999999951e+00
-1.728307999999999955e+00
-2.016791000000000000e+00
-2.082948000000000022e+00
-1.965427000000000035e+00
-1.931907999999999959e+00
-2.012198000000000153e+00
-1.966958999999999902e+00
-2.163492999999999888e+00
-1.977881999999999918e+00
-2.067645000000000177e+00
-2.025503000000000053e+00
-2.248578999999999883e+00
-2.253331000000000195e+00
-2.125582999999999778e+00
-2.088128999999999902e+00
-2.117176999999999865e+00
-2.031407000000000185e+00
-1.896416000000000102e+00
-1.857221000000000011e+00
-1.579922000000000049e+00
-1.653845000000000010e+00
-1.553528999999999938e+00
-1.708407999999999927e+00
-1.835020000000000095e+00
-1.748698000000000086e+00
-1.816279999999999895e+00
-1.715292999999999957e+00
-1.680978000000000083e+00
-1.858370000000000077e+00
-1.548021000000000091e+00
-1.574217999999999895e+00
-1.753263999999999934e+00
-1.792148000000000074e+00
-1.776512000000000091e+00
-1.940493999999999941e+00
-2.023461000000000176e+00
-2.002261999999999986e+00
-2.147923000000000027e+00
-2.010304000000000091e+00
-1.891580999999999957e+00
-2.056944999999999801e+00
-2.139797000000000171e+00
-2.302363000000000159e+00
-2.225941000000000169e+00
-1.882743000000000055e+00
-1.805306999999999995e+00
-2.044993999999999978e+00
-1.993536999999999892e+00
-1.934647000000000006e+00
-2.056217999999999879e+00
-2.219288999999999845e+00
-2.360578999999999983e+00
-2.326405999999999974e+00
-2.140312000000000214e+00
-2.187308999999999948e+00
-2.054876999999999843e+00
-1.904590999999999923e+00
-2.005784999999999929e+00
-1.810087000000000002e+00
-2.102126999999999857e+00
-1.841796999999999906e+00
-1.686152000000000095e+00
-1.855976000000000070e+00
-1.695497000000000032e+00
-1.738690999999999987e+00
-1.909812000000000065e+00
-1.756537000000000015e+00
-1.765390000000000015e+00
-1.847633000000000081e+00
-2.066971999999999809e+00
-2.140855999999999870e+00
-1.983254999999999990e+00
-1.783644000000000007e+00
-1.762264000000000053e+00
-2.086635999999999935e+00
-2.008291999999999966e+00
-2.005745000000000111e+00
-1.854454999999999965e+00
-1.906471000000000027e+00
-2.002412000000000081e+00
-1.898876999999999926e+00
-1.915140000000000065e+00
-1.966382999999999992e+00
-1.929351999999999956e+00
-1.802124999999999977e+00
-1.770699999999999941e+00
-1.925958999999999977e+00
-1.954650999999999916e+00
-1.881876000000000104e+00
-1.982440999999999898e+00
-1.788027999999999951e+00
-1.551420999999999939e+00
-1.710039000000000087e+00
-1.676247000000000043e+00
-1.728031000000000095e+00
-1.825930000000000053e+00
-1.658978999999999981e+00
-1.554156000000000093e+00
-1.599993999999999916e+00
-1.626252999999999949e+00
-2.024249000000000187e+00
-1.971913000000000027e+00
-1.937562999999999924e+00
-1.807052000000000103e+00
-1.984852000000000061e+00
-1.890997000000000039e+00
-2.019128999999999952e+00
-2.155412999999999801e+00
-2.204105000000000203e+00
-2.352929000000000048e+00
-2.299779000000000018e+00
-2.334125999999999923e+00
-2.261401000000000217e+00
-2.158119000000000121e+00
-2.118784999999999918e+00
-2.319761000000000184e+00
-2.290096999999999827e+00
-2.197125999999999912e+00
-2.265826000000000118e+00
-2.361495999999999817e+00
-2.296190999999999871e+00
-2.168311999999999795e+00
-2.180722999999999967e+00
2.331230000000000135e+00
2.361235000000000195e+00
2.220197000000000198e+00
2.171848999999999918e+00
2.309004999999999974e+00
2.237179999999999946e+00
2.265820999999999863e+00
2.364003999999999994e+00
2.202023000000000064e+00
2.170301999999999953e+00
2.278683000000000014e+00
2.201722999999999875e+00
2.270059999999999967e+00
2.274875000000000203e+00
2.303268999999999789e+00
2.238083000000000045e+00
2.283612000000000197e+00
2.267739000000000171e+00
2.256669000000000036e+00
2.199263999999999886e+00
2.326639000000000124e+00
2.224664000000000197e+00
2.279596000000000178e+00
2.222939999999999916e+00
2.151339000000000112e+00
2.325162999999999869e+00
2.266640000000000210e+00
2.228385999999999978e+00
2.247614000000000001e+00
2.213392999999999944e+00
2.227965999999999891e+00
2.335805999999999827e+00
2.333219000000000154e+00
2.203276999999999930e+00
2.175699999999999967e+00
2.121573999999999849e+00
2.266192999999999902e+00
2.303344000000000058e+00
2.062187000000000214e+00
2.069106000000000112e+00
2.121017999999999848e+00
2.094755000000000145e+00
2.116994000000000042e+00
2.200470999999999844e+00
1.872192999999999996e+00
1.917594999999999938e+00
2.008789000000000158e+00
1.992024999999999935e+00
1.862001000000000017e+00
1.940588999999999897e+00
1.918282000000000043e+00
2.134072999999999887e+00
2.030721999999999916e+00
2.112715000000000121e+00
2.110095999999999972e+00
2.103375999999999912e+00
2.112950999999999802e+00
2.009844000000000186e+00
2.152648999999999813e+00
2.217802999999999969e+00
2.088805999999999941e+00
2.237772000000000094e+00
2.239663999999999877e+00
2.308501999999999832e+00
2.275580999999999854e+00
2.231396000000000157e+00
2.209763000000000144e+00
2.226942000000000199e+00
2.203289999999999971e+00
2.063099999999999934e+00
1.977071999999999941e+00
2.009043000000000134e+00
2.058313000000000059e+00
2.281301000000000023e+00
2.231377000000000166e+00
2.346337000000000117e+00
2.178577000000000208e+00
2.065764000000000156e+00
2.167199999999999793e+00
2.096934000000000076e+00
2.347637000000000196e+00
2.127641999999999811e+00
2.252508000000000177e+00
2.368291000000000146e+00
2.191374999999999851e+00
2.262885999999999953e+00
2.201655999999999835e+00
2.155432999999999932e+00
2.165719999999999867e+00
2.276953999999999922e+00
2.299379000000000062e+00
2.309988999999999848e+00
2.360351999999999784e+00
2.301283999999999885e+00
2.307472999999999885e+00
2.335993000000000208e+00
2.259180000000000188e+00
2.319847999999999910e+00
2.352113999999999816e+00
2.328227000000000046e+00
2.365905000000000147e+00
2.253524999999999778e+00
2.203219999999999956e+00
2.269830999999999932e+00
2.357222999999999846e+00
2.276549000000000156e+00
2.273948999999999998e+00
2.265028000000000041e+00
2.279526000000000163e+00
2.096534000000000120e+00
2.243529999999999802e+00
2.080449000000000215e+00
1.873364000000000029e+00
2.128496000000000166e+00
2.072747000000000117e+00
2.058902999999999928e+00
1.976504000000000039e+00
1.825725000000000042e+00
1.981238999999999972e+00
1.980134000000000061e+00
2.056594000000000033e+00
1.938266000000000044e+00
2.045872000000000135e+00
1.982461000000000029e+00
1.858025999999999955e+00
2.033520000000000216e+00
2.165598999999999830e+00
2.060074000000000183e+00
2.036014000000000213e+00
2.005004000000000008e+00
2.114578999999999986e+00
2.240879000000000065e+00
2.176124999999999865e+00
2.241915000000000102e+00
2.065274000000000054e+00
2.130465000000000053e+00
2.109297000000000200e+00
1.983719999999999928e+00
2.087787000000000059e+00
2.121985000000000010e+00
2.293422000000000072e+00
2.077519999999999811e+00
2.096725999999999868e+00
1.961248000000000102e+00
2.152266000000000012e+00
2.242805999999999855e+00
2.028236999999999846e+00
1.973386000000000084e+00
2.177808000000000188e+00
2.104509000000000185e+00
2.277280999999999889e+00
2.306210000000000093e+00
2.083880000000000177e+00
1.982682000000000055e+00
2.137265999999999888e+00
1.993441000000000018e+00
2.016519999999999868e+00
1.936754000000000087e+00
1.989635000000000042e+00
2.142522000000000038e+00
2.266950000000000021e+00
2.354855999999999838e+00
2.087931000000000203e+00
2.213705000000000034e+00
2.300116000000000049e+00
2.287390999999999952e+00
2.351681000000000132e+00
2.182138999999999829e+00
2.135479999999999823e+00
2.305798999999999932e+00
2.125115999999999783e+00
2.230348999999999915e+00
2.150488000000000177e+00
2.230795000000000083e+00
2.262464000000000031e+00
2.204077999999999982e+00
2.075172999999999934e+00
2.135257999999999878e+00
1.938946999999999976e+00
1.978793999999999942e+00
1.870834000000000108e+00
1.982534999999999936e+00
1.689875000000000016e+00
1.858343000000000078e+00
1.954781000000000102e+00
2.010027000000000008e+00
2.141039000000000136e+00
2.127707000000000015e+00
2.369000999999999912e+00
2.264566999999999997e+00
2.127921999999999869e+00
2.253454000000000068e+00
-2.295506000000000046e+00
2.310486000000000040e+00
2.238952999999999971e+00
2.355945000000000178e+00
2.306071000000000204e+00
2.222353000000000023e+00
1.909931000000000045e+00
2.000310999999999950e+00
1.997398999999999925e+00
2.087441999999999798e+00
2.253347000000000211e+00
2.343036000000000119e+00
2.312905000000000211e+00
2.293578999999999812e+00
2.223990000000000133e+00
2.200445000000000206e+00
2.336253999999999831e+00
2.198736999999999941e+00
2.311068000000000122e+00
2.269982999999999862e+00
2.146234000000000197e+00
2.302814000000000139e+00
2.274500000000000188e+00
2.312019999999999964e+00
2.262480000000000047e+00
2.239818000000000087e+00
2.301700999999999997e+00
2.215342999999999840e+00
2.225897999999999932e+00
2.356641999999999904e+00
2.159569999999999990e+00
2.301642999999999883e+00
2.155394999999999950e+00
2.047896999999999856e+00
2.150653999999999844e+00
2.240959000000000145e+00
2.321868999999999961e+00
2.136668999999999929e+00
2.145207999999999782e+00
2.158669999999999867e+00
2.123941999999999997e+00
2.045202000000000186e+00
2.085808000000000106e+00
1.853920000000000012e+00
1.962688999999999906e+00
2.276823999999999959e+00
2.068401999999999852e+00
2.016176000000000190e+00
2.105090000000000128e+00
2.090780999999999779e+00
2.141335000000000210e+00
2.234990999999999950e+00
2.216095000000000148e+00
2.277004999999999946e+00
2.221004999999999896e+00
2.261766000000000165e+00
2.233855999999999842e+00
2.280041999999999902e+00
2.108626999999999807e+00
2.135594999999999910e+00
2.056299000000000099e+00
1.977087000000000039e+00
2.077122999999999831e+00
2.028192999999999913e+00
2.075181000000000164e+00
2.027880999999999823e+00
2.086729000000000056e+00
1.906555999999999917e+00
1.799649000000000054e+00
1.833101000000000091e+00
1.877126999999999990e+00
1.852792999999999912e+00
2.010247999999999813e+00
1.894071999999999978e+00
1.796551000000000009e+00
1.984961999999999893e+00
2.211145000000000138e+00
2.074699999999999989e+00
2.249732999999999983e+00
2.211863999999999830e+00
2.188009999999999788e+00
1.927624999999999922e+00
1.953588000000000102e+00
2.110345000000000137e+00
2.229483999999999799e+00
2.231914000000000176e+00
2.167631000000000085e+00
1.829652999999999974e+00
2.028092000000000006e+00
2.001177999999999901e+00
2.262077000000000115e+00
2.163572999999999968e+00
1.917640999999999929e+00
1.973722999999999894e+00
2.142256000000000160e+00
1.756051000000000029e+00
1.839410999999999907e+00
1.878697999999999979e+00
1.805482000000000031e+00
2.046069999999999833e+00
1.949867999999999935e+00
1.915564999999999962e+00
1.806338999999999917e+00
1.983859999999999957e+00
1.907291000000000070e+00
2.109566000000000052e+00
2.287221999999999866e+00
2.353289000000000186e+00
2.212406999999999790e+00
2.292041000000000217e+00
2.219659000000000049e+00
2.249900999999999929e+00
2.032464000000000048e+00
2.156597999999999793e+00
2.258194000000000035e+00
2.323402000000000189e+00
2.253284999999999982e+00
2.271424000000000110e+00
2.177386999999999961e+00
2.148137000000000185e+00
2.013314999999999966e+00
2.021389000000000102e+00
1.935815999999999981e+00
2.056182000000000176e+00
1.845312999999999981e+00
1.825034999999999963e+00
1.751081000000000110e+00
1.636689999999999978e+00
1.586751999999999940e+00
1.682171000000000083e+00
1.671019000000000032e+00
1.858546999999999949e+00
1.795474999999999932e+00
1.832873999999999892e+00
1.750594999999999901e+00
1.794302999999999981e+00
1.770053000000000099e+00
1.867129000000000039e+00
2.041849000000000025e+00
2.062536999999999843e+00
1.879537999999999931e+00
2.188346000000000124e+00
2.129281000000000201e+00
1.916160000000000085e+00
1.934711000000000070e+00
1.663545999999999969e+00
1.877631000000000050e+00
2.159443000000000001e+00
1.974512999999999963e+00
1.928616000000000108e+00
1.958765000000000089e+00
1.801522999999999985e+00
1.824761000000000077e+00
2.065452000000000066e+00
1.958021000000000011e+00
1.972177999999999987e+00
2.078127999999999975e+00
2.123705000000000176e+00
2.017148999999999859e+00
1.902694000000000107e+00
1.792303999999999897e+00
1.957335999999999965e+00
1.691149999999999931e+00
2.033856000000000108e+00
1.966631999999999936e+00
1.930115000000000025e+00
1.941912000000000083e+00
2.014137999999999984e+00
1.837485999999999953e+00
1.918782999999999905e+00
1.726588999999999929e+00
1.768569000000000058e+00
1.584792999999999896e+00
1.666241000000000083e+00
1.820043000000000077e+00
2.077545000000000197e+00
2.193779999999999841e+00
1.932320999999999955e+00
1.841110000000000024e+00
2.124157999999999991e+00
1.734393000000000074e+00
1.820861000000000063e+00
1.833903999999999979e+00
1.743897999999999948e+00
1.754877999999999938e+00
1.526000000000000023e+00
1.567258999999999958e+00
1.692328000000000054e+00
1.966379000000000099e+00
1.903151999999999955e+00
1.596913000000000027e+00
1.538156999999999996e+00
1.551508000000000109e+00
1.645947999999999967e+00
1.772926999999999920e+00
1.970960000000000045e+00
1.601930000000000076e+00
1.857083000000000039e+00
1.764807999999999932e+00
1.656908000000000047e+00
1.862537000000000109e+00
1.845725000000000060e+00
1.684960999999999931e+00
1.703810000000000047e+00
1.616176999999999975e+00
1.628638999999999948e+00
1.571029000000000009e+00
1.625348999999999933e+00
1.515095000000000081e+00
1.732809999999999961e+00
1.610047999999999924e+00
1.523103000000000096e+00
1.674665000000000070e+00
1.617302999999999935e+00
1.724639000000000033e+00
1.579021999999999926e+00
1.614602000000000093e+00
1.731184999999999974e+00
1.519649000000000028e+00
1.558875999999999928e+00
1.686817000000000011e+00
1.755505000000000093e+00
1.719387999999999916e+00
1.853035999999999905e+00
1.881099000000000077e+00
1.948471000000000064e+00
1.728568000000000104e+00
1.782191000000000081e+00
1.667669000000000068e+00
1.741028000000000020e+00
1.758440999999999921e+00
1.555336999999999970e+00
1.736818999999999891e+00
1.607906999999999975e+00
1.721945999999999977e+00
1.878838999999999926e+00
1.737373999999999974e+00
1.742494999999999905e+00
1.871277999999999997e+00
1.679686999999999930e+00
1.847436999999999996e+00
1.703421999999999992e+00
1.529417999999999944e+00
1.663672999999999957e+00
1.808245000000000102e+00
1.696655000000000024e+00
1.575051999999999897e+00
1.789924999999999988e+00
1.954280999999999935e+00
1.705222000000000016e+00
1.788132999999999972e+00
1.891744000000000092e+00
1.925713999999999926e+00
1.814137000000000111e+00
1.621345999999999954e+00
1.875442999999999971e+00
1.989826000000000095e+00
2.042275000000000063e+00
2.166784999999999961e+00
2.069656000000000162e+00
1.999675000000000091e+00
1.997905999999999960e+00
1.936700000000000088e+00
1.923037000000000107e+00
2.050854000000000177e+00
1.990782000000000052e+00
1.965392999999999946e+00
1.859232999999999913e+00
1.909365999999999897e+00
2.002467000000000219e+00
2.114450000000000163e+00
2.078561999999999799e+00
2.078066000000000191e+00
2.151012999999999842e+00
2.140318000000000165e+00
1.925118000000000107e+00
1.724121999999999932e+00
1.775565999999999978e+00
1.793466999999999922e+00
1.709039999999999893e+00
1.558799999999999963e+00
1.602319000000000049e+00
1.702393000000000045e+00
1.892759999999999998e+00
1.948641999999999985e+00
1.659400999999999904e+00
1.621064999999999978e+00
1.898177000000000003e+00
1.949119999999999964e+00
1.832082999999999906e+00
1.888970000000000038e+00
1.907195999999999891e+00
1.877202999999999955e+00
1.734947999999999935e+00
1.769128000000000034e+00
1.656064999999999898e+00
1.651407999999999987e+00
1.606414000000000009e+00
1.754288999999999987e+00
1.663216999999999945e+00
1.603439000000000059e+00
1.665381000000000000e+00
1.587321999999999900e+00
1.507589000000000068e+00
1.726021000000000027e+00
1.779274000000000022e+00
1.777452000000000032e+00
1.599029999999999951e+00
1.689724000000000004e+00
1.651505999999999919e+00
1.760162999999999922e+00
1.646795999999999927e+00
1.758532999999999902e+00
1.538421999999999956e+00
1.786562999999999901e+00
1.648789999999999978e+00
1.574429999999999996e+00
1.501447999999999894e+00
1.617569999999999952e+00
1.564848000000000017e+00
1.636818000000000106e+00
1.667226000000000097e+00
1.676426999999999889e+00
1.605159000000000002e+00
1.651688999999999963e+00
1.702261999999999942e+00
1.562321000000000071e+00
1.513681000000000054e+00
1.505120999999999931e+00
1.566308000000000034e+00
1.598041000000000045e+00
1.923416999999999932e+00
1.598921999999999954e+00
1.818926999999999961e+00
1.703451999999999966e+00
1.913844000000000101e+00
1.830487999999999893e+00
1.870829999999999993e+00
1.744172999999999973e+00
1.961014000000000035e+00
1.752931999999999935e+00
1.611915999999999904e+00
1.843879000000000046e+00
1.831053000000000042e+00
1.793760000000000021e+00
1.916722999999999955e+00
1.962850999999999901e+00
1.635752000000000095e+00
1.543174000000000046e+00
1.705656000000000061e+00
1.665729999999999933e+00
1.841515999999999931e+00
1.825601999999999947e+00
1.869105999999999934e+00
1.891494999999999926e+00
1.833042000000000060e+00
1.702784999999999993e+00
1.610042999999999891e+00
1.578858000000000095e+00
1.532896000000000036e+00
1.582057999999999964e+00
1.656957999999999931e+00
1.541741000000000028e+00
1.596732000000000040e+00
1.687705999999999928e+00
1.540548999999999946e+00
1.582899000000000056e+00
1.517511999999999972e+00
1.498250999999999999e+00
