3.492684999999999818e+00
3.248780000000000001e+00
2.976437999999999917e+00
2.807612000000000219e+00
-3.194598000000000049e+00
-3.497111999999999998e+00
-3.340386000000000077e+00
-3.217900999999999900e+00
-3.069544000000000050e+00
-2.951229000000000102e+00
-2.941682000000000130e+00
-2.624242000000000186e+00
-2.613242000000000065e+00
-2.832181999999999977e+00
-2.554587999999999859e+00
-2.860984999999999889e+00
-2.986404999999999976e+00
-2.972245000000000026e+00
-2.474241000000000135e+00
-2.944824000000000108e+00
-3.249483000000000121e+00
-3.120147999999999922e+00
-3.065132999999999885e+00
-3.012258000000000102e+00
-3.083607999999999905e+00
-3.221544000000000185e+00
-2.970956999999999848e+00
-3.040667000000000009e+00
-2.959099999999999842e+00
-3.095492999999999828e+00
-3.059485000000000010e+00
-2.931214999999999904e+00
-3.078221999999999792e+00
-3.125875000000000181e+00
-3.309486999999999846e+00
-3.071940999999999811e+00
-2.959728000000000137e+00
-2.895265999999999895e+00
-3.969828000000000134e+00
4.123930999999999791e+00
3.758478000000000208e+00
3.877810000000000201e+00
3.351706000000000074e+00
3.081587999999999994e+00
3.486934999999999896e+00
4.393097000000000030e+00
3.915735000000000188e+00
3.270036000000000165e+00
3.265391999999999850e+00
3.522469000000000072e+00
3.460332999999999881e+00
3.565374999999999961e+00
3.662462000000000106e+00
3.402571000000000012e+00
3.314150999999999847e+00
3.631421000000000010e+00
3.250499000000000027e+00
3.653315000000000090e+00
3.551384999999999792e+00
3.482641999999999793e+00
3.769956999999999780e+00
3.914505000000000123e+00
3.965467999999999993e+00
3.416278000000000148e+00
3.559343999999999841e+00
3.669020000000000170e+00
3.608127999999999780e+00
3.220165000000000166e+00
3.151721000000000217e+00
3.415716999999999892e+00
3.661570000000000213e+00
3.594916000000000000e+00
3.652502999999999833e+00
2.325825000000000031e+00
2.763535000000000075e+00
2.577903000000000056e+00
2.620267999999999819e+00
2.637067000000000050e+00
2.557326000000000210e+00
2.602339999999999876e+00
2.701928000000000107e+00
2.690984999999999960e+00
2.603159999999999918e+00
2.729115000000000180e+00
2.754192000000000196e+00
2.848163000000000000e+00
2.717023000000000188e+00
2.575209000000000081e+00
2.586230000000000029e+00
2.446858000000000199e+00
2.547042999999999946e+00
2.560837999999999948e+00
2.509761999999999826e+00
2.531268999999999991e+00
2.414499999999999869e+00
2.451224999999999987e+00
2.501724999999999977e+00
2.621767999999999876e+00
2.693395000000000206e+00
2.461341000000000001e+00
2.364799000000000095e+00
2.442222000000000115e+00
2.504967000000000166e+00
2.422381000000000117e+00
2.363048000000000037e+00
2.510127999999999915e+00
2.633490999999999804e+00
2.623397000000000201e+00
2.618174999999999919e+00
2.685932999999999904e+00
2.804628999999999817e+00
2.696292999999999829e+00
2.712533999999999779e+00
2.755462000000000078e+00
2.590030000000000054e+00
2.502231000000000094e+00
2.662014999999999798e+00
2.599438000000000137e+00
2.613122999999999863e+00
2.609875000000000167e+00
2.604804999999999815e+00
2.964738000000000095e+00
2.860860000000000181e+00
3.028305000000000025e+00
2.582883999999999958e+00
2.573094000000000214e+00
2.702037999999999940e+00
2.754348999999999936e+00
2.628226999999999869e+00
2.589493000000000045e+00
2.593534000000000006e+00
2.569189000000000167e+00
2.476519999999999833e+00
2.505405999999999800e+00
2.386165999999999787e+00
2.413086999999999982e+00
2.599254999999999871e+00
2.469358999999999860e+00
2.422848000000000113e+00
2.433707000000000065e+00
2.601954999999999796e+00
2.507782999999999873e+00
2.627991000000000188e+00
2.450222000000000122e+00
2.567556999999999867e+00
2.527662999999999993e+00
2.826262999999999970e+00
2.869426999999999950e+00
2.861673000000000133e+00
3.025538000000000061e+00
3.276213999999999960e+00
3.331428999999999974e+00
3.307164999999999910e+00
3.317829999999999835e+00
3.546178999999999970e+00
3.443293999999999855e+00
3.436059000000000196e+00
3.212753999999999888e+00
3.217433999999999905e+00
3.286286000000000040e+00
3.365750999999999937e+00
3.265233999999999970e+00
3.091782999999999948e+00
3.084312999999999860e+00
3.112867000000000051e+00
3.016370000000000218e+00
2.916052000000000088e+00
3.090254999999999974e+00
3.072595999999999883e+00
2.826130000000000031e+00
2.959033999999999942e+00
3.139715999999999951e+00
2.954467000000000176e+00
2.893604999999999983e+00
2.929225999999999885e+00
2.960129999999999928e+00
2.966425000000000090e+00
2.964973000000000081e+00
2.920163000000000064e+00
2.973028999999999922e+00
2.987934000000000090e+00
2.989386999999999794e+00
2.917711000000000165e+00
2.875110999999999972e+00
2.774633000000000127e+00
3.040360999999999869e+00
3.131622000000000128e+00
3.144054999999999822e+00
3.201080000000000148e+00
3.125520999999999994e+00
3.289320000000000022e+00
3.109919000000000100e+00
3.365196000000000076e+00
3.628763999999999879e+00
3.478524000000000171e+00
3.287028999999999979e+00
3.426674000000000220e+00
3.549046999999999841e+00
3.764543000000000195e+00
3.569369000000000014e+00
3.501618999999999815e+00
3.434236999999999984e+00
3.539172000000000207e+00
3.407964999999999911e+00
3.405299999999999994e+00
3.246850999999999932e+00
3.206630000000000091e+00
3.156842999999999844e+00
3.126418000000000141e+00
2.985065000000000079e+00
3.098597999999999963e+00
2.952490000000000059e+00
3.107286000000000215e+00
2.905777000000000054e+00
2.947556000000000065e+00
2.928427000000000113e+00
3.038469000000000086e+00
2.936237000000000208e+00
2.818290000000000184e+00
2.906515000000000182e+00
3.000869999999999926e+00
3.068813000000000013e+00
3.247819999999999929e+00
3.030762999999999874e+00
3.000646999999999842e+00
2.786439999999999806e+00
2.738326999999999956e+00
2.956945000000000157e+00
3.088613000000000053e+00
3.017081999999999820e+00
3.110790999999999862e+00
2.921434999999999782e+00
2.868902999999999981e+00
3.167501999999999818e+00
4.071136000000000088e+00
4.223198000000000008e+00
3.808587000000000167e+00
3.673941000000000123e+00
3.360837000000000074e+00
3.973256000000000121e+00
4.003785999999999845e+00
3.779487000000000041e+00
3.935127000000000042e+00
3.608916999999999931e+00
3.803237000000000201e+00
3.751700000000000035e+00
4.118960000000000399e+00
3.962934000000000179e+00
3.685372000000000092e+00
3.537364999999999871e+00
3.715158999999999878e+00
3.750138999999999889e+00
3.913800000000000168e+00
3.701735999999999915e+00
3.570898999999999823e+00
3.496850999999999932e+00
3.463578000000000046e+00
3.636569999999999858e+00
4.234526999999999930e+00
-4.463319000000000258e+00
-4.566163000000000416e+00
-4.810134999999999827e+00
-4.456301999999999985e+00
-4.450015999999999750e+00
-4.496267999999999709e+00
-4.271364000000000161e+00
-2.540859000000000201e+00
-2.437561000000000089e+00
-2.715488999999999820e+00
-2.873165000000000191e+00
-2.722058999999999784e+00
-2.573153000000000024e+00
-2.639981999999999829e+00
-2.687307000000000112e+00
-2.627813999999999872e+00
-2.590228000000000197e+00
-2.657179999999999875e+00
-2.677852999999999817e+00
-2.561560000000000059e+00
-2.463541999999999899e+00
-2.573173000000000155e+00
-2.750523999999999969e+00
-2.504448000000000008e+00
-2.524477000000000082e+00
-2.705769999999999786e+00
-2.628856999999999999e+00
-2.684508999999999812e+00
-2.596772000000000080e+00
-2.779507000000000172e+00
-2.743050000000000210e+00
-2.600480000000000125e+00
-2.614777000000000129e+00
3.029183999999999877e+00
3.596125999999999934e+00
3.078053999999999846e+00
3.311326999999999909e+00
3.274456999999999951e+00
3.412063999999999986e+00
3.418048999999999893e+00
3.273044000000000064e+00
3.254306000000000143e+00
3.201820999999999806e+00
3.081557999999999797e+00
3.139445999999999959e+00
3.138640000000000096e+00
3.124884999999999913e+00
3.190176999999999818e+00
3.136763000000000190e+00
3.056836000000000109e+00
3.081805000000000128e+00
2.980356000000000005e+00
3.050053999999999821e+00
2.948360999999999787e+00
2.865181999999999896e+00
2.983007999999999882e+00
2.928186999999999873e+00
2.816052000000000000e+00
2.715368999999999922e+00
2.905917000000000083e+00
2.851062000000000207e+00
2.964890000000000025e+00
2.840821000000000041e+00
2.719981999999999900e+00
2.582056999999999825e+00
2.724448999999999899e+00
2.779768999999999934e+00
2.683984000000000147e+00
2.609983000000000164e+00
2.660445000000000171e+00
2.613534000000000024e+00
2.771320999999999923e+00
2.707390999999999881e+00
2.828323000000000143e+00
2.867801000000000045e+00
2.700349999999999806e+00
2.791643999999999792e+00
2.816405000000000047e+00
2.788733000000000128e+00
2.790316999999999936e+00
2.769251000000000129e+00
2.792276000000000202e+00
2.941076999999999941e+00
2.960214999999999819e+00
2.889367000000000019e+00
2.806737000000000037e+00
2.802216000000000040e+00
2.832698000000000160e+00
2.915843999999999880e+00
2.852320000000000189e+00
2.882274999999999920e+00
2.895675999999999917e+00
2.888122000000000078e+00
2.828180999999999834e+00
2.906506999999999952e+00
3.015833000000000208e+00
2.949317999999999884e+00
2.808950999999999976e+00
2.994442999999999966e+00
3.044775000000000009e+00
2.915894999999999904e+00
2.890301000000000009e+00
2.902839999999999865e+00
2.969902999999999960e+00
3.026483999999999952e+00
2.951316999999999968e+00
3.103461999999999943e+00
3.124070999999999820e+00
3.143855999999999984e+00
2.989952000000000165e+00
3.010364000000000040e+00
3.037011000000000127e+00
3.154290000000000038e+00
3.108030999999999988e+00
2.950077999999999978e+00
2.998670000000000169e+00
2.825234000000000023e+00
2.958699999999999886e+00
2.975570999999999966e+00
3.103458999999999968e+00
3.101182000000000105e+00
3.060674999999999812e+00
3.109177999999999997e+00
2.930442999999999909e+00
3.000477000000000061e+00
2.970693999999999946e+00
2.763527999999999984e+00
2.754392999999999869e+00
2.737457000000000029e+00
2.672781000000000073e+00
2.808603000000000183e+00
2.953802000000000039e+00
2.957253999999999827e+00
2.965022999999999964e+00
3.051679000000000030e+00
3.056591000000000058e+00
2.951172000000000128e+00
2.905212000000000128e+00
2.757524000000000086e+00
2.808990999999999794e+00
2.929619000000000195e+00
2.683866999999999781e+00
2.951351999999999975e+00
2.787043999999999855e+00
2.902302999999999855e+00
3.439048000000000105e+00
3.049256999999999884e+00
3.090374999999999872e+00
3.197455999999999854e+00
3.248727999999999838e+00
3.373600000000000154e+00
3.349156999999999940e+00
3.697172000000000125e+00
3.796305999999999958e+00
3.842699000000000087e+00
3.581078000000000205e+00
3.947484000000000215e+00
3.772565000000000168e+00
3.406066000000000038e+00
3.454790000000000028e+00
3.516630000000000145e+00
3.624410999999999827e+00
3.687434000000000101e+00
3.675532000000000021e+00
3.505402000000000129e+00
3.515266000000000002e+00
3.731898999999999855e+00
3.288981999999999850e+00
3.396240999999999843e+00
3.297474999999999934e+00
3.140213999999999839e+00
3.379967000000000166e+00
3.376996000000000109e+00
2.834983999999999948e+00
3.619597000000000175e+00
3.860097999999999807e+00
4.106989999999999696e+00
3.814564999999999984e+00
4.112987000000000393e+00
4.102643999999999735e+00
4.289245000000000196e+00
3.892177999999999916e+00
3.838032999999999806e+00
4.234325000000000117e+00
3.916328000000000031e+00
3.880933000000000188e+00
3.740190000000000126e+00
4.054172000000000331e+00
4.236430000000000362e+00
4.113677000000000028e+00
4.191126999999999825e+00
4.432426999999999673e+00
4.415188999999999808e+00
4.169717999999999591e+00
3.901727999999999863e+00
3.887611000000000150e+00
3.878086999999999840e+00
3.871678999999999871e+00
4.219651999999999958e+00
4.022109999999999630e+00
4.079449999999999577e+00
4.044011000000000244e+00
3.997869999999999813e+00
4.114188999999999652e+00
4.285832000000000086e+00
4.105546000000000362e+00
3.673074999999999868e+00
3.781725999999999921e+00
3.782484999999999875e+00
3.397955000000000059e+00
3.471226999999999840e+00
3.335944000000000020e+00
3.172089000000000159e+00
3.253925999999999874e+00
3.264845999999999915e+00
3.141023999999999816e+00
3.251246000000000080e+00
3.119826000000000210e+00
3.067839000000000205e+00
3.193344999999999878e+00
3.240209000000000117e+00
3.074564000000000075e+00
3.040509999999999824e+00
3.243627000000000038e+00
3.232031999999999794e+00
3.383081999999999923e+00
3.346331999999999862e+00
3.222624000000000155e+00
3.206208000000000169e+00
3.177289000000000030e+00
3.112391000000000130e+00
3.126778999999999975e+00
3.159526000000000057e+00
3.420548999999999840e+00
3.276876999999999818e+00
3.301155000000000062e+00
3.198691999999999869e+00
3.813004999999999978e+00
3.802961999999999954e+00
3.782163000000000164e+00
3.887969000000000008e+00
3.900230999999999781e+00
4.180117000000000083e+00
3.992170000000000218e+00
4.118013000000000368e+00
3.802350000000000119e+00
4.018079000000000178e+00
3.855021999999999949e+00
3.902871999999999897e+00
3.871173999999999893e+00
3.858315000000000161e+00
3.944466999999999945e+00
3.664972000000000119e+00
3.607654000000000138e+00
3.803526999999999880e+00
3.963747999999999827e+00
3.766506000000000132e+00
4.028515999999999764e+00
3.793648000000000131e+00
3.671527999999999903e+00
3.565999999999999837e+00
4.005753000000000341e+00
3.912469000000000197e+00
4.208007000000000275e+00
4.161202000000000290e+00
4.057602000000000153e+00
4.193011000000000266e+00
4.074436999999999642e+00
3.898716999999999988e+00
4.267274999999999707e+00
4.404537999999999620e+00
4.207273999999999958e+00
3.905581999999999887e+00
4.062695999999999863e+00
4.362087999999999965e+00
4.268699999999999939e+00
4.176203000000000110e+00
3.705585999999999824e+00
3.631066000000000127e+00
3.789387000000000061e+00
3.862973999999999908e+00
3.506086999999999954e+00
3.625281000000000198e+00
3.397921999999999887e+00
3.372942000000000107e+00
3.404373000000000093e+00
3.707040000000000113e+00
3.422981000000000051e+00
3.463222000000000023e+00
3.436335999999999835e+00
3.496719000000000133e+00
3.251727999999999952e+00
3.276304999999999801e+00
3.264015000000000111e+00
3.419957000000000136e+00
3.473968000000000167e+00
3.406445000000000167e+00
3.188248999999999889e+00
3.013993000000000144e+00
3.209258000000000166e+00
3.293423000000000211e+00
3.327137000000000011e+00
3.308842999999999979e+00
3.508052999999999866e+00
3.774335000000000218e+00
3.752870000000000150e+00
3.792193999999999843e+00
3.618595000000000006e+00
3.952751000000000126e+00
3.689315000000000122e+00
3.647307000000000077e+00
4.051703999999999972e+00
3.933358000000000132e+00
3.966253000000000029e+00
3.815767999999999827e+00
4.119710999999999679e+00
3.684963999999999906e+00
2.745846999999999927e+00
2.859458000000000055e+00
2.769481999999999999e+00
2.787243999999999833e+00
2.583492000000000122e+00
2.857207999999999970e+00
2.687016999999999989e+00
2.681808000000000192e+00
2.735263999999999918e+00
2.825250000000000039e+00
2.752022999999999886e+00
2.570578999999999947e+00
2.485875000000000057e+00
2.598901000000000128e+00
2.639222999999999875e+00
2.637601000000000084e+00
2.807186000000000181e+00
2.623146000000000200e+00
2.599473000000000145e+00
2.747441999999999940e+00
2.659965000000000135e+00
2.646942999999999824e+00
2.638723999999999847e+00
2.636712000000000167e+00
2.598984999999999879e+00
2.677046999999999954e+00
2.705470000000000041e+00
2.750402999999999931e+00
2.665799999999999947e+00
2.691596000000000100e+00
2.548948000000000214e+00
2.622113000000000138e+00
2.623613999999999891e+00
2.573668000000000067e+00
2.560735000000000205e+00
2.611010999999999971e+00
2.569065999999999850e+00
2.521220000000000017e+00
2.582104000000000177e+00
2.590917000000000137e+00
2.803294999999999870e+00
2.550349000000000199e+00
2.582037000000000138e+00
2.624521000000000104e+00
2.664560999999999957e+00
2.472017000000000131e+00
2.418425000000000047e+00
2.553780999999999857e+00
2.594640000000000057e+00
2.722262999999999877e+00
2.735374999999999890e+00
2.553332000000000157e+00
2.421356999999999982e+00
2.538533000000000150e+00
2.582068000000000030e+00
2.625805999999999862e+00
2.593925000000000036e+00
2.489377000000000173e+00
2.574638999999999900e+00
2.668419000000000096e+00
2.613250999999999991e+00
2.561745000000000161e+00
2.540129999999999999e+00
2.624944000000000166e+00
2.813283000000000200e+00
2.720739000000000019e+00
2.710370999999999864e+00
2.687746999999999886e+00
2.881874999999999964e+00
2.800222000000000211e+00
2.920653000000000166e+00
2.780227000000000004e+00
2.769235999999999809e+00
2.792907000000000028e+00
2.697623999999999800e+00
2.730560999999999794e+00
2.711040999999999812e+00
2.758783000000000207e+00
2.661027999999999949e+00
2.659415999999999780e+00
2.687275000000000080e+00
2.563397000000000148e+00
2.591984000000000066e+00
2.694989000000000079e+00
2.426902999999999810e+00
2.430924000000000085e+00
2.271841999999999917e+00
2.327377999999999947e+00
2.373688000000000020e+00
2.337664999999999882e+00
2.486054000000000208e+00
2.303595000000000059e+00
2.444132999999999889e+00
2.264495999999999842e+00
2.342026000000000163e+00
2.319458000000000020e+00
2.411812999999999985e+00
2.429870000000000196e+00
2.479435000000000056e+00
2.532596999999999987e+00
2.544392999999999905e+00
2.528106999999999882e+00
2.474413000000000196e+00
2.466331999999999969e+00
2.500774999999999970e+00
2.546246000000000009e+00
2.607960999999999974e+00
2.644159999999999844e+00
2.625663999999999998e+00
2.654916000000000054e+00
2.623155000000000125e+00
2.627963999999999967e+00
2.625748999999999889e+00
2.626471000000000000e+00
2.733403000000000027e+00
2.843583000000000194e+00
2.730577999999999950e+00
2.755945999999999785e+00
2.678493000000000013e+00
2.490200000000000191e+00
2.604807999999999790e+00
2.678802000000000127e+00
2.770270000000000010e+00
2.664458000000000215e+00
2.745600000000000041e+00
2.744936000000000043e+00
2.711352999999999902e+00
2.762490999999999808e+00
2.748339000000000087e+00
2.580760999999999861e+00
2.611330999999999847e+00
2.521552999999999933e+00
2.482635000000000147e+00
2.419583999999999957e+00
2.419273000000000007e+00
2.410610000000000142e+00
2.407973999999999837e+00
2.396148000000000167e+00
2.450892000000000071e+00
2.487103999999999981e+00
2.510597000000000190e+00
2.528818999999999928e+00
2.451827999999999896e+00
2.483032000000000128e+00
2.444528000000000034e+00
2.541265000000000107e+00
2.408132000000000161e+00
2.483865000000000212e+00
2.534400000000000208e+00
2.500283000000000033e+00
2.523160999999999987e+00
2.481288999999999856e+00
2.485278999999999794e+00
2.513060999999999989e+00
2.600794000000000050e+00
2.556163000000000185e+00
2.549205999999999861e+00
2.564658000000000104e+00
2.436291999999999902e+00
2.511499999999999844e+00
2.511915000000000120e+00
2.629389999999999894e+00
2.548757000000000161e+00
2.479966000000000115e+00
2.663044000000000189e+00
2.579870000000000108e+00
2.510666000000000064e+00
2.712296999999999958e+00
2.642088000000000214e+00
2.604095000000000049e+00
2.624563000000000201e+00
2.603861000000000203e+00
2.552068999999999921e+00
2.514107000000000092e+00
2.577313999999999883e+00
2.584344000000000197e+00
2.766910000000000203e+00
2.852336000000000205e+00
2.758367999999999931e+00
2.589490000000000069e+00
2.566107999999999834e+00
2.628600000000000048e+00
2.482060000000000155e+00
2.598968000000000167e+00
2.525586999999999804e+00
2.670901999999999887e+00
2.673150000000000137e+00
2.764531999999999989e+00
2.700324999999999864e+00
2.643178999999999945e+00
2.477854999999999919e+00
2.407173999999999925e+00
2.354217999999999922e+00
2.347820000000000018e+00
2.337105000000000210e+00
2.394836000000000187e+00
2.374417000000000222e+00
2.371715000000000018e+00
2.409292000000000211e+00
2.460293000000000063e+00
2.427665999999999880e+00
2.477481000000000044e+00
2.589059999999999917e+00
2.487868000000000190e+00
2.474654999999999827e+00
2.514693999999999985e+00
2.608706999999999887e+00
2.567099999999999937e+00
2.479395999999999933e+00
2.712159999999999904e+00
2.676044000000000089e+00
2.588410000000000100e+00
2.659872000000000014e+00
2.811205000000000176e+00
2.870505000000000084e+00
2.871531000000000056e+00
2.773787000000000003e+00
2.789954999999999963e+00
2.909282000000000146e+00
2.833035000000000192e+00
2.754941999999999780e+00
2.716121999999999925e+00
2.689365000000000006e+00
2.789051000000000169e+00
2.712899999999999867e+00
2.744709999999999983e+00
2.578786000000000023e+00
2.588871000000000144e+00
2.700648000000000160e+00
2.823585000000000012e+00
2.681509000000000142e+00
2.686752999999999947e+00
2.735933999999999866e+00
2.729527000000000037e+00
2.642860999999999905e+00
2.750407000000000046e+00
2.775821000000000094e+00
2.682589000000000112e+00
2.754931000000000019e+00
2.655578000000000216e+00
2.648556000000000132e+00
2.766341999999999857e+00
2.773709000000000202e+00
2.718110999999999944e+00
2.671835999999999878e+00
2.621046000000000209e+00
2.529799000000000131e+00
2.608509999999999884e+00
2.641964000000000201e+00
2.687161000000000133e+00
2.705017999999999923e+00
2.701264000000000109e+00
2.768825000000000092e+00
2.761559999999999793e+00
2.677522999999999875e+00
2.591523000000000021e+00
2.598701999999999845e+00
2.747943999999999942e+00
2.649039000000000144e+00
2.591323000000000043e+00
2.700133000000000116e+00
2.591994000000000131e+00
2.678380000000000205e+00
2.765759000000000079e+00
2.711714000000000180e+00
2.833263000000000087e+00
2.918552000000000035e+00
2.806332999999999966e+00
2.693747000000000114e+00
2.745471000000000217e+00
2.767745999999999817e+00
2.658246999999999804e+00
2.834438000000000013e+00
2.720371999999999790e+00
2.710669999999999913e+00
2.747427000000000064e+00
2.693808999999999898e+00
2.586462000000000039e+00
2.678889999999999993e+00
2.572286000000000072e+00
2.685831999999999997e+00
2.715155000000000207e+00
3.005101999999999940e+00
2.942296999999999940e+00
2.961120000000000196e+00
2.772384000000000182e+00
2.768208000000000002e+00
2.842961999999999989e+00
2.949705999999999939e+00
2.815656000000000159e+00
2.814271000000000189e+00
2.757411999999999974e+00
2.857937999999999867e+00
2.712164000000000019e+00
2.637016000000000027e+00
2.856593000000000160e+00
2.798777999999999988e+00
2.680909999999999904e+00
2.787684000000000051e+00
2.746614999999999807e+00
2.783691999999999833e+00
2.927087000000000216e+00
2.789422000000000068e+00
2.783542000000000183e+00
2.811596999999999902e+00
2.813406000000000073e+00
2.892319999999999780e+00
2.910984000000000016e+00
2.872603999999999935e+00
2.814262999999999959e+00
2.933409999999999851e+00
2.984887000000000068e+00
3.008990999999999971e+00
3.053628999999999927e+00
3.004939999999999944e+00
2.992230999999999863e+00
2.956294999999999895e+00
2.929380000000000095e+00
2.903023999999999827e+00
3.095019999999999882e+00
2.947623000000000104e+00
2.872049000000000074e+00
2.647908000000000150e+00
2.663380000000000081e+00
2.617914999999999992e+00
2.674428999999999945e+00
2.428132000000000179e+00
2.585389000000000159e+00
2.676708000000000087e+00
2.705414999999999903e+00
2.778398000000000145e+00
2.810410000000000075e+00
2.735977000000000103e+00
2.587358000000000047e+00
2.460461000000000009e+00
2.423397000000000023e+00
2.636585999999999874e+00
2.581291999999999920e+00
2.617615999999999943e+00
2.571972999999999843e+00
2.690866000000000202e+00
2.596865000000000201e+00
2.745435000000000070e+00
2.688006999999999813e+00
2.726567999999999881e+00
2.807230000000000114e+00
2.722763000000000044e+00
2.815115000000000034e+00
2.822798999999999836e+00
2.778969000000000023e+00
2.652747000000000188e+00
2.687152000000000207e+00
2.675679000000000141e+00
2.631337999999999955e+00
2.801407999999999898e+00
2.620995000000000186e+00
2.648881999999999959e+00
2.790830999999999840e+00
2.624471999999999916e+00
2.690930999999999962e+00
2.778388000000000080e+00
2.798049999999999926e+00
2.942520000000000024e+00
2.826761999999999997e+00
2.611517999999999784e+00
2.564919999999999867e+00
2.540452999999999850e+00
2.564982000000000095e+00
2.604527000000000037e+00
2.601166000000000089e+00
2.749432999999999794e+00
2.639565999999999857e+00
2.591463000000000072e+00
2.658177999999999930e+00
2.530921999999999894e+00
2.540220000000000145e+00
2.610018000000000171e+00
2.561977000000000171e+00
2.593265999999999849e+00
2.571051999999999893e+00
2.555343000000000142e+00
2.593039000000000094e+00
2.506997999999999838e+00
2.694002999999999926e+00
2.591978000000000115e+00
2.642488000000000170e+00
2.690195999999999810e+00
2.661685999999999996e+00
2.828983000000000025e+00
2.679384999999999906e+00
2.710513000000000172e+00
2.770739999999999981e+00
2.778300999999999910e+00
2.611939000000000011e+00
2.777594999999999814e+00
2.696347999999999967e+00
2.787485999999999908e+00
2.889102999999999977e+00
2.779580999999999857e+00
2.877111999999999892e+00
2.954337000000000213e+00
2.799809999999999910e+00
2.865486999999999895e+00
2.889149000000000189e+00
2.864691000000000098e+00
2.970699999999999896e+00
3.062375999999999987e+00
3.022745000000000015e+00
2.910730000000000040e+00
2.911354999999999915e+00
3.001222999999999974e+00
2.774665000000000159e+00
2.750697000000000170e+00
2.780969999999999942e+00
2.602657999999999916e+00
2.576341999999999910e+00
2.542733000000000132e+00
2.730529999999999902e+00
2.629792000000000129e+00
2.603228000000000097e+00
2.689445999999999781e+00
2.674865000000000048e+00
2.611625999999999781e+00
2.654096000000000011e+00
2.686198000000000086e+00
2.725134000000000167e+00
2.802401999999999838e+00
2.785826999999999831e+00
2.709181000000000061e+00
2.709565000000000001e+00
2.660995999999999917e+00
2.732819000000000109e+00
2.665256999999999987e+00
2.727958999999999801e+00
2.639759999999999884e+00
2.641102000000000061e+00
2.843274000000000079e+00
2.742958999999999925e+00
2.845470999999999862e+00
2.853925999999999963e+00
2.797331999999999930e+00
2.778359000000000023e+00
2.744775999999999883e+00
2.708365000000000133e+00
2.820516000000000023e+00
2.828123999999999860e+00
2.823767000000000138e+00
2.626208000000000098e+00
2.633627000000000162e+00
2.710262999999999867e+00
2.669379000000000168e+00
2.755024000000000139e+00
2.712058999999999997e+00
2.691943999999999892e+00
2.636048000000000169e+00
2.457956999999999947e+00
2.447646999999999906e+00
2.504382000000000108e+00
2.669378000000000029e+00
2.576140000000000096e+00
2.655332000000000026e+00
2.640725999999999907e+00
2.544036000000000186e+00
2.571549000000000085e+00
2.739860000000000184e+00
2.682256999999999891e+00
2.574555000000000149e+00
2.592903999999999876e+00
2.649646000000000168e+00
2.593995000000000051e+00
2.515569999999999862e+00
2.550635000000000208e+00
2.598612999999999840e+00
2.598886999999999947e+00
2.823777000000000204e+00
2.800670999999999911e+00
2.699405000000000054e+00
2.651842999999999950e+00
2.723444999999999894e+00
2.751370999999999789e+00
2.798421999999999965e+00
2.884787999999999908e+00
2.768060999999999883e+00
2.836955999999999811e+00
2.679758000000000084e+00
2.760237000000000052e+00
2.884590000000000209e+00
2.800777000000000072e+00
2.861415000000000042e+00
2.836646000000000001e+00
2.840011000000000063e+00
2.852047999999999917e+00
2.890147999999999939e+00
2.920633000000000035e+00
2.658320999999999934e+00
2.806210999999999789e+00
2.766097999999999946e+00
2.915344000000000158e+00
2.836847999999999814e+00
2.673296000000000117e+00
2.740136999999999823e+00
2.729995000000000172e+00
2.820726000000000067e+00
2.817632999999999832e+00
2.963610000000000078e+00
2.809671999999999947e+00
2.826731999999999800e+00
2.825590000000000046e+00
2.768971000000000071e+00
2.786839000000000066e+00
2.925669000000000075e+00
2.808698000000000139e+00
2.600051000000000112e+00
2.623622000000000121e+00
2.757111999999999785e+00
2.763576000000000032e+00
2.810902000000000012e+00
2.860929000000000055e+00
2.979842000000000102e+00
2.930449999999999999e+00
2.888739000000000168e+00
2.864075999999999844e+00
2.703691000000000066e+00
2.548445000000000071e+00
2.721773999999999916e+00
2.752099999999999991e+00
2.554714999999999847e+00
2.615492000000000150e+00
2.579550999999999927e+00
2.505640000000000089e+00
2.561666000000000221e+00
2.567638000000000087e+00
2.428577000000000208e+00
2.543467000000000144e+00
2.490085999999999800e+00
2.519219000000000097e+00
2.618716000000000044e+00
2.610749999999999904e+00
2.663349000000000188e+00
2.562667999999999946e+00
2.621982000000000035e+00
2.600394999999999790e+00
2.504351000000000216e+00
2.424132000000000176e+00
2.422728000000000215e+00
2.375360000000000138e+00
2.442779999999999951e+00
2.524988000000000010e+00
2.624814999999999898e+00
2.540662000000000198e+00
2.481298999999999921e+00
2.492280000000000051e+00
2.428595000000000059e+00
2.465463000000000182e+00
2.429718999999999962e+00
2.531419000000000086e+00
2.424458000000000002e+00
2.402249999999999996e+00
2.359361999999999959e+00
2.295965999999999951e+00
2.468919999999999781e+00
2.546705999999999914e+00
2.594700000000000006e+00
2.571026999999999951e+00
2.546386000000000038e+00
2.624617999999999896e+00
2.673249000000000208e+00
2.724009000000000125e+00
2.721516999999999964e+00
2.718671000000000060e+00
2.740556999999999910e+00
2.739942999999999795e+00
2.657976999999999812e+00
2.704930000000000057e+00
2.690532999999999841e+00
2.689614000000000171e+00
2.768441000000000152e+00
2.635848999999999887e+00
2.773013999999999868e+00
2.759396999999999878e+00
2.629764999999999908e+00
2.623552999999999802e+00
2.703465000000000007e+00
2.639955000000000052e+00
2.678246000000000127e+00
2.520575000000000010e+00
2.533425999999999956e+00
2.718064000000000036e+00
2.757944000000000173e+00
2.724879000000000051e+00
2.809559000000000140e+00
2.692299000000000220e+00
2.623515999999999959e+00
2.750220999999999805e+00
2.511108999999999813e+00
2.535858999999999863e+00
2.590257999999999949e+00
2.655253000000000085e+00
2.699202000000000101e+00
2.638948000000000071e+00
2.843491999999999909e+00
2.822060000000000013e+00
2.651425000000000143e+00
2.812180000000000124e+00
2.882648000000000099e+00
2.923414000000000179e+00
2.800714000000000148e+00
2.863951999999999831e+00
2.899315999999999782e+00
2.942226999999999926e+00
2.944647999999999932e+00
2.859690000000000065e+00
2.702528000000000041e+00
2.850687999999999889e+00
2.888573000000000057e+00
2.773874999999999869e+00
2.804275000000000073e+00
2.931556000000000051e+00
2.800679999999999836e+00
2.843015999999999988e+00
2.884354000000000084e+00
2.929453000000000085e+00
2.972262000000000182e+00
2.920866000000000184e+00
2.899261999999999784e+00
2.862198999999999938e+00
2.916933000000000220e+00
2.911325000000000163e+00
2.795072999999999919e+00
2.979293000000000191e+00
2.902247000000000021e+00
2.796250999999999820e+00
2.880257999999999985e+00
2.852374000000000187e+00
2.760301000000000116e+00
2.809025000000000105e+00
2.843637000000000192e+00
2.795045000000000002e+00
2.944920999999999900e+00
2.854160999999999948e+00
3.063416000000000139e+00
2.978883999999999865e+00
2.948545000000000194e+00
2.830035000000000078e+00
2.892701000000000189e+00
2.791106000000000087e+00
2.869775999999999883e+00
2.816159999999999997e+00
2.712938999999999989e+00
2.760136000000000145e+00
2.703911000000000175e+00
2.767527999999999988e+00
2.730564000000000213e+00
2.828117999999999910e+00
2.861235000000000195e+00
2.828536999999999857e+00
2.973609999999999864e+00
3.020167999999999964e+00
2.780365999999999893e+00
2.945222999999999924e+00
2.944043000000000188e+00
2.904685000000000183e+00
2.879361999999999977e+00
2.746194000000000024e+00
2.778950000000000031e+00
2.820558999999999816e+00
2.836991999999999958e+00
2.904142999999999919e+00
2.997228999999999921e+00
2.858762000000000025e+00
2.838757999999999893e+00
2.898798999999999904e+00
2.860831000000000124e+00
2.835161999999999960e+00
2.848631999999999831e+00
2.733204000000000189e+00
2.932498999999999967e+00
2.930593000000000004e+00
2.825943000000000094e+00
2.817342000000000013e+00
2.851947000000000010e+00
3.080106999999999928e+00
2.978064999999999962e+00
2.992983999999999867e+00
2.972786999999999846e+00
2.843045000000000044e+00
2.954785999999999913e+00
2.905513000000000012e+00
2.975884999999999891e+00
2.909104000000000134e+00
2.889324999999999921e+00
2.945956999999999937e+00
2.944856000000000140e+00
3.024611999999999856e+00
2.934344999999999981e+00
2.791535000000000100e+00
2.762690999999999786e+00
2.759225999999999956e+00
2.800647000000000109e+00
2.918737999999999833e+00
2.998247999999999802e+00
2.926257000000000108e+00
2.807138000000000133e+00
2.775291000000000174e+00
2.853130000000000166e+00
2.867757999999999807e+00
2.749257000000000062e+00
2.901766999999999985e+00
2.948739000000000221e+00
2.954470999999999847e+00
2.908768999999999938e+00
2.839039999999999786e+00
2.812675000000000036e+00
2.857788000000000217e+00
2.841841000000000061e+00
2.965116999999999781e+00
2.872837000000000085e+00
2.980121000000000020e+00
2.887633000000000116e+00
2.811548999999999854e+00
2.787690000000000001e+00
2.901982999999999979e+00
2.855930999999999997e+00
3.251148999999999845e+00
