-2.689843999999999902e+00
-2.723606000000000193e+00
-2.709131000000000178e+00
-2.592813000000000034e+00
-2.562244000000000188e+00
-2.457120000000000193e+00
-2.440342999999999929e+00
-2.298754999999999882e+00
-2.495471000000000217e+00
-2.443906999999999829e+00
-2.405769999999999964e+00
-2.506981000000000126e+00
-2.531449999999999978e+00
-2.485873999999999917e+00
-2.429898999999999809e+00
-2.478260999999999825e+00
-2.410260000000000069e+00
-2.565478999999999843e+00
-2.534295999999999882e+00
-2.570930999999999855e+00
-2.499943000000000026e+00
-2.511749000000000009e+00
-2.561652000000000040e+00
-2.555271999999999988e+00
-2.582988999999999979e+00
-2.483872999999999998e+00
-2.423738000000000170e+00
-2.486317999999999806e+00
-2.536375000000000046e+00
-2.532089000000000034e+00
-2.540575000000000028e+00
-2.534298999999999857e+00
-2.608750000000000124e+00
-2.614262999999999781e+00
-2.544655999999999807e+00
-2.558733000000000146e+00
-2.481014000000000053e+00
-2.365758000000000028e+00
-2.988338999999999857e+00
-3.114453999999999834e+00
-3.480650999999999939e+00
-3.549056999999999906e+00
-3.322049999999999947e+00
-3.434683000000000153e+00
-3.402668999999999944e+00
-3.338156000000000123e+00
-3.245893999999999835e+00
-2.897095000000000198e+00
-2.771088000000000218e+00
-2.800479999999999858e+00
-2.882042000000000215e+00
-2.858299999999999841e+00
-3.067390000000000061e+00
-3.061862000000000084e+00
-3.145503999999999856e+00
-3.076957000000000164e+00
-3.585773999999999795e+00
-3.595582999999999974e+00
-3.547444000000000042e+00
-3.461634000000000100e+00
-3.550162999999999958e+00
-3.708419000000000132e+00
-3.615813999999999862e+00
-3.750977999999999923e+00
-3.668356000000000172e+00
-3.497456000000000120e+00
-3.125957999999999792e+00
-3.261289000000000105e+00
-3.224209999999999798e+00
-3.196794999999999831e+00
-3.403805000000000192e+00
-3.355287999999999826e+00
-3.322357999999999922e+00
-3.670936999999999895e+00
-3.840784000000000198e+00
-3.967559000000000058e+00
-4.078034999999999854e+00
-4.192997000000000085e+00
-3.999833999999999889e+00
-4.120589999999999975e+00
-4.123819000000000123e+00
-4.078803999999999874e+00
-3.778560999999999837e+00
-3.914420999999999928e+00
-4.244451999999999892e+00
-3.809003000000000139e+00
-4.293440000000000367e+00
-4.095504000000000033e+00
-4.176309999999999967e+00
-3.974404999999999966e+00
-3.586796000000000095e+00
-3.328570000000000029e+00
-3.031181000000000125e+00
-2.885797999999999863e+00
-2.826986999999999917e+00
-2.903185999999999822e+00
-2.956757000000000080e+00
-2.975931999999999800e+00
-2.903633000000000131e+00
-3.146285000000000220e+00
-3.004252999999999840e+00
-2.666158999999999946e+00
-2.667820999999999998e+00
-2.935032999999999781e+00
-2.757061999999999902e+00
-2.437244000000000188e+00
-2.503229000000000148e+00
-2.597795000000000076e+00
-2.717030999999999974e+00
-2.666824999999999779e+00
-2.647966999999999960e+00
-2.748104000000000102e+00
-2.674843000000000082e+00
-2.616916999999999938e+00
-2.587708000000000119e+00
-2.594781999999999922e+00
-2.575711000000000084e+00
-2.594440000000000079e+00
-2.550326999999999789e+00
-2.510708999999999858e+00
-2.554101999999999872e+00
-2.577895999999999965e+00
-2.585049999999999848e+00
-2.633151999999999937e+00
-2.570821000000000023e+00
-2.535439999999999916e+00
-2.602737999999999996e+00
-2.597875999999999852e+00
-2.545157000000000114e+00
-2.724318999999999935e+00
-2.688486000000000153e+00
-2.584115000000000162e+00
-2.612788999999999806e+00
-2.700058999999999987e+00
-2.724127999999999883e+00
-2.694513000000000158e+00
-2.824011000000000049e+00
-2.869498999999999800e+00
-2.872198000000000029e+00
-2.983318000000000136e+00
-2.941117999999999899e+00
-3.036147999999999847e+00
-3.011331999999999898e+00
-2.967556000000000083e+00
-2.949025999999999925e+00
-2.992719999999999825e+00
-3.206491000000000202e+00
-3.076213000000000086e+00
-2.954237000000000002e+00
-3.175771000000000122e+00
-3.079680000000000195e+00
-3.539886000000000088e+00
-3.554990000000000094e+00
-3.492191000000000045e+00
-3.599358000000000057e+00
-3.329409000000000063e+00
-3.237153000000000169e+00
-3.137995999999999786e+00
-3.226360000000000117e+00
-3.268393999999999799e+00
-3.372863000000000167e+00
-3.275580000000000158e+00
-3.168560999999999961e+00
-3.213975000000000026e+00
-3.190352999999999994e+00
-3.499979000000000173e+00
-3.157754000000000172e+00
-3.217953000000000063e+00
-2.860895000000000188e+00
-3.098581999999999947e+00
-3.353505999999999876e+00
-2.926865999999999968e+00
-3.111927000000000110e+00
-3.271450000000000191e+00
-3.113631999999999955e+00
-2.997657999999999934e+00
-3.253572000000000131e+00
-2.970912000000000219e+00
-3.061274000000000051e+00
-2.940434999999999910e+00
-3.212350999999999956e+00
-3.013011999999999802e+00
-3.230995000000000061e+00
-3.038603000000000165e+00
-3.087267000000000206e+00
-3.180686999999999820e+00
-3.516135999999999928e+00
-3.520010000000000083e+00
-3.627657000000000131e+00
-3.649720999999999993e+00
-3.390248000000000150e+00
-3.491353999999999846e+00
-3.459481999999999946e+00
-3.235307999999999851e+00
-3.257252999999999954e+00
-3.429345999999999783e+00
-3.357600000000000140e+00
-2.910356999999999861e+00
-3.112874000000000141e+00
-3.263053999999999899e+00
-2.943242000000000136e+00
-3.007991000000000081e+00
-2.960208999999999868e+00
-2.825530000000000097e+00
-2.686628999999999934e+00
-2.805206000000000088e+00
-2.725737000000000076e+00
-2.964782000000000028e+00
-2.869445999999999941e+00
-2.831681999999999810e+00
-3.428669999999999884e+00
-3.630659000000000081e+00
-3.651971000000000078e+00
-3.785563999999999929e+00
-3.913542000000000076e+00
-3.909123000000000125e+00
-3.807242000000000015e+00
-3.648569000000000173e+00
-3.845600999999999825e+00
-3.940497999999999834e+00
-3.810985000000000067e+00
-3.981704999999999828e+00
-3.672860000000000014e+00
-3.772086999999999968e+00
-3.503611999999999949e+00
-3.421686999999999923e+00
-3.336850000000000094e+00
-2.840022999999999964e+00
-3.080254000000000048e+00
-3.055794999999999817e+00
-2.748333000000000137e+00
-2.929459000000000035e+00
-3.210570999999999842e+00
-3.202766000000000002e+00
-3.312397999999999954e+00
-2.988328999999999791e+00
-2.760022999999999893e+00
-2.927315000000000111e+00
-2.950581999999999816e+00
-2.844580999999999804e+00
-2.811269999999999936e+00
-2.734633999999999787e+00
-2.813079999999999803e+00
-2.600028000000000006e+00
-2.937304000000000137e+00
-3.135410999999999948e+00
-3.473561000000000121e+00
-3.643778999999999879e+00
-3.616160999999999959e+00
-3.314792000000000183e+00
-2.897054999999999936e+00
-2.932205000000000172e+00
-3.021793999999999869e+00
-3.282575000000000021e+00
-2.980032000000000014e+00
-3.116728000000000165e+00
-3.295234999999999914e+00
-4.090822000000000180e+00
-3.948843999999999799e+00
-3.779618000000000144e+00
-3.730255999999999794e+00
-3.657418999999999976e+00
-3.841804999999999914e+00
-3.735158000000000200e+00
-3.667232999999999965e+00
-3.830159000000000091e+00
-4.025100000000000122e+00
-3.657283000000000062e+00
-3.908529000000000142e+00
-4.015852999999999895e+00
-4.077454000000000356e+00
-4.137674999999999770e+00
-4.213967000000000240e+00
-4.338663000000000380e+00
-4.454352000000000089e+00
-4.629324000000000439e+00
-4.706851000000000340e+00
-4.720721000000000167e+00
-4.534404000000000323e+00
-4.629021999999999970e+00
-5.014286000000000243e+00
-4.927815999999999974e+00
-2.874169999999999892e+00
-2.701249999999999929e+00
-2.644671999999999912e+00
-2.722243000000000190e+00
-2.721265999999999963e+00
-2.603509999999999991e+00
-2.554075000000000095e+00
-2.401494000000000018e+00
-2.514171000000000156e+00
-2.557262000000000146e+00
-2.638244999999999951e+00
-2.632102999999999859e+00
-2.628976999999999897e+00
-2.536690999999999807e+00
-2.537981999999999960e+00
-2.245676000000000005e+00
-2.299838999999999967e+00
-2.239110000000000156e+00
-2.023406000000000038e+00
-2.123423999999999978e+00
-2.092503999999999920e+00
-1.948001000000000094e+00
-2.330940000000000012e+00
-2.365270000000000206e+00
-2.358461999999999836e+00
-2.273177000000000003e+00
-2.390994000000000064e+00
-2.435297999999999963e+00
-2.400723999999999858e+00
-2.376135999999999804e+00
-2.291879000000000222e+00
-2.388818999999999804e+00
-2.401745000000000019e+00
-2.340053999999999856e+00
-2.370870000000000033e+00
-2.351320999999999994e+00
-2.318741000000000163e+00
-2.320183999999999802e+00
-2.438054999999999861e+00
-2.401955000000000062e+00
-2.395128000000000146e+00
-2.383976999999999791e+00
-2.382357999999999976e+00
-2.252942000000000000e+00
-2.155917000000000083e+00
-2.118844999999999867e+00
-2.189274999999999860e+00
-2.181719999999999882e+00
-2.257312000000000207e+00
-2.293874999999999886e+00
-2.234328000000000092e+00
-2.233363999999999905e+00
-2.436751999999999807e+00
-2.386502000000000123e+00
-2.272549999999999848e+00
-2.338747000000000131e+00
-2.335132999999999903e+00
-2.298795999999999840e+00
-2.262560999999999822e+00
-2.303907000000000149e+00
-2.275418000000000163e+00
-2.257099999999999884e+00
-2.392955999999999861e+00
-2.287739000000000189e+00
-2.360632999999999981e+00
-2.389228999999999825e+00
-2.419595999999999858e+00
-2.405219999999999914e+00
-2.359554000000000151e+00
-2.424385000000000012e+00
-2.374353999999999854e+00
-2.488795999999999786e+00
-2.535597000000000101e+00
-2.536744999999999806e+00
-2.444367000000000179e+00
-2.551708999999999783e+00
-2.422921000000000102e+00
-2.413666999999999785e+00
-2.466561000000000003e+00
-2.470126000000000044e+00
-2.472538999999999820e+00
-2.634809999999999874e+00
-2.528706000000000120e+00
-2.519112999999999936e+00
-2.502511000000000152e+00
-2.556923999999999975e+00
-2.522412000000000099e+00
-2.643238999999999894e+00
-2.549414000000000069e+00
-2.522381999999999902e+00
-2.547283000000000186e+00
-2.604515000000000136e+00
-2.646240000000000148e+00
-2.763863999999999876e+00
-2.606821000000000055e+00
-2.529063999999999979e+00
-2.588134000000000157e+00
-2.581669000000000214e+00
-2.675499999999999989e+00
-2.402597999999999789e+00
-2.512718000000000007e+00
-2.589459999999999873e+00
-2.417139999999999844e+00
-2.580029999999999824e+00
-2.556127000000000038e+00
-2.534701999999999789e+00
-2.556919999999999860e+00
-2.664466000000000001e+00
-2.588484999999999925e+00
-2.635135000000000005e+00
-2.460802000000000156e+00
-2.481027999999999789e+00
-2.549509000000000025e+00
-2.489327999999999985e+00
-2.409111999999999920e+00
-2.539855000000000196e+00
-2.536433999999999855e+00
-2.559546999999999795e+00
-2.479791000000000079e+00
-2.465682999999999847e+00
-2.542771999999999810e+00
-2.503102000000000160e+00
-2.378687999999999914e+00
-2.443591000000000069e+00
-2.592133000000000020e+00
-2.515807999999999822e+00
-2.420081999999999844e+00
-2.463121999999999812e+00
-2.446396000000000015e+00
-2.680274999999999963e+00
-2.839026000000000050e+00
-2.786068000000000211e+00
-2.671444000000000152e+00
-2.818534999999999791e+00
-2.790274999999999839e+00
-2.877889999999999837e+00
-2.837899000000000171e+00
-2.830223999999999851e+00
-2.842693000000000136e+00
-2.747424000000000088e+00
-3.083404999999999951e+00
-3.107485000000000053e+00
-2.172963000000000200e+00
-2.232638000000000122e+00
-2.334687999999999874e+00
-2.420701999999999909e+00
-2.365402000000000005e+00
-2.257486000000000104e+00
-2.255821000000000076e+00
-2.302706999999999837e+00
-2.364615999999999829e+00
-2.457505999999999968e+00
-2.484405999999999892e+00
-2.386368000000000045e+00
-2.497592000000000034e+00
-2.346728000000000147e+00
-2.240457000000000143e+00
-2.305127999999999844e+00
-2.315704999999999902e+00
-2.344736000000000153e+00
-2.320148999999999795e+00
-2.239669999999999828e+00
-2.312584000000000195e+00
-2.350286000000000097e+00
-2.378693000000000168e+00
-2.287872999999999823e+00
-2.340818000000000065e+00
-2.306416000000000022e+00
-2.365358000000000072e+00
-2.341727000000000114e+00
-2.375437999999999938e+00
-2.514003999999999905e+00
-2.530024000000000051e+00
-2.565024999999999888e+00
-2.431524000000000019e+00
-2.337632000000000154e+00
-2.246923999999999921e+00
-2.382833000000000201e+00
-2.505856000000000083e+00
-2.436491999999999880e+00
-2.335824999999999818e+00
-2.520144000000000162e+00
-2.510555000000000092e+00
-2.387922000000000100e+00
-2.476020999999999805e+00
-2.383598999999999801e+00
-2.420405999999999835e+00
-2.351468999999999809e+00
-2.392043000000000141e+00
-2.393997999999999848e+00
-2.417810999999999932e+00
-2.363723999999999936e+00
-2.376618999999999815e+00
-2.384851999999999972e+00
-2.314151999999999987e+00
-2.318503999999999898e+00
-2.380557000000000034e+00
-2.425243000000000038e+00
-2.443230999999999931e+00
-2.440431999999999935e+00
-2.471166000000000196e+00
-2.433451999999999948e+00
-2.603486000000000189e+00
-2.608153999999999861e+00
-2.573218999999999923e+00
-2.423378000000000032e+00
-2.456986000000000114e+00
-2.563223999999999947e+00
-2.533729000000000120e+00
-2.444122000000000128e+00
-2.646647999999999890e+00
-2.635425999999999824e+00
-2.446492999999999807e+00
-2.479658000000000140e+00
-2.548732000000000220e+00
-2.497265000000000068e+00
-2.425225000000000186e+00
-2.454581000000000124e+00
-2.341210999999999931e+00
-2.406082000000000054e+00
-2.441771999999999831e+00
-2.511804999999999843e+00
-2.311700000000000088e+00
-2.383796999999999944e+00
-2.427451000000000025e+00
-2.321272000000000002e+00
-2.402016999999999847e+00
-2.412275999999999865e+00
-2.378671999999999898e+00
-2.430051000000000183e+00
-2.435268000000000210e+00
-2.524483000000000033e+00
-2.536448000000000036e+00
-2.538098000000000187e+00
-2.412907999999999831e+00
-2.343415999999999944e+00
-2.440484999999999793e+00
-2.389623999999999970e+00
-2.351961999999999886e+00
-2.420760000000000023e+00
-2.363090999999999831e+00
-2.381059000000000037e+00
-2.386991000000000085e+00
-2.349474999999999980e+00
-2.415407000000000082e+00
-2.375541000000000125e+00
-2.477956999999999965e+00
-2.399928000000000061e+00
-2.427932000000000201e+00
-2.453873999999999889e+00
-2.452472999999999903e+00
-2.587419000000000135e+00
-2.519563999999999915e+00
-2.786150999999999822e+00
-2.678455000000000030e+00
-2.683053000000000132e+00
-2.650920000000000165e+00
-2.657475999999999949e+00
-2.750220999999999805e+00
-2.743117999999999945e+00
-2.781858999999999860e+00
-2.732841000000000076e+00
-2.645942999999999934e+00
-2.643044999999999867e+00
-2.718350000000000044e+00
-2.774172000000000082e+00
-2.676540000000000141e+00
-2.592061000000000170e+00
-2.573901999999999912e+00
-2.655610999999999944e+00
-2.568988000000000049e+00
-2.592709000000000152e+00
-2.488462000000000174e+00
-2.457136999999999905e+00
-2.451276000000000010e+00
-2.465863999999999834e+00
-2.811370999999999842e+00
-3.017926000000000109e+00
-2.887983999999999885e+00
-2.939369999999999816e+00
-2.836838000000000193e+00
-2.881092999999999904e+00
-2.966704000000000008e+00
-2.869285999999999781e+00
-3.045450999999999908e+00
-2.893075000000000063e+00
-2.939315000000000122e+00
-3.170008000000000159e+00
-3.123482000000000092e+00
-3.356266999999999889e+00
-3.482714999999999783e+00
-3.550443000000000016e+00
-3.686898999999999926e+00
-4.081082999999999572e+00
-4.289511000000000074e+00
-4.316285999999999845e+00
-4.355137000000000036e+00
-4.550081999999999738e+00
-4.136270999999999809e+00
-4.344732999999999734e+00
-4.599253000000000036e+00
-4.519502000000000130e+00
-4.234172000000000047e+00
-4.136944999999999872e+00
-4.400730000000000253e+00
-4.436692999999999998e+00
-4.387859999999999872e+00
-4.376983000000000068e+00
-4.395700999999999858e+00
-3.598627000000000020e+00
-3.407087999999999894e+00
-3.300358999999999821e+00
-3.759339000000000208e+00
-4.032372999999999763e+00
-2.895408999999999899e+00
-3.084011999999999976e+00
-3.176325999999999983e+00
-2.847563000000000066e+00
-2.707011000000000056e+00
-3.242436000000000096e+00
-2.796628999999999809e+00
-2.782861000000000029e+00
-2.807719000000000076e+00
-2.922782000000000213e+00
-2.820365999999999929e+00
-2.857708000000000137e+00
-2.765360999999999958e+00
-2.846268999999999938e+00
-2.858601000000000170e+00
-3.017897000000000052e+00
-2.870267000000000124e+00
-2.817559999999999842e+00
-2.899748999999999910e+00
-2.865315999999999974e+00
-2.802671000000000134e+00
-3.044392000000000209e+00
-2.895058999999999827e+00
-2.740771000000000068e+00
-2.801019000000000148e+00
-2.796361999999999792e+00
-2.724323000000000050e+00
-2.763522000000000034e+00
-2.568325999999999887e+00
-2.758465999999999863e+00
-2.780047999999999853e+00
-2.805826000000000153e+00
-2.766039999999999832e+00
-2.887754000000000154e+00
-2.845247000000000082e+00
-2.763306000000000040e+00
-2.783087999999999784e+00
-2.688531999999999922e+00
-2.703117000000000214e+00
-2.802531999999999801e+00
-2.813917000000000002e+00
-2.714767999999999848e+00
-2.804337999999999997e+00
-2.760045999999999999e+00
-2.669630999999999865e+00
-3.008858000000000033e+00
-2.942798999999999943e+00
-2.909780000000000033e+00
-2.883135999999999921e+00
-3.046050999999999842e+00
-2.880154000000000103e+00
-3.025361999999999885e+00
-3.086078999999999795e+00
-3.025100000000000122e+00
-3.144143000000000132e+00
-2.935848000000000013e+00
-2.894843999999999973e+00
-2.933726000000000056e+00
-2.971925000000000150e+00
-3.001892999999999923e+00
-2.969575999999999993e+00
-2.978536000000000072e+00
-3.148210000000000175e+00
-2.963046999999999986e+00
-3.040287999999999879e+00
-2.945669999999999789e+00
-2.907852999999999799e+00
-2.828177000000000163e+00
-2.770296000000000092e+00
-2.858429999999999804e+00
-2.887916000000000150e+00
-2.831067000000000000e+00
-2.886181000000000108e+00
-2.831462000000000145e+00
-2.651291000000000064e+00
-2.632410999999999834e+00
-2.622821000000000069e+00
-2.710338000000000136e+00
-2.892546999999999979e+00
-2.780298000000000158e+00
-2.810706000000000149e+00
-2.717855999999999828e+00
-2.684404999999999930e+00
-2.754541000000000128e+00
-2.703608000000000011e+00
-2.756313000000000013e+00
-2.841727000000000114e+00
-2.973793000000000131e+00
-3.031439999999999912e+00
-3.113040999999999947e+00
-3.058311999999999919e+00
-3.115000000000000213e+00
-3.156632000000000104e+00
-3.265350000000000197e+00
-3.120137999999999856e+00
-3.033846000000000043e+00
-3.029844000000000204e+00
-3.175845999999999947e+00
-3.105271000000000114e+00
-3.168191999999999897e+00
-3.134929000000000077e+00
-3.311338999999999810e+00
-3.281582000000000221e+00
-3.200140000000000207e+00
-3.058821000000000012e+00
-3.032646000000000175e+00
-3.226005999999999929e+00
-3.456557000000000102e+00
-3.579022999999999843e+00
-3.514653000000000027e+00
-3.376685000000000159e+00
-3.209932999999999925e+00
-3.147237000000000062e+00
-3.247894000000000059e+00
-3.503871999999999876e+00
-3.579800000000000093e+00
-3.429981000000000169e+00
-3.359229000000000021e+00
-3.379646999999999846e+00
-3.497732000000000063e+00
-3.070950999999999986e+00
-2.757061000000000206e+00
-2.770091999999999999e+00
-2.838382000000000183e+00
-2.821912999999999894e+00
-2.829778999999999822e+00
-2.758464000000000027e+00
-2.815827000000000080e+00
-3.029574999999999907e+00
-2.676089999999999858e+00
-2.525627000000000066e+00
-2.819214999999999804e+00
-2.740326000000000040e+00
-2.738005999999999940e+00
-2.578711999999999893e+00
-2.516230000000000189e+00
-2.728282000000000096e+00
-2.707955000000000112e+00
-2.610549999999999926e+00
-2.616560000000000219e+00
-2.746808999999999834e+00
-2.885737000000000219e+00
-2.519022000000000094e+00
-2.831462999999999841e+00
-2.661882999999999999e+00
-2.607908000000000115e+00
-2.677357000000000209e+00
-2.688711000000000073e+00
-2.621805999999999859e+00
-2.587695000000000078e+00
-2.795075000000000198e+00
-3.079251999999999878e+00
-3.034638000000000169e+00
-2.977971999999999841e+00
-2.974272000000000027e+00
-2.841829000000000160e+00
-2.659759000000000206e+00
-2.576379999999999892e+00
-2.582209000000000199e+00
-2.611207999999999974e+00
-2.619010999999999978e+00
-2.480201999999999796e+00
-2.458540000000000170e+00
-2.393355000000000121e+00
-2.442641000000000062e+00
-2.457558000000000131e+00
-2.572197000000000067e+00
-2.471954999999999902e+00
-2.448513000000000162e+00
-2.445548000000000055e+00
-2.447410000000000085e+00
-2.535703999999999958e+00
-2.612556999999999796e+00
-2.592928000000000122e+00
-2.617671000000000081e+00
-2.686380999999999908e+00
-2.628915999999999809e+00
-2.807374999999999954e+00
-2.716758000000000006e+00
-2.803072999999999926e+00
-2.665344999999999853e+00
-2.831653000000000198e+00
-3.001473999999999975e+00
-2.732188999999999979e+00
-2.800069000000000141e+00
-2.829620999999999942e+00
-2.800094999999999779e+00
-2.862375000000000114e+00
-2.789363999999999955e+00
-2.643854000000000148e+00
-2.591676999999999786e+00
-2.676520000000000010e+00
-2.594730000000000203e+00
-2.512418999999999958e+00
-2.589132999999999907e+00
-2.734322000000000141e+00
-2.792936999999999781e+00
-2.852214000000000027e+00
-2.711956999999999951e+00
-2.688015000000000043e+00
-2.785759000000000096e+00
-2.518266000000000115e+00
-2.614885000000000126e+00
-2.623784999999999812e+00
-2.553214999999999790e+00
-2.572709000000000135e+00
-2.522117000000000164e+00
-2.508586999999999900e+00
-2.466016999999999904e+00
-2.618757000000000001e+00
-2.731847000000000136e+00
-2.726126999999999967e+00
-2.756663000000000086e+00
-2.559715999999999880e+00
-2.613208000000000197e+00
-2.589396999999999949e+00
-2.897615000000000052e+00
-2.678529999999999855e+00
-2.702602000000000171e+00
-2.623565000000000147e+00
-2.745635000000000048e+00
-2.737403000000000031e+00
-4.925790000000000113e+00
3.155234999999999790e+00
2.815059999999999896e+00
3.118659000000000070e+00
3.236308999999999880e+00
-5.219803999999999888e+00
-3.783234000000000208e+00
-3.653094999999999981e+00
-3.672015000000000029e+00
-3.236955000000000027e+00
-2.700737999999999861e+00
-2.806077000000000155e+00
-2.822252000000000205e+00
-2.883502000000000010e+00
-2.771161999999999903e+00
-3.017895999999999912e+00
-2.764632999999999896e+00
-2.603473999999999844e+00
-2.673506999999999856e+00
-2.617213000000000012e+00
-2.514736999999999778e+00
-2.445682999999999829e+00
-2.488725000000000076e+00
-2.664482000000000017e+00
-2.649388000000000076e+00
4.439262000000000263e+00
4.457052000000000014e+00
5.620135000000000325e+00
5.082479000000000191e+00
5.216385999999999967e+00
5.571104000000000056e+00
-3.081872000000000167e+00
-3.197775000000000034e+00
-3.627845000000000208e+00
-3.252060000000000173e+00
-2.977336000000000205e+00
-3.274134000000000100e+00
-3.302903999999999840e+00
-3.621376999999999846e+00
-3.665614999999999846e+00
-4.007634999999999614e+00
-2.822999999999999954e+00
-2.875408999999999882e+00
-2.946864999999999846e+00
-2.829331999999999958e+00
-2.793676000000000048e+00
-2.726696000000000009e+00
-2.745303999999999967e+00
-2.789305000000000145e+00
-2.929640000000000022e+00
-2.896294000000000146e+00
-2.636655999999999889e+00
-2.789750999999999870e+00
-2.518784999999999830e+00
-2.635396000000000072e+00
-2.524084999999999912e+00
-2.428818999999999839e+00
-2.504065000000000207e+00
-2.511982999999999855e+00
-2.484823000000000004e+00
-2.476227000000000178e+00
-2.472964000000000162e+00
-2.472731000000000012e+00
-3.103917000000000037e+00
-3.111896999999999913e+00
-2.972545000000000215e+00
-3.201003000000000043e+00
-3.113185999999999787e+00
-3.002498000000000111e+00
-2.831789999999999807e+00
-2.697541000000000189e+00
-2.753260000000000041e+00
-2.723127999999999993e+00
-2.810550000000000104e+00
-2.729420000000000179e+00
-2.688012000000000068e+00
-2.804524999999999935e+00
-2.758605999999999892e+00
-2.800453000000000081e+00
-2.973625000000000185e+00
-2.951490999999999865e+00
-2.910604999999999887e+00
-3.091451999999999867e+00
-3.213651000000000035e+00
-3.142311999999999994e+00
-3.124785000000000146e+00
-3.211272999999999822e+00
-3.273807000000000134e+00
-3.386219999999999786e+00
-3.502000999999999920e+00
-3.548630999999999869e+00
-4.779786999999999786e+00
-4.469994999999999941e+00
-4.002718999999999916e+00
-4.854313999999999574e+00
-4.109037999999999968e+00
-3.623479000000000116e+00
-3.922537000000000162e+00
-3.696155000000000079e+00
-3.441311999999999927e+00
-3.429263000000000172e+00
-3.666075000000000195e+00
-3.690262000000000153e+00
-3.343599999999999905e+00
-3.336628000000000149e+00
-3.318506000000000178e+00
-2.850531999999999844e+00
-2.822597000000000023e+00
-2.730313000000000212e+00
-2.781069000000000013e+00
-2.777101000000000042e+00
-2.855582000000000065e+00
-2.625863999999999976e+00
-2.793871000000000215e+00
-2.646609999999999907e+00
-2.472716000000000136e+00
-2.581792000000000087e+00
-2.498701000000000061e+00
-2.742680000000000007e+00
-2.786747999999999781e+00
-2.808618000000000059e+00
-2.631860999999999784e+00
-2.510800000000000143e+00
-2.439553000000000083e+00
-2.390388000000000179e+00
-2.498257000000000172e+00
-2.463038000000000061e+00
-2.390957000000000221e+00
-2.525907000000000124e+00
-2.451456999999999997e+00
-2.591918000000000166e+00
-2.538911000000000140e+00
-2.705912000000000095e+00
-2.648569999999999869e+00
-2.472087000000000145e+00
-2.393168999999999880e+00
-2.378715000000000135e+00
-2.434442999999999913e+00
-2.612884000000000206e+00
-2.500328999999999802e+00
-2.609427000000000163e+00
-2.724981999999999793e+00
-2.637893000000000043e+00
-2.583851999999999816e+00
-2.710726000000000191e+00
-2.659415000000000084e+00
-2.656312999999999924e+00
-2.436999999999999833e+00
-2.323034999999999961e+00
-2.517586000000000102e+00
-2.528948000000000196e+00
-2.644690000000000207e+00
-2.587600000000000122e+00
-2.535000999999999838e+00
-2.536918000000000006e+00
-2.638729999999999798e+00
-2.466704000000000008e+00
-2.688619000000000092e+00
-2.662439000000000000e+00
-2.712012999999999785e+00
-2.933253999999999806e+00
-2.944211999999999829e+00
-2.987471999999999905e+00
-2.980553000000000008e+00
-3.587492999999999821e+00
-3.549390999999999963e+00
-4.117421000000000220e+00
-3.949473999999999929e+00
-3.875198000000000143e+00
-3.877530000000000143e+00
-3.571184000000000136e+00
-3.420659000000000116e+00
-3.929548000000000041e+00
-4.027586000000000332e+00
-3.799358999999999931e+00
-3.690958999999999879e+00
-4.310938000000000159e+00
-3.958518999999999899e+00
-3.275605999999999796e+00
-3.227361000000000146e+00
-3.212384999999999824e+00
-3.513313999999999826e+00
-3.298471000000000153e+00
-3.585881000000000096e+00
-3.769308999999999799e+00
-3.803887000000000018e+00
-3.921740999999999921e+00
-3.874334999999999862e+00
-3.797277999999999931e+00
-4.020332999999999934e+00
-3.870712999999999848e+00
-3.669834999999999958e+00
-3.495884999999999909e+00
-3.618268000000000040e+00
-3.752353999999999967e+00
-3.500011000000000205e+00
-3.466232999999999898e+00
-3.423026999999999820e+00
-3.291722000000000037e+00
-3.168925999999999910e+00
-3.190891000000000144e+00
-3.835053999999999963e+00
-3.728359000000000201e+00
-3.172273000000000120e+00
-3.177456999999999976e+00
-3.378496999999999861e+00
-3.582981999999999889e+00
-3.237598000000000198e+00
-3.194221000000000199e+00
-4.835532999999999859e+00
-4.640291999999999639e+00
-3.092389999999999972e+00
-2.937768999999999853e+00
-2.955429000000000084e+00
-3.186555999999999944e+00
-3.205283000000000104e+00
-3.497459000000000096e+00
-3.572324000000000055e+00
-3.698056999999999928e+00
-3.553571999999999953e+00
-3.635495999999999839e+00
-3.699536000000000158e+00
-3.908097999999999850e+00
-4.405704000000000065e+00
-4.206495000000000317e+00
-4.241981000000000002e+00
-4.211492999999999931e+00
-4.539818999999999605e+00
-4.650239000000000011e+00
-4.537188000000000443e+00
-3.391496000000000066e+00
-3.387058999999999820e+00
-4.030857000000000134e+00
-3.997975999999999974e+00
-3.952071999999999807e+00
-4.060749999999999638e+00
-4.202637000000000178e+00
-4.207989000000000424e+00
-4.267680000000000362e+00
-4.077945999999999849e+00
-3.979248999999999814e+00
-3.608427999999999969e+00
-3.495325999999999933e+00
-3.801442000000000210e+00
-3.434072000000000013e+00
-3.298648000000000025e+00
-3.489376000000000033e+00
-3.338375000000000092e+00
-3.367687000000000097e+00
-3.099438000000000137e+00
-3.736971000000000043e+00
-3.804587000000000163e+00
-3.786944000000000088e+00
-3.657366000000000117e+00
-3.920179000000000080e+00
-3.742878999999999845e+00
-3.785550999999999888e+00
-3.409788999999999959e+00
-3.468532999999999866e+00
-3.474511000000000127e+00
-3.391510999999999942e+00
-3.389784999999999826e+00
-3.575280999999999931e+00
-3.691387999999999892e+00
-3.239123000000000197e+00
-3.360342999999999858e+00
-3.868329000000000129e+00
-4.022278000000000020e+00
-4.191290999999999656e+00
-4.207500999999999713e+00
-3.888250000000000206e+00
-2.917464999999999975e+00
-2.840910000000000046e+00
-2.870067000000000146e+00
-2.980033000000000154e+00
-2.735602999999999785e+00
-2.694364000000000203e+00
-2.811815000000000175e+00
-2.850271000000000221e+00
-2.781372999999999873e+00
-2.766194000000000042e+00
-2.801648000000000138e+00
-2.816276999999999919e+00
-2.818372000000000099e+00
-2.874957000000000207e+00
-3.003397000000000094e+00
-2.884946999999999928e+00
-2.780708000000000180e+00
-2.798356000000000066e+00
-2.885346000000000188e+00
-2.729229000000000127e+00
-2.732180000000000053e+00
-2.669639000000000095e+00
-2.736753999999999909e+00
-2.668715000000000170e+00
-2.685268999999999906e+00
-2.562886999999999915e+00
-2.716882000000000019e+00
-2.705125999999999920e+00
-2.646443999999999797e+00
-2.670256000000000185e+00
-2.581145999999999940e+00
-2.680622000000000060e+00
-2.941320000000000157e+00
-2.965104999999999880e+00
-3.046079999999999899e+00
-2.864508999999999972e+00
-2.903904999999999959e+00
-2.938651000000000124e+00
-2.790783999999999931e+00
-2.643149000000000193e+00
-2.532086000000000059e+00
-2.582104000000000177e+00
-2.541621999999999826e+00
-2.355471000000000092e+00
-2.513958000000000137e+00
-2.437946000000000168e+00
-2.432866999999999891e+00
-2.586103000000000041e+00
-2.502334999999999976e+00
-2.442422000000000093e+00
-2.519235000000000113e+00
-3.795849000000000029e+00
-3.689659999999999940e+00
-3.409774000000000083e+00
-3.320288999999999824e+00
-3.431239999999999846e+00
-3.182655000000000012e+00
-3.000739999999999963e+00
-2.637541999999999831e+00
-2.649284000000000194e+00
-2.693906999999999829e+00
-2.707791999999999977e+00
-2.600424999999999986e+00
-2.561958999999999875e+00
-2.628387000000000029e+00
-2.686895999999999951e+00
-2.573793000000000220e+00
-2.443334000000000117e+00
-2.335491999999999901e+00
-2.482798999999999978e+00
-2.537385000000000002e+00
-2.561887000000000025e+00
-2.584732999999999947e+00
-3.077929999999999833e+00
-3.030454999999999899e+00
-2.958117000000000107e+00
-3.120915000000000106e+00
-3.043826999999999838e+00
-3.040989999999999860e+00
-3.060362000000000027e+00
-3.094583999999999779e+00
-3.155860000000000110e+00
-3.143336000000000130e+00
-3.108929999999999971e+00
-3.363869999999999916e+00
-3.381864999999999899e+00
-3.429092999999999947e+00
-3.391246000000000205e+00
-3.129773999999999834e+00
-3.304085000000000161e+00
-4.334747000000000128e+00
-4.095655999999999963e+00
-3.938137999999999916e+00
-3.624048999999999854e+00
-3.483627999999999947e+00
-3.236337999999999937e+00
-3.049030000000000129e+00
-3.712836999999999943e+00
-3.870944000000000162e+00
-3.870855000000000157e+00
-3.993971999999999856e+00
-3.807309000000000054e+00
-3.673154999999999948e+00
-3.381022000000000194e+00
-3.199450999999999823e+00
-3.250617000000000090e+00
-3.462172999999999945e+00
-3.288329000000000057e+00
-3.226357999999999837e+00
-3.143374999999999808e+00
-3.277568000000000037e+00
-3.494556999999999913e+00
-3.152719999999999967e+00
-3.508824000000000165e+00
-3.558145999999999809e+00
-3.431329999999999991e+00
-3.550209999999999866e+00
-3.195043000000000077e+00
-3.032207000000000097e+00
-3.169481000000000215e+00
-3.189042000000000154e+00
-3.003982999999999848e+00
-3.478073000000000192e+00
-3.869329000000000018e+00
-3.394356000000000151e+00
-3.700947999999999904e+00
-3.560846999999999873e+00
-2.867542999999999953e+00
-2.978674999999999962e+00
-3.022333999999999854e+00
-2.974921000000000149e+00
-2.946216000000000168e+00
-2.839879999999999960e+00
-2.647461999999999982e+00
-2.585218999999999934e+00
-2.576328000000000173e+00
-2.605722999999999789e+00
-2.945993000000000084e+00
-2.800464999999999982e+00
-2.861644000000000077e+00
-2.749906000000000184e+00
-2.895106000000000179e+00
-2.811917000000000222e+00
-2.684206999999999788e+00
-2.681763000000000119e+00
-2.758325000000000138e+00
-2.808298999999999879e+00
-2.781045000000000211e+00
-2.860864999999999991e+00
-2.749353000000000158e+00
-2.947859999999999925e+00
-3.052493000000000123e+00
-2.581547000000000036e+00
-2.690265000000000128e+00
-2.403106000000000186e+00
-2.538209999999999855e+00
-2.898382999999999932e+00
-2.835390999999999995e+00
-2.677102999999999788e+00
-2.444091999999999931e+00
-2.941695999999999867e+00
-3.209356999999999793e+00
-2.959143000000000079e+00
-2.884091000000000182e+00
-2.946848000000000134e+00
-2.881008000000000013e+00
-2.800475000000000048e+00
-2.722468000000000110e+00
-2.770183999999999980e+00
-2.805058999999999969e+00
-2.714293000000000067e+00
-2.792931999999999970e+00
-2.721532999999999980e+00
-2.733267999999999809e+00
-2.830328000000000177e+00
-2.857339000000000073e+00
-2.909783000000000008e+00
-2.788654000000000188e+00
-2.808403000000000205e+00
-2.839652000000000065e+00
-3.127778000000000169e+00
-2.961292999999999953e+00
-2.943541000000000185e+00
-3.122889999999999944e+00
-2.943280000000000118e+00
-2.953819999999999890e+00
-2.915731000000000073e+00
-3.382582000000000200e+00
-4.109911999999999566e+00
-3.920923999999999854e+00
-4.007076999999999778e+00
-4.265342000000000411e+00
-4.006555999999999784e+00
-3.981841999999999882e+00
-4.340696999999999584e+00
-4.229521000000000086e+00
-4.087585999999999942e+00
-4.221980000000000288e+00
-2.764352999999999838e+00
-2.378521999999999803e+00
-2.400678999999999785e+00
-2.462130000000000152e+00
-2.477920000000000122e+00
-2.578781000000000212e+00
-2.447763000000000133e+00
-2.448042000000000051e+00
-2.517361999999999878e+00
-2.500185999999999797e+00
-2.601372000000000018e+00
-2.640864999999999796e+00
-2.519506999999999941e+00
-2.551683999999999841e+00
-2.652578000000000102e+00
-2.643225999999999853e+00
-2.552799999999999958e+00
-2.568661000000000083e+00
-2.608368000000000020e+00
-2.498244999999999827e+00
-2.520821999999999896e+00
-2.696738999999999997e+00
-2.634417000000000009e+00
-2.518135000000000012e+00
-2.604216999999999782e+00
-2.555048999999999904e+00
-2.589144000000000112e+00
-2.686567000000000149e+00
-2.714059999999999917e+00
-2.657224999999999948e+00
-2.682284999999999808e+00
-2.774445000000000050e+00
-2.747576000000000018e+00
-2.808748000000000022e+00
-2.961965999999999877e+00
-2.974555000000000060e+00
-2.994803999999999800e+00
-2.861696999999999935e+00
-2.890680000000000138e+00
-3.042908999999999864e+00
-2.962260000000000115e+00
-2.867738000000000120e+00
-2.963347000000000175e+00
-3.005158000000000218e+00
-3.023006000000000082e+00
-2.896945000000000103e+00
-2.850214999999999943e+00
-2.850891999999999982e+00
-2.759622999999999937e+00
-2.647321999999999953e+00
-2.830668999999999880e+00
-2.838366000000000167e+00
-2.629982000000000042e+00
-2.920420000000000016e+00
-2.765957000000000221e+00
-2.750652999999999793e+00
-2.676571000000000033e+00
-2.534390999999999838e+00
-2.447722000000000175e+00
-2.465622999999999898e+00
-2.482778000000000151e+00
-2.454244999999999788e+00
-2.477991999999999972e+00
-2.446550999999999920e+00
-2.455640999999999963e+00
-2.413752999999999815e+00
-2.427643999999999913e+00
-2.528899000000000008e+00
-2.328787000000000162e+00
-2.453885000000000094e+00
-2.387011000000000216e+00
-2.486671999999999993e+00
-2.591102999999999934e+00
-2.514807999999999932e+00
-2.487121999999999833e+00
-2.448805999999999816e+00
-2.375825999999999993e+00
-2.278347999999999818e+00
-2.354769000000000112e+00
-2.371090000000000142e+00
-2.430444000000000049e+00
-2.435226999999999808e+00
-2.389464999999999950e+00
-2.414518000000000164e+00
-2.355372000000000021e+00
-2.633284000000000180e+00
-2.637516000000000194e+00
-2.574875000000000025e+00
-2.345361000000000029e+00
-2.405829999999999913e+00
-2.522035999999999945e+00
-2.366477000000000164e+00
-2.305120000000000058e+00
-2.354103999999999974e+00
-2.422362000000000126e+00
-2.347983999999999849e+00
-2.349283999999999928e+00
-2.464424000000000170e+00
-2.408903000000000016e+00
-2.648712999999999873e+00
-2.656591000000000147e+00
-2.492420000000000080e+00
-2.489377000000000173e+00
-2.515601000000000198e+00
-2.508096999999999799e+00
-2.507702999999999793e+00
-2.501055000000000028e+00
-2.370537999999999812e+00
-2.484334000000000042e+00
-2.511035999999999824e+00
-2.437263000000000179e+00
-2.501898000000000177e+00
-2.594988999999999990e+00
-2.654942999999999831e+00
-2.615870000000000140e+00
-2.630904000000000131e+00
-2.687310999999999783e+00
-2.746405999999999903e+00
-2.661010999999999793e+00
-2.614977000000000107e+00
-2.686709000000000014e+00
-3.820015000000000160e+00
-3.837537999999999894e+00
-3.326665000000000205e+00
-3.199734999999999996e+00
-3.087714000000000070e+00
-3.161245000000000083e+00
-3.212206000000000117e+00
-3.170255000000000045e+00
-3.208248000000000211e+00
-3.061796000000000184e+00
-3.046129000000000087e+00
-3.133989999999999831e+00
-3.736838000000000104e+00
-3.450312999999999963e+00
-3.654055000000000053e+00
-3.493686999999999987e+00
-3.664651000000000103e+00
-2.795605999999999813e+00
-2.839294000000000207e+00
-2.906411999999999995e+00
-2.916135999999999839e+00
-3.115587000000000106e+00
-3.540348999999999968e+00
-3.277225000000000055e+00
-3.125420000000000087e+00
-3.290455999999999825e+00
-3.419103999999999921e+00
-3.698078999999999894e+00
-3.633646000000000154e+00
-3.856937999999999978e+00
-3.309594000000000147e+00
-3.108432000000000084e+00
-3.222316000000000180e+00
-3.588687000000000182e+00
-3.784616999999999898e+00
-4.095832999999999835e+00
-3.802461999999999787e+00
-3.821327000000000140e+00
-3.686849000000000043e+00
-3.700623000000000218e+00
-3.866352000000000011e+00
-3.971633000000000191e+00
-3.772262000000000004e+00
-3.844608000000000025e+00
-3.522206999999999866e+00
-3.620057000000000080e+00
-3.645872999999999919e+00
-3.554307000000000105e+00
-3.672126000000000001e+00
-3.633989999999999831e+00
-3.258534000000000042e+00
-3.222245000000000026e+00
-3.362785999999999831e+00
-3.438369999999999926e+00
-3.089938000000000073e+00
-3.095937999999999857e+00
-3.401596000000000064e+00
-3.508795000000000108e+00
-3.561230000000000118e+00
-3.238388000000000044e+00
-3.361089999999999911e+00
-3.408787999999999929e+00
-3.183466999999999825e+00
-2.862633999999999901e+00
-2.946442999999999923e+00
-2.900793999999999873e+00
-3.043200999999999823e+00
-3.078514000000000195e+00
-2.988875000000000171e+00
-2.861626999999999921e+00
-2.768435999999999897e+00
-2.667803000000000146e+00
-2.575470999999999844e+00
-2.669690999999999814e+00
-2.792444999999999844e+00
-2.661474999999999813e+00
-2.726269999999999971e+00
-2.580801000000000123e+00
-2.689372000000000096e+00
-2.591562000000000143e+00
-2.607542000000000026e+00
-2.588499999999999801e+00
-2.468008999999999897e+00
-2.748331999999999997e+00
-2.722096000000000071e+00
-2.825244000000000089e+00
-2.760565000000000158e+00
-2.818607999999999780e+00
-2.791297000000000139e+00
-2.736495999999999817e+00
-2.647711999999999843e+00
-2.688381999999999827e+00
-2.815730999999999984e+00
-2.751882000000000161e+00
-2.897174000000000138e+00
-2.797890000000000210e+00
-2.623582999999999998e+00
-2.656216000000000133e+00
-2.701707999999999998e+00
-2.725020999999999916e+00
-2.681121000000000087e+00
-2.756765999999999828e+00
-2.661500000000000199e+00
-2.661045999999999800e+00
-2.610271000000000008e+00
-2.593513000000000179e+00
-2.515429999999999833e+00
-2.614412999999999876e+00
-2.638625000000000220e+00
-2.557415000000000216e+00
-2.285874000000000184e+00
-2.278810000000000002e+00
-2.400034999999999918e+00
-2.495293999999999901e+00
-2.465672999999999782e+00
-2.547416000000000125e+00
-2.515343999999999802e+00
-2.577712000000000003e+00
-2.565951999999999789e+00
-2.500140000000000029e+00
-2.513571999999999917e+00
-2.476891000000000176e+00
-2.389527000000000179e+00
-2.537729000000000124e+00
-2.595636999999999972e+00
-2.575330000000000119e+00
-2.608216000000000090e+00
-4.889763000000000304e+00
-4.648799000000000348e+00
-5.304810999999999943e+00
-5.161449000000000176e+00
-4.415409000000000361e+00
-3.545868000000000020e+00
4.940470999999999613e+00
3.510658999999999974e+00
3.280657999999999852e+00
3.777045999999999903e+00
3.097551999999999861e+00
3.534221000000000057e+00
3.664438000000000084e+00
4.080261000000000138e+00
4.358052999999999955e+00
3.976992000000000083e+00
3.372358000000000189e+00
2.795544000000000029e+00
2.805362999999999829e+00
2.965107000000000159e+00
2.762748000000000204e+00
2.728508999999999851e+00
2.755621999999999794e+00
2.586092999999999975e+00
2.871242000000000072e+00
4.083425000000000082e+00
3.420924999999999994e+00
3.292953999999999937e+00
3.962873000000000090e+00
3.043925999999999910e+00
-2.701643999999999934e+00
-2.839046000000000181e+00
-2.870190000000000019e+00
-2.858743000000000034e+00
-2.854638000000000009e+00
-2.953587000000000184e+00
-3.082352000000000203e+00
-3.324059999999999793e+00
-3.459354999999999958e+00
-3.377139999999999809e+00
-3.943143000000000065e+00
-3.680000999999999856e+00
-3.179275000000000073e+00
-3.699326000000000114e+00
-3.192766999999999911e+00
-2.907290000000000152e+00
-2.708474999999999966e+00
-2.702960000000000029e+00
-2.585179000000000116e+00
-2.532913000000000192e+00
-2.762831999999999955e+00
-2.561888999999999861e+00
-2.758446000000000176e+00
-2.633296000000000081e+00
-3.060951000000000199e+00
-2.928093000000000057e+00
-3.570701000000000125e+00
-4.186393999999999949e+00
-3.864444999999999908e+00
-5.632031999999999705e+00
-2.944611999999999785e+00
-3.175365999999999911e+00
-3.095311999999999841e+00
-3.108289000000000080e+00
-3.931318000000000090e+00
-4.278940000000000410e+00
-3.518569999999999975e+00
-3.433171000000000195e+00
-2.983769000000000116e+00
-2.632406000000000024e+00
-2.767945999999999795e+00
-2.765194999999999848e+00
-2.713874000000000120e+00
-2.625328999999999802e+00
-2.539858000000000171e+00
-2.628864000000000090e+00
-2.990885000000000016e+00
-2.948582000000000036e+00
-2.710574999999999957e+00
-2.744123999999999786e+00
-2.540598000000000134e+00
-2.478340000000000209e+00
-2.531277999999999917e+00
-2.504551000000000194e+00
-2.547166999999999959e+00
-3.527112999999999943e+00
-3.670824000000000087e+00
-3.422158000000000033e+00
-3.497301999999999911e+00
-3.554526000000000074e+00
-3.056764999999999954e+00
-2.955239999999999867e+00
-3.420920999999999879e+00
-3.921463999999999839e+00
2.846851000000000020e+00
-4.685156000000000098e+00
-4.750958999999999932e+00
-4.724820000000000242e+00
-4.289390000000000036e+00
-3.529303000000000079e+00
-3.867268999999999846e+00
-4.072007000000000154e+00
-3.668468999999999980e+00
-3.506387999999999838e+00
-2.975385000000000169e+00
-2.889329000000000036e+00
-3.137182000000000137e+00
-3.463872999999999980e+00
-3.272585999999999995e+00
-2.908961000000000130e+00
-3.005298999999999943e+00
3.361720000000000041e+00
3.844193999999999889e+00
3.442095000000000127e+00
3.163910000000000000e+00
3.308689999999999909e+00
3.409257999999999900e+00
3.066024000000000083e+00
3.206770000000000120e+00
2.983782999999999852e+00
3.183647000000000116e+00
3.539860000000000007e+00
3.532653999999999961e+00
3.428847999999999896e+00
3.204698000000000047e+00
5.254939000000000249e+00
4.764124999999999943e+00
4.302680999999999756e+00
4.195661999999999558e+00
4.364282000000000217e+00
4.698656999999999861e+00
4.535408999999999580e+00
4.262788999999999717e+00
4.175481999999999694e+00
4.315070999999999657e+00
4.056585000000000107e+00
3.422674999999999912e+00
3.242887000000000075e+00
3.016837999999999909e+00
2.984434999999999949e+00
2.840790999999999844e+00
2.717261999999999844e+00
2.713429999999999787e+00
3.058610999999999969e+00
2.970489000000000157e+00
3.181512999999999813e+00
2.944014000000000131e+00
2.982655999999999974e+00
2.975204999999999878e+00
2.828746000000000205e+00
2.717766000000000126e+00
2.766156000000000059e+00
2.698484000000000105e+00
2.591731999999999925e+00
2.592941000000000162e+00
2.652000000000000135e+00
2.727984000000000187e+00
2.853651999999999855e+00
2.920084000000000124e+00
2.840866999999999809e+00
2.842762000000000011e+00
2.661493999999999804e+00
2.648446999999999996e+00
2.627263000000000126e+00
2.559229000000000198e+00
2.681649000000000171e+00
2.711923999999999779e+00
2.786541999999999852e+00
2.615556000000000214e+00
2.724467999999999890e+00
2.605557999999999819e+00
2.550393999999999828e+00
2.581656999999999869e+00
-3.219451999999999980e+00
-2.697874000000000105e+00
-2.699688000000000088e+00
-2.808587999999999862e+00
-2.672648000000000135e+00
-2.796243000000000034e+00
-2.857566999999999968e+00
-2.767348999999999837e+00
-2.615759000000000167e+00
-4.476132999999999917e+00
-4.194284999999999819e+00
-4.185954999999999870e+00
-3.405339000000000116e+00
-3.214525000000000077e+00
-3.355278000000000205e+00
-3.196778999999999815e+00
-3.142901000000000167e+00
-3.029332000000000136e+00
-3.017754000000000048e+00
-2.860266999999999893e+00
-2.771231000000000222e+00
-3.127644999999999786e+00
-3.464348999999999901e+00
-3.350171000000000010e+00
-3.503641000000000005e+00
-3.018930000000000113e+00
-2.656897999999999982e+00
-2.612938000000000205e+00
-2.589078999999999908e+00
-2.656155000000000044e+00
-2.701560000000000183e+00
-2.810932999999999904e+00
-2.916271000000000058e+00
-2.893317999999999834e+00
-2.862814999999999888e+00
-2.867348999999999926e+00
-2.953193999999999875e+00
-3.019146000000000107e+00
-3.258980000000000210e+00
-3.469670999999999950e+00
-3.358261999999999858e+00
-3.481103000000000058e+00
-3.682577999999999907e+00
-3.415026999999999813e+00
-3.775323999999999902e+00
-3.922768000000000033e+00
-3.216454999999999842e+00
-3.339954000000000089e+00
-3.050536000000000136e+00
-3.055382999999999960e+00
-2.990336999999999801e+00
-2.878264999999999851e+00
-2.794238000000000000e+00
-2.838751999999999942e+00
-2.740368999999999833e+00
-2.738338999999999857e+00
-2.653505000000000003e+00
-2.762725000000000097e+00
-2.732041000000000164e+00
-2.774788000000000032e+00
-2.731449000000000016e+00
-2.750185000000000102e+00
-2.687660999999999856e+00
-2.446810999999999847e+00
-2.520080000000000098e+00
-2.478472000000000008e+00
-2.540337000000000067e+00
-2.570440000000000058e+00
-2.327996000000000176e+00
-2.462670999999999832e+00
-2.556016000000000066e+00
-2.483067000000000135e+00
-2.618524999999999991e+00
-2.691844000000000126e+00
-2.663911000000000140e+00
-2.591636999999999968e+00
-2.712254999999999860e+00
-2.706566000000000027e+00
-2.614605000000000068e+00
-2.788872000000000018e+00
-2.805365999999999804e+00
-3.156562000000000090e+00
-3.086714999999999876e+00
-3.053208999999999840e+00
-3.141947000000000045e+00
-3.225976000000000177e+00
-3.280774000000000079e+00
-3.007438000000000056e+00
-2.998155999999999821e+00
-2.889126000000000083e+00
-2.998158000000000101e+00
-2.892541000000000029e+00
-3.215335000000000054e+00
-3.262958999999999943e+00
-3.727056999999999842e+00
-3.724781999999999815e+00
-3.977850999999999804e+00
3.009529000000000121e+00
3.065890000000000004e+00
2.500093000000000121e+00
2.619873000000000118e+00
2.632813000000000070e+00
2.631114999999999871e+00
2.595803000000000083e+00
2.589922000000000057e+00
3.075343999999999856e+00
2.937997000000000192e+00
3.013958000000000137e+00
2.698787999999999965e+00
2.908520999999999912e+00
2.921101000000000170e+00
2.914968000000000004e+00
3.011616000000000071e+00
2.946861999999999870e+00
3.152944999999999887e+00
3.051925999999999917e+00
2.985904000000000114e+00
2.861664000000000208e+00
2.850245000000000140e+00
3.044154999999999944e+00
3.161652000000000129e+00
3.005449000000000037e+00
3.056154999999999955e+00
2.762757000000000129e+00
3.100175999999999821e+00
2.946524999999999839e+00
2.932742000000000182e+00
2.855030999999999874e+00
2.930152999999999786e+00
2.908109000000000055e+00
2.899938999999999822e+00
2.900148999999999866e+00
3.158205000000000151e+00
3.340338000000000029e+00
3.516579999999999817e+00
3.724995999999999974e+00
3.885790000000000077e+00
3.770199999999999996e+00
3.823332999999999871e+00
5.709272999999999598e+00
5.363425000000000331e+00
5.930998999999999910e+00
-5.016048999999999758e+00
-5.175412999999999819e+00
-2.914870000000000072e+00
-2.952875999999999834e+00
-3.300008000000000052e+00
-3.458791000000000171e+00
-3.365606000000000098e+00
-3.295126999999999917e+00
-3.417473999999999901e+00
-3.479868999999999879e+00
-3.219161999999999857e+00
-3.259205000000000130e+00
-3.089618999999999893e+00
-3.322671999999999848e+00
-3.408926000000000123e+00
-3.181583999999999968e+00
-2.922984000000000027e+00
-2.971594000000000069e+00
-2.973298000000000219e+00
-3.270847999999999978e+00
-3.365747999999999962e+00
-3.067648000000000152e+00
-2.930539000000000005e+00
-2.750458000000000069e+00
-2.749163999999999941e+00
-2.835726000000000191e+00
-2.671431000000000111e+00
-2.805048000000000208e+00
-2.876538000000000039e+00
-2.681617000000000139e+00
-2.614050999999999902e+00
-2.672918999999999823e+00
-2.557021999999999906e+00
-2.727508999999999961e+00
-2.600662999999999947e+00
-2.658028999999999975e+00
-2.736779999999999990e+00
-2.637567000000000217e+00
-2.681131000000000153e+00
-2.648655000000000204e+00
-2.697389999999999954e+00
-2.942861000000000171e+00
-2.808612999999999804e+00
-2.831768999999999981e+00
-2.986956000000000166e+00
-2.742847999999999953e+00
-2.741114000000000051e+00
-2.863944000000000045e+00
-2.975846999999999909e+00
-2.790572000000000052e+00
-2.859030000000000182e+00
-2.773661000000000154e+00
-2.733376999999999946e+00
-2.856965000000000199e+00
-2.860247999999999902e+00
-2.754159000000000024e+00
-2.957777999999999796e+00
-2.971442999999999834e+00
-3.138027999999999818e+00
-3.048744999999999816e+00
-3.092375999999999792e+00
-2.976601000000000052e+00
-2.896615999999999858e+00
-2.863005999999999940e+00
-2.876545999999999825e+00
-2.641477000000000075e+00
-2.657429000000000041e+00
-2.734344999999999803e+00
-2.690676999999999985e+00
-2.595054000000000194e+00
-2.584931000000000090e+00
-2.491776000000000213e+00
-2.641243999999999925e+00
-2.634062999999999821e+00
-2.696610000000000174e+00
-2.725468999999999919e+00
-2.911089000000000038e+00
-2.798747999999999791e+00
-2.865724999999999856e+00
-2.883504999999999985e+00
-2.909307000000000087e+00
-2.844132999999999800e+00
-3.862089000000000105e+00
-3.866432999999999787e+00
-3.749238000000000071e+00
-3.782331000000000110e+00
-3.623301999999999801e+00
-3.385590999999999795e+00
-3.570275999999999783e+00
-3.729975000000000041e+00
-3.536998999999999782e+00
-3.592627999999999933e+00
-3.269992999999999927e+00
-3.285108999999999835e+00
-3.383271000000000139e+00
-3.333826000000000178e+00
-3.355945999999999874e+00
-3.513306000000000040e+00
-3.686825999999999937e+00
-3.723193999999999892e+00
-3.685436000000000156e+00
-3.784940000000000193e+00
-3.698382000000000058e+00
-3.712614999999999998e+00
-4.019823999999999842e+00
