-2.629582999999999782e+00
-2.673493999999999815e+00
-2.819277000000000033e+00
-2.949333000000000204e+00
-3.081555999999999962e+00
-3.169465999999999894e+00
-3.307752999999999943e+00
-2.898969999999999825e+00
-2.687797999999999909e+00
-2.689583999999999975e+00
-2.541190999999999978e+00
-2.591972000000000165e+00
-2.761702999999999797e+00
-2.829482000000000053e+00
-2.775065999999999811e+00
-2.701957999999999860e+00
-2.609468000000000121e+00
-2.786792999999999854e+00
-2.772501000000000104e+00
-2.836825000000000152e+00
-2.665439000000000114e+00
-2.543814999999999937e+00
-2.657264000000000070e+00
-2.643291000000000057e+00
-2.641153999999999780e+00
-2.660451000000000121e+00
-2.878448999999999813e+00
-2.684187999999999796e+00
-2.648569999999999869e+00
-2.736787000000000081e+00
-2.591744999999999965e+00
-2.720076999999999856e+00
-2.703603000000000200e+00
-2.793833999999999929e+00
-2.699361000000000121e+00
-2.751831999999999834e+00
-2.794599999999999973e+00
-2.867268999999999846e+00
-2.931389999999999940e+00
-2.765848000000000084e+00
-2.852514999999999912e+00
-3.155425000000000146e+00
-3.040127000000000024e+00
-2.947471999999999870e+00
-3.068086000000000091e+00
-3.153338000000000196e+00
-3.981611000000000011e+00
-4.328414000000000428e+00
-3.597720999999999947e+00
-3.203959999999999919e+00
-3.800254999999999939e+00
-4.457525999999999655e+00
-4.141880999999999702e+00
-3.254161999999999999e+00
-3.242617999999999778e+00
-3.827615999999999907e+00
-3.055022999999999822e+00
-3.353902000000000161e+00
-3.049005000000000187e+00
-2.946359000000000172e+00
-2.913621000000000016e+00
-2.980126999999999970e+00
-2.939274000000000164e+00
-2.919712000000000085e+00
-2.998034000000000088e+00
-2.978696999999999928e+00
-2.768355999999999817e+00
-2.956048000000000009e+00
-3.133585000000000065e+00
-3.049275000000000180e+00
-3.010873000000000133e+00
-3.034412000000000109e+00
-3.581677000000000000e+00
-3.438082000000000082e+00
-3.561256999999999895e+00
-3.774618999999999946e+00
3.808132000000000073e+00
4.085873999999999562e+00
4.071489999999999831e+00
4.094763999999999626e+00
-2.989705999999999975e+00
-3.022194999999999965e+00
-2.950369999999999937e+00
-2.964802999999999855e+00
-2.749842000000000120e+00
-2.500592000000000148e+00
-2.480614000000000097e+00
-2.688645000000000174e+00
-2.549409999999999954e+00
-2.753406000000000020e+00
-2.679514000000000173e+00
-2.672978000000000076e+00
-2.824847999999999804e+00
-2.911273000000000000e+00
-4.263022000000000311e+00
-4.243145000000000167e+00
-4.316112999999999644e+00
-4.558487999999999651e+00
4.053331000000000017e+00
4.012235999999999692e+00
4.530892999999999837e+00
3.605841999999999992e+00
3.576456999999999997e+00
3.814773999999999887e+00
3.699784000000000184e+00
3.877378999999999909e+00
3.648584000000000049e+00
3.737341999999999942e+00
3.020502000000000020e+00
3.098041999999999963e+00
3.236727999999999827e+00
3.058387000000000189e+00
3.170745999999999842e+00
3.035432000000000130e+00
3.232053000000000065e+00
3.494473999999999858e+00
3.718608000000000136e+00
3.506317999999999824e+00
3.603676000000000101e+00
3.595016999999999907e+00
3.561640999999999835e+00
3.516868999999999801e+00
3.617928000000000033e+00
3.519870000000000054e+00
3.446467999999999865e+00
3.530127999999999933e+00
3.639110000000000067e+00
3.214315000000000033e+00
3.208353999999999928e+00
3.292555000000000121e+00
3.168223999999999929e+00
3.336184999999999956e+00
3.347723999999999922e+00
3.506747999999999976e+00
3.547763999999999918e+00
3.521396000000000193e+00
3.284358000000000111e+00
3.320529000000000064e+00
2.945224000000000064e+00
3.213975000000000026e+00
3.268260999999999861e+00
3.201198000000000210e+00
3.112737999999999783e+00
3.134151000000000131e+00
3.216349999999999820e+00
3.102986000000000022e+00
3.422808999999999990e+00
3.649261999999999784e+00
3.177951999999999888e+00
3.056785999999999781e+00
2.918099999999999916e+00
3.223355000000000192e+00
3.163257999999999903e+00
3.264871999999999996e+00
3.459188999999999847e+00
3.448865000000000069e+00
3.216825000000000045e+00
3.164412000000000003e+00
2.937816999999999901e+00
2.855249999999999844e+00
2.917912999999999979e+00
2.914010000000000211e+00
2.936739999999999906e+00
2.907643000000000200e+00
2.853966999999999921e+00
2.802204000000000139e+00
2.833171999999999802e+00
2.825159999999999894e+00
2.974183000000000021e+00
3.044493999999999811e+00
2.757073999999999803e+00
2.840333000000000219e+00
2.847210000000000019e+00
2.991200000000000081e+00
2.970607000000000220e+00
3.017847999999999864e+00
3.040090000000000181e+00
2.835023000000000071e+00
2.690895999999999955e+00
2.786094999999999988e+00
2.833607000000000209e+00
2.938251000000000168e+00
2.838925000000000143e+00
2.897107000000000099e+00
2.911081999999999947e+00
3.044076000000000004e+00
3.081698999999999966e+00
3.441443000000000030e+00
3.529965999999999937e+00
3.430353000000000208e+00
3.274321000000000037e+00
3.123116000000000003e+00
3.288746000000000169e+00
3.236838999999999800e+00
3.273810000000000109e+00
2.986056000000000044e+00
3.026772999999999936e+00
3.326407999999999809e+00
3.279056999999999888e+00
3.534774999999999778e+00
3.520143000000000022e+00
3.258246000000000198e+00
3.088468000000000213e+00
3.280826999999999938e+00
3.457539000000000140e+00
3.423643000000000214e+00
3.567476999999999787e+00
3.362855000000000150e+00
3.393581000000000181e+00
3.360184999999999977e+00
3.120887000000000189e+00
3.215088999999999864e+00
3.796154000000000028e+00
3.949686999999999948e+00
3.903011999999999926e+00
3.447131999999999863e+00
3.643966999999999956e+00
3.645541999999999838e+00
3.670703000000000049e+00
3.620311000000000057e+00
3.480094999999999938e+00
3.451292000000000026e+00
3.149052999999999880e+00
3.438530000000000086e+00
3.136031000000000013e+00
3.359903999999999780e+00
3.139861999999999931e+00
3.184619000000000089e+00
3.204855999999999927e+00
3.041278999999999844e+00
2.857546000000000141e+00
3.053655000000000008e+00
3.059215000000000018e+00
2.925682999999999812e+00
2.968040999999999929e+00
3.052039999999999864e+00
3.042564000000000046e+00
2.980602999999999891e+00
3.103178000000000214e+00
3.261174000000000017e+00
3.213286999999999782e+00
3.029840999999999784e+00
3.094555000000000167e+00
3.200769999999999893e+00
3.252876000000000101e+00
3.277255999999999947e+00
3.282290999999999848e+00
3.212410000000000210e+00
3.488525999999999794e+00
3.438693000000000222e+00
3.211152999999999924e+00
3.287608999999999781e+00
3.272670999999999886e+00
3.386388000000000176e+00
3.458502999999999883e+00
3.460151000000000199e+00
3.350810000000000066e+00
3.361415000000000042e+00
3.113497000000000181e+00
3.374909000000000159e+00
3.105312000000000072e+00
3.305600999999999789e+00
3.272171999999999858e+00
3.362807999999999797e+00
3.200210000000000221e+00
3.198176999999999826e+00
3.270777999999999963e+00
3.223168999999999951e+00
2.941005999999999787e+00
3.070040999999999798e+00
3.128741999999999912e+00
3.190765999999999991e+00
3.042864999999999931e+00
2.823491999999999891e+00
2.796603999999999868e+00
2.888663999999999898e+00
2.701848000000000027e+00
2.831685999999999925e+00
2.774226000000000081e+00
2.762938000000000116e+00
2.776727999999999863e+00
2.758417000000000119e+00
2.726173000000000179e+00
2.940710999999999853e+00
2.869556999999999913e+00
2.901508000000000198e+00
2.885568999999999829e+00
2.698506000000000071e+00
2.589592999999999812e+00
2.627305999999999919e+00
2.661204000000000125e+00
2.524690999999999796e+00
2.372255000000000003e+00
2.362055999999999933e+00
2.363020000000000120e+00
2.450410999999999895e+00
3.958584000000000103e+00
4.014273000000000202e+00
3.606730000000000214e+00
4.185717999999999606e+00
4.177266999999999619e+00
3.816733999999999849e+00
4.026727000000000167e+00
4.460098999999999592e+00
4.268601000000000312e+00
4.125179000000000151e+00
4.415631000000000306e+00
3.961934999999999985e+00
4.508731000000000044e+00
4.717096999999999873e+00
4.103384000000000142e+00
4.020698000000000327e+00
4.195602000000000054e+00
4.123737000000000208e+00
4.265920000000000378e+00
4.460467000000000404e+00
4.132179999999999964e+00
4.306216000000000044e+00
-4.238093000000000110e+00
4.652451000000000114e+00
4.659157999999999689e+00
4.054880999999999958e+00
4.825060999999999822e+00
4.214748000000000161e+00
-4.036796999999999969e+00
-4.469039999999999679e+00
-4.199563000000000379e+00
-4.172067000000000192e+00
-4.301099999999999923e+00
-3.957073999999999980e+00
-4.127811000000000341e+00
-4.443159999999999776e+00
-4.357363000000000319e+00
-2.776686000000000210e+00
-3.233382000000000200e+00
-3.184724999999999806e+00
-3.146294000000000146e+00
-3.209861000000000075e+00
-3.129061999999999788e+00
-3.559318999999999900e+00
-3.716460999999999792e+00
-3.788597000000000214e+00
-3.715251999999999999e+00
-3.397688000000000041e+00
-3.542318999999999996e+00
-3.462248999999999910e+00
-3.381400000000000183e+00
-3.546516000000000002e+00
-3.439810000000000034e+00
-3.474167000000000005e+00
-3.716648999999999869e+00
-3.550367000000000051e+00
-3.861641999999999797e+00
-3.854252999999999929e+00
-3.441466999999999832e+00
-3.463636000000000159e+00
-3.464078999999999908e+00
-3.127889999999999837e+00
-3.411281999999999925e+00
-3.156603000000000048e+00
-3.115972999999999882e+00
-3.096722999999999892e+00
-3.063028999999999780e+00
-3.261031000000000013e+00
-3.228098000000000134e+00
-3.408373999999999793e+00
-3.223066000000000209e+00
-2.871897000000000144e+00
-2.933066999999999869e+00
-2.922140000000000182e+00
-2.866382000000000208e+00
-3.008472999999999953e+00
-3.027099000000000206e+00
-2.654762999999999984e+00
-2.534483999999999959e+00
-2.859016000000000002e+00
-2.493190999999999935e+00
-2.576394000000000073e+00
-2.700743999999999811e+00
-2.541656000000000137e+00
-2.611896999999999913e+00
-2.600652000000000186e+00
-2.625302000000000024e+00
-2.702793999999999919e+00
-2.537666000000000199e+00
-2.601404000000000050e+00
-2.720425999999999789e+00
-2.679086999999999996e+00
-2.758843999999999852e+00
-2.739146999999999998e+00
-2.750703999999999816e+00
-2.674568999999999974e+00
-2.550304000000000126e+00
-2.588070000000000093e+00
-2.718576000000000104e+00
-2.535308000000000117e+00
-2.602265000000000050e+00
-2.628127999999999798e+00
-2.585545000000000204e+00
-2.551006999999999802e+00
-2.362188000000000176e+00
-2.565132999999999885e+00
-2.715462000000000042e+00
-2.760330999999999868e+00
-2.703647000000000133e+00
-2.867627999999999844e+00
-2.887515000000000054e+00
-2.854392999999999958e+00
-2.961129999999999818e+00
-2.949437000000000086e+00
-2.911967999999999890e+00
-2.745362000000000080e+00
-3.016000000000000014e+00
-2.873689999999999856e+00
-2.886649999999999938e+00
-2.896650000000000169e+00
-2.865041999999999867e+00
-2.639041000000000192e+00
-2.794112999999999847e+00
-2.685957000000000150e+00
-2.529011000000000120e+00
-2.603067999999999937e+00
-2.628350000000000186e+00
-2.674040000000000195e+00
-2.808431000000000122e+00
-2.558025999999999911e+00
-2.706831000000000209e+00
-2.719578999999999969e+00
-2.725258000000000180e+00
-2.734392000000000156e+00
-2.563181999999999849e+00
-2.718482999999999983e+00
-2.638005999999999851e+00
-2.616662999999999961e+00
-2.626011999999999791e+00
-2.609627000000000141e+00
-2.678014000000000117e+00
-2.549075999999999897e+00
-2.677573999999999899e+00
-2.747777999999999832e+00
-2.644379999999999953e+00
-2.660034000000000010e+00
-2.667123999999999828e+00
-2.726634999999999920e+00
-2.761282000000000014e+00
-2.858664000000000094e+00
-2.894690000000000207e+00
-2.882839000000000151e+00
-2.653474999999999806e+00
-2.911887999999999810e+00
-2.728416000000000174e+00
-2.904935000000000045e+00
-2.728626999999999914e+00
-2.827401000000000053e+00
-2.746122000000000174e+00
-2.796901000000000082e+00
-2.605332999999999899e+00
-2.481146999999999991e+00
-2.474194999999999922e+00
-2.439281999999999950e+00
-2.507916999999999952e+00
-2.539349000000000078e+00
-2.704089999999999883e+00
-2.651876000000000122e+00
-2.552567999999999948e+00
-2.568283000000000094e+00
-2.605382999999999782e+00
-2.417895999999999823e+00
-2.505100000000000104e+00
-2.620823000000000125e+00
-2.566390000000000171e+00
-2.533631999999999884e+00
-2.538378999999999941e+00
-2.530911000000000133e+00
-2.475817999999999852e+00
-2.464834999999999887e+00
-2.564465999999999912e+00
-2.472536999999999985e+00
-2.440586000000000144e+00
-2.235250000000000181e+00
-2.342877000000000098e+00
-2.468516999999999850e+00
-2.471961999999999993e+00
-2.515156000000000169e+00
-2.613576999999999817e+00
-2.648692000000000046e+00
-2.471986999999999934e+00
-2.674563000000000024e+00
-2.754936999999999969e+00
-2.606790000000000163e+00
-2.641655999999999782e+00
-2.535817999999999905e+00
-2.452747000000000011e+00
-2.436081999999999859e+00
-2.488018999999999981e+00
-2.453840000000000021e+00
-2.364581999999999962e+00
-2.544089000000000045e+00
-2.683891000000000027e+00
-2.604715999999999809e+00
-2.530978999999999868e+00
-2.783647999999999900e+00
-2.690227999999999842e+00
-2.663167000000000062e+00
-2.592133000000000020e+00
-2.571747999999999923e+00
-2.730046000000000195e+00
-2.759942000000000117e+00
-2.824256000000000100e+00
-2.836691000000000074e+00
-2.685846999999999873e+00
-2.811402000000000179e+00
-2.874378999999999795e+00
-2.824559999999999960e+00
-2.819443000000000144e+00
-2.805715000000000181e+00
-2.895035000000000025e+00
-2.783751000000000086e+00
-2.789897999999999989e+00
-2.913679000000000130e+00
-2.894048000000000176e+00
-2.853495000000000115e+00
-2.788666999999999785e+00
-2.827265999999999835e+00
-2.776295000000000179e+00
-2.792069999999999830e+00
-2.888525000000000009e+00
-2.766650999999999971e+00
-2.789159000000000166e+00
-2.843234999999999957e+00
-2.936012999999999984e+00
-3.462973999999999997e+00
-3.753887000000000196e+00
-3.969977000000000089e+00
-3.920868000000000020e+00
-3.659063999999999872e+00
-3.520033000000000190e+00
-3.625510999999999928e+00
-3.261711000000000027e+00
-3.273639999999999883e+00
-3.238338000000000161e+00
-3.196915999999999869e+00
-3.138262000000000107e+00
-3.117904999999999927e+00
-3.128089999999999815e+00
-3.011769999999999836e+00
-2.923620999999999803e+00
-3.055448999999999860e+00
-3.363844999999999974e+00
-3.275665000000000049e+00
-2.854038000000000075e+00
-2.741716999999999960e+00
-2.954905000000000115e+00
-3.050610999999999962e+00
-2.931073000000000039e+00
-2.872628999999999877e+00
-4.626475000000000115e+00
-4.223707000000000100e+00
-4.197683999999999749e+00
-3.992258999999999780e+00
-4.725934999999999775e+00
-4.262317999999999607e+00
-4.223647999999999847e+00
-3.893550999999999984e+00
-2.863487000000000116e+00
-3.152029999999999887e+00
-3.038054999999999950e+00
-3.167479000000000156e+00
-3.686738000000000071e+00
-3.643745000000000012e+00
-3.512535999999999881e+00
-3.485040999999999833e+00
-3.123727000000000142e+00
-3.172140000000000182e+00
-3.173077999999999843e+00
-3.113083000000000045e+00
-3.060923999999999978e+00
-3.118923999999999808e+00
-3.030177999999999816e+00
-3.292308999999999930e+00
-3.336063999999999918e+00
-3.226196999999999981e+00
-3.308082999999999885e+00
-3.316057999999999950e+00
-3.168212000000000028e+00
-3.223943999999999921e+00
-3.256810999999999900e+00
-3.313156000000000212e+00
-3.284825000000000106e+00
-3.374695000000000000e+00
-3.402025000000000077e+00
-3.290629000000000026e+00
-3.227762999999999938e+00
-3.259930000000000216e+00
-3.111346000000000167e+00
-3.163628000000000107e+00
-3.385723000000000038e+00
-3.127187999999999857e+00
-3.112353000000000147e+00
-3.125881000000000132e+00
-3.001759999999999984e+00
-3.117268999999999846e+00
-3.236517000000000088e+00
-2.995417000000000218e+00
-2.865260999999999836e+00
-2.942638999999999783e+00
-3.070767000000000024e+00
-3.004936999999999969e+00
-3.009173999999999793e+00
-2.958860000000000046e+00
-2.893437000000000037e+00
-2.892218999999999873e+00
-2.821124000000000187e+00
-3.185753000000000057e+00
-3.320416999999999952e+00
-3.145554999999999879e+00
-3.001888000000000112e+00
-2.984544000000000086e+00
-4.057990000000000208e+00
-3.990159999999999929e+00
-3.945869000000000071e+00
-3.947858999999999785e+00
-4.006555999999999784e+00
-4.008169999999999789e+00
-4.023765000000000036e+00
-4.021688000000000152e+00
-4.360770999999999731e+00
-4.229070000000000107e+00
-4.153171999999999642e+00
-4.037808000000000064e+00
-4.078611999999999682e+00
-4.043904999999999639e+00
-4.011320999999999692e+00
4.349884000000000306e+00
4.301706000000000252e+00
4.132600000000000051e+00
-4.758356000000000030e+00
-4.804610000000000269e+00
-4.459925000000000139e+00
-4.302438000000000429e+00
-4.417190999999999867e+00
-4.591901000000000010e+00
-4.414794999999999803e+00
-4.671788000000000274e+00
4.228288000000000046e+00
4.831926000000000165e+00
3.693080999999999836e+00
4.320954000000000406e+00
3.768282999999999827e+00
4.017007999999999690e+00
4.144796000000000369e+00
4.050410000000000288e+00
4.084933000000000369e+00
4.160862999999999978e+00
4.617066000000000336e+00
4.614501999999999882e+00
4.285961999999999605e+00
4.698209000000000302e+00
4.588137999999999828e+00
4.438310999999999673e+00
4.233916999999999931e+00
4.259952000000000183e+00
4.034453000000000067e+00
-3.623746000000000134e+00
-3.439411999999999914e+00
-3.401186000000000043e+00
-2.940100000000000158e+00
-2.874890000000000168e+00
-3.256008000000000013e+00
-2.882881999999999945e+00
-3.270159000000000038e+00
-3.287961000000000134e+00
-2.979064000000000156e+00
-3.235895000000000188e+00
-3.053891000000000133e+00
-3.324349000000000220e+00
-3.464777000000000218e+00
-3.318105000000000082e+00
-3.358352000000000004e+00
-3.249906999999999879e+00
-3.120830999999999911e+00
-3.021418000000000159e+00
-2.904976000000000003e+00
-2.967276000000000025e+00
-2.909858999999999973e+00
-2.879497999999999891e+00
-2.928106000000000098e+00
-2.806776000000000160e+00
-2.829543000000000141e+00
-2.930286999999999864e+00
-3.172686999999999813e+00
-2.865276999999999852e+00
-2.982155000000000111e+00
-2.877609999999999779e+00
-2.987489000000000061e+00
-2.567978999999999790e+00
-2.631148000000000042e+00
-2.361238999999999866e+00
-2.473872000000000071e+00
-2.558419000000000221e+00
-2.510819000000000134e+00
-2.523013000000000172e+00
-2.570286999999999988e+00
-2.486616999999999855e+00
-2.605589999999999851e+00
-2.837686000000000153e+00
-2.799673999999999996e+00
-2.940249000000000112e+00
-2.972580999999999918e+00
-3.417349999999999888e+00
-3.287717999999999918e+00
-3.255202999999999847e+00
-3.469145999999999841e+00
-3.578829999999999956e+00
-3.401548000000000016e+00
-3.518057999999999907e+00
-3.345353999999999939e+00
-3.291494000000000142e+00
-3.486050999999999789e+00
-3.384501999999999899e+00
-3.424354000000000120e+00
-3.582301000000000180e+00
-3.402349000000000068e+00
-3.072402999999999995e+00
-3.287691999999999837e+00
-3.445609999999999840e+00
-3.441485999999999823e+00
-3.415785000000000071e+00
-3.709270000000000067e+00
-3.549430000000000085e+00
-3.896856999999999793e+00
-3.874676000000000009e+00
-3.711494000000000071e+00
-3.908624000000000098e+00
-4.086488000000000120e+00
-4.210675000000000168e+00
-4.022797999999999874e+00
-4.019447999999999688e+00
-3.953319000000000027e+00
-4.018318999999999974e+00
-4.057380000000000209e+00
-3.608652999999999889e+00
-3.637642000000000042e+00
-3.686869000000000174e+00
-3.792828000000000088e+00
-4.095661999999999914e+00
4.015546999999999755e+00
3.532487999999999850e+00
3.573297999999999863e+00
3.529109000000000052e+00
3.628969999999999807e+00
3.465323000000000153e+00
3.499868999999999897e+00
3.715577000000000130e+00
3.673268000000000200e+00
3.852167000000000119e+00
3.657475999999999949e+00
3.717258000000000173e+00
3.844288000000000149e+00
3.786871000000000098e+00
3.360666000000000153e+00
3.834884999999999877e+00
3.484836000000000045e+00
3.457088000000000161e+00
3.506902999999999881e+00
3.284075000000000077e+00
3.426674000000000220e+00
3.525392000000000081e+00
3.561170999999999864e+00
3.516875000000000195e+00
3.456026000000000042e+00
3.396466000000000207e+00
3.587597000000000147e+00
3.273868999999999918e+00
3.102908999999999917e+00
3.055881999999999987e+00
3.053885000000000183e+00
3.182395000000000085e+00
3.434667000000000137e+00
3.114465000000000039e+00
3.202675999999999856e+00
3.285245000000000193e+00
3.690865000000000062e+00
3.719968000000000163e+00
3.722303999999999835e+00
3.914655000000000218e+00
3.994336999999999804e+00
3.664641000000000037e+00
3.937432999999999961e+00
3.773986999999999981e+00
4.242818999999999896e+00
3.995953000000000088e+00
3.843916999999999806e+00
3.778070000000000039e+00
3.477559999999999985e+00
3.559740000000000126e+00
3.432030000000000136e+00
2.979408999999999974e+00
3.176229000000000191e+00
3.582987000000000144e+00
3.431897000000000197e+00
3.626867999999999981e+00
3.563623000000000207e+00
3.581726000000000187e+00
3.369350999999999985e+00
3.485844999999999860e+00
3.439096999999999849e+00
3.664979999999999905e+00
3.632308000000000092e+00
3.726107999999999976e+00
3.791370999999999825e+00
3.680810999999999833e+00
3.659717999999999805e+00
3.658427999999999791e+00
3.738471000000000100e+00
3.644305000000000128e+00
3.552411999999999903e+00
3.619235999999999898e+00
3.479349000000000025e+00
3.438846999999999987e+00
3.332564000000000082e+00
3.278426000000000062e+00
3.498587000000000113e+00
3.517939999999999845e+00
3.560652000000000150e+00
3.551670000000000105e+00
3.508049000000000195e+00
3.483943000000000012e+00
3.684620999999999924e+00
3.541536999999999935e+00
3.684613000000000138e+00
3.681232000000000060e+00
3.465053000000000161e+00
3.799056999999999906e+00
3.812110999999999805e+00
3.760765999999999831e+00
3.678532999999999831e+00
3.436687000000000047e+00
3.369667000000000190e+00
3.509651999999999994e+00
3.571492999999999807e+00
3.453174999999999883e+00
3.478829000000000171e+00
3.604814999999999880e+00
3.601672999999999902e+00
3.633684000000000136e+00
3.608213000000000115e+00
3.523359000000000130e+00
3.426759999999999806e+00
3.361353999999999953e+00
3.309820999999999902e+00
3.175581000000000209e+00
3.525568999999999953e+00
3.376517999999999908e+00
3.423579000000000150e+00
3.447839999999999794e+00
3.395814000000000110e+00
3.207564000000000082e+00
3.332040000000000113e+00
3.265662999999999982e+00
3.365857999999999794e+00
3.460306999999999800e+00
3.267066999999999943e+00
3.362410000000000121e+00
3.395220999999999822e+00
3.261915999999999816e+00
3.167781999999999876e+00
3.292012000000000160e+00
3.360171999999999937e+00
3.225547000000000164e+00
3.494422999999999835e+00
3.531190000000000051e+00
3.638891000000000098e+00
3.583488000000000007e+00
3.429628999999999817e+00
3.394400000000000084e+00
3.231574999999999864e+00
3.238858000000000015e+00
3.250738000000000127e+00
3.197404999999999831e+00
3.489863000000000159e+00
3.374449999999999950e+00
3.299586000000000130e+00
3.333931000000000200e+00
3.266061000000000103e+00
3.296400999999999915e+00
3.388292999999999999e+00
3.226434999999999942e+00
3.270185000000000120e+00
3.400752000000000219e+00
3.341530000000000111e+00
3.342159000000000102e+00
3.492126999999999981e+00
3.400510000000000144e+00
3.503960000000000186e+00
3.740940999999999850e+00
3.422468999999999983e+00
3.586917000000000133e+00
3.411672999999999956e+00
3.268189000000000011e+00
3.265800000000000036e+00
3.295688000000000173e+00
3.241897999999999946e+00
3.200724000000000125e+00
3.196403999999999801e+00
3.377988000000000213e+00
2.930190000000000072e+00
3.076821999999999946e+00
3.351083000000000034e+00
3.138835999999999959e+00
3.041714999999999947e+00
3.335370999999999864e+00
3.445469999999999811e+00
3.359405999999999892e+00
3.511044000000000054e+00
3.288422999999999874e+00
3.313295000000000101e+00
3.429607999999999990e+00
3.251494000000000106e+00
3.257585999999999871e+00
3.565723999999999894e+00
3.570994999999999919e+00
3.455146000000000051e+00
3.267307000000000183e+00
3.384217000000000031e+00
3.018620999999999999e+00
3.097442000000000029e+00
3.184613000000000138e+00
3.127086999999999950e+00
2.463928999999999814e+00
2.520948999999999884e+00
2.312330999999999914e+00
2.419111000000000011e+00
2.442032000000000203e+00
2.517047999999999952e+00
2.444193999999999978e+00
2.426870000000000083e+00
2.405893999999999977e+00
2.333543999999999841e+00
2.319547000000000025e+00
2.327809999999999935e+00
2.338207000000000146e+00
2.442098999999999798e+00
2.396498999999999935e+00
2.286369999999999791e+00
2.378944000000000170e+00
2.251516000000000073e+00
2.719530999999999921e+00
2.864989000000000008e+00
2.813906999999999936e+00
2.684034000000000031e+00
2.531493000000000215e+00
2.629351000000000216e+00
2.625809999999999977e+00
2.532934000000000019e+00
2.579766999999999921e+00
2.714341999999999810e+00
2.539433999999999969e+00
2.494474999999999998e+00
2.618247000000000213e+00
2.282213000000000047e+00
2.452376000000000111e+00
2.458260000000000112e+00
2.395445000000000046e+00
2.496065000000000200e+00
2.386344999999999938e+00
2.422013000000000194e+00
2.373444000000000109e+00
2.277325999999999961e+00
2.177747000000000099e+00
2.864311999999999969e+00
2.875717999999999996e+00
2.909155999999999853e+00
2.889537999999999940e+00
2.883303000000000171e+00
2.708159999999999901e+00
2.804340999999999973e+00
2.837445000000000217e+00
2.934410999999999881e+00
2.923636000000000124e+00
2.933530000000000193e+00
2.840498999999999885e+00
2.806167999999999996e+00
2.736190000000000122e+00
2.756221000000000032e+00
2.736835999999999824e+00
2.812978000000000200e+00
2.724120999999999793e+00
2.826689000000000007e+00
2.638510000000000133e+00
2.667372999999999994e+00
2.654186999999999852e+00
2.419099999999999806e+00
2.390782000000000185e+00
2.394903999999999922e+00
2.375650999999999957e+00
2.587034000000000056e+00
2.444339999999999957e+00
2.446206000000000103e+00
2.458724000000000132e+00
2.331900000000000084e+00
2.406117000000000061e+00
2.343630000000000102e+00
2.523388999999999882e+00
2.569345000000000212e+00
2.442810000000000148e+00
2.406257999999999786e+00
2.260994000000000170e+00
2.324069000000000162e+00
2.425138000000000016e+00
2.544153000000000109e+00
2.540615999999999985e+00
2.631517000000000106e+00
2.602803000000000200e+00
2.635067999999999966e+00
2.595419000000000143e+00
2.589566000000000034e+00
2.735329000000000121e+00
2.637032000000000043e+00
2.770532999999999912e+00
2.581620000000000026e+00
2.627482999999999791e+00
2.503734000000000126e+00
2.497592000000000034e+00
2.419980999999999938e+00
2.455677999999999805e+00
2.636425000000000018e+00
2.548515999999999782e+00
2.558292999999999928e+00
2.629783999999999899e+00
2.577036000000000104e+00
2.637102000000000057e+00
2.710096000000000060e+00
2.577119999999999855e+00
2.653528000000000109e+00
2.571289000000000158e+00
2.696524999999999839e+00
2.689099999999999824e+00
2.792466999999999810e+00
2.764902000000000193e+00
2.656982000000000177e+00
2.618021000000000154e+00
2.659123000000000125e+00
2.726259000000000210e+00
2.804464999999999986e+00
2.658087000000000089e+00
2.684838000000000058e+00
2.733905000000000030e+00
2.678898999999999919e+00
2.581517999999999979e+00
2.833483000000000196e+00
2.691311999999999927e+00
2.887696000000000041e+00
2.745483999999999813e+00
2.732676999999999801e+00
2.692286999999999875e+00
2.782777999999999974e+00
2.707896999999999998e+00
2.680038000000000142e+00
2.540845000000000020e+00
2.692908000000000079e+00
2.613017000000000145e+00
2.478064999999999962e+00
2.691285000000000149e+00
2.805861000000000161e+00
2.746002999999999972e+00
2.654387999999999970e+00
2.743295999999999957e+00
2.784425999999999846e+00
2.929682999999999815e+00
2.923537000000000052e+00
2.917863999999999791e+00
2.908053000000000221e+00
2.904355999999999938e+00
2.989759999999999973e+00
2.762033999999999878e+00
2.643656000000000006e+00
2.468531000000000031e+00
2.455772000000000066e+00
2.569064000000000014e+00
2.668660000000000032e+00
2.641296000000000088e+00
2.666657999999999973e+00
2.551495000000000068e+00
2.309594999999999843e+00
2.349871999999999961e+00
2.310052999999999912e+00
2.429094000000000086e+00
2.554895000000000138e+00
2.540658000000000083e+00
2.369791000000000203e+00
2.428246000000000127e+00
2.341410000000000213e+00
2.311094999999999899e+00
2.392625999999999920e+00
2.398651999999999784e+00
2.405733999999999817e+00
2.372939000000000132e+00
2.406522999999999968e+00
2.346664999999999779e+00
2.540029999999999788e+00
2.522139000000000131e+00
2.437597999999999931e+00
2.477986000000000022e+00
2.472666999999999948e+00
2.461189000000000071e+00
2.445765999999999885e+00
2.607651999999999859e+00
2.575987000000000027e+00
2.533093000000000039e+00
2.637303999999999871e+00
2.736473000000000155e+00
2.555092999999999837e+00
2.512539999999999996e+00
2.694925000000000015e+00
2.661541999999999852e+00
2.794506000000000157e+00
2.600216000000000083e+00
2.740883000000000180e+00
2.588598000000000177e+00
2.645459999999999923e+00
2.459305000000000074e+00
2.734461000000000030e+00
2.743043000000000120e+00
2.778452000000000144e+00
2.640296999999999894e+00
2.610288999999999859e+00
2.471004999999999896e+00
2.453657000000000199e+00
2.434660000000000046e+00
2.575177000000000049e+00
2.576093999999999884e+00
2.634154000000000106e+00
2.465953999999999979e+00
2.496443000000000190e+00
2.456891999999999854e+00
2.515423000000000187e+00
2.665925000000000100e+00
2.579918000000000156e+00
2.629068000000000183e+00
2.584734999999999783e+00
2.497882999999999853e+00
2.496720999999999968e+00
2.573675999999999853e+00
2.552238000000000007e+00
2.577161999999999953e+00
2.592356000000000105e+00
2.412379000000000051e+00
2.593125999999999820e+00
2.451404999999999834e+00
2.568236999999999881e+00
2.634346999999999994e+00
2.623482000000000092e+00
2.532732000000000205e+00
2.462901000000000007e+00
2.522702000000000222e+00
2.483375000000000110e+00
2.645265999999999895e+00
2.633442000000000061e+00
2.593906000000000045e+00
2.779360000000000053e+00
2.666414000000000062e+00
2.769306999999999963e+00
2.751164999999999861e+00
2.611257000000000161e+00
2.664273000000000113e+00
2.709613000000000049e+00
2.650713999999999793e+00
2.715449000000000002e+00
2.813140999999999892e+00
2.693525000000000169e+00
2.653706999999999816e+00
2.818751999999999924e+00
2.871564999999999923e+00
2.771053000000000210e+00
2.895307999999999993e+00
2.745500999999999969e+00
2.781285000000000007e+00
2.645707999999999949e+00
2.743621000000000087e+00
2.730989000000000111e+00
2.759348000000000134e+00
2.776902999999999899e+00
2.683246000000000020e+00
2.987137000000000153e+00
2.978384000000000142e+00
3.086097999999999786e+00
3.088559000000000054e+00
3.026206999999999869e+00
3.027943000000000051e+00
2.939634999999999998e+00
3.077548999999999868e+00
3.095753000000000199e+00
3.046438000000000201e+00
3.142508999999999997e+00
3.040426000000000073e+00
3.104319999999999968e+00
3.123618000000000006e+00
3.166323000000000221e+00
2.800368999999999886e+00
2.900917000000000190e+00
2.830309999999999881e+00
2.730160999999999838e+00
2.569599999999999884e+00
2.634751000000000065e+00
2.788750999999999980e+00
2.837012000000000089e+00
3.002778000000000169e+00
3.002429999999999932e+00
3.042766999999999999e+00
3.140801000000000176e+00
3.150046999999999819e+00
3.140080000000000204e+00
3.156182999999999961e+00
3.045510000000000161e+00
3.095096999999999987e+00
3.278299000000000074e+00
3.172518999999999867e+00
2.964780000000000193e+00
3.041992000000000029e+00
2.948485999999999940e+00
3.179940999999999907e+00
2.657624999999999904e+00
2.716403999999999819e+00
2.819463999999999970e+00
2.934467000000000159e+00
2.988503000000000132e+00
3.012119000000000213e+00
3.057332999999999856e+00
3.152684999999999960e+00
2.942816000000000098e+00
3.061246000000000134e+00
2.940799999999999859e+00
2.999200000000000088e+00
3.110678000000000054e+00
3.107005000000000017e+00
3.035350999999999910e+00
2.848952999999999847e+00
2.846572000000000102e+00
3.030079000000000189e+00
2.914055999999999980e+00
2.801092000000000137e+00
2.801508000000000109e+00
2.872053000000000189e+00
2.878934000000000104e+00
2.889499999999999957e+00
2.851608999999999838e+00
2.975370999999999988e+00
2.897031000000000134e+00
2.925774999999999793e+00
2.869047999999999821e+00
3.264721999999999902e+00
3.187978000000000200e+00
3.119339999999999780e+00
2.977463000000000193e+00
3.113590999999999998e+00
3.218446999999999836e+00
3.127406999999999826e+00
3.131450000000000067e+00
3.085192999999999852e+00
3.180911000000000044e+00
3.143012000000000139e+00
3.142481000000000080e+00
3.036433999999999855e+00
2.975877000000000105e+00
2.930442999999999909e+00
3.069824000000000108e+00
3.125960000000000072e+00
3.082034000000000162e+00
3.141075999999999979e+00
3.325445999999999902e+00
3.200607999999999898e+00
3.288530999999999871e+00
3.279422999999999977e+00
3.193068999999999935e+00
3.274458999999999786e+00
3.207476999999999911e+00
3.188048999999999911e+00
3.125313999999999925e+00
3.177935000000000176e+00
3.074927000000000188e+00
2.870775000000000077e+00
2.967182999999999904e+00
2.916497000000000117e+00
3.110958999999999808e+00
3.174271000000000065e+00
3.133121000000000045e+00
3.069879999999999942e+00
3.001812999999999843e+00
2.922191000000000205e+00
3.186571999999999960e+00
3.226056999999999952e+00
3.262417000000000122e+00
3.324942000000000064e+00
3.236832999999999849e+00
3.085221999999999909e+00
3.050631999999999788e+00
3.121217999999999826e+00
3.023982000000000170e+00
3.012507999999999964e+00
3.043054999999999843e+00
2.814541000000000182e+00
2.956717999999999957e+00
3.036557999999999868e+00
3.092236999999999902e+00
3.084578000000000042e+00
3.092951999999999924e+00
3.049209999999999976e+00
3.098780999999999786e+00
3.195894000000000013e+00
3.296380999999999784e+00
3.162548000000000137e+00
3.297239999999999949e+00
3.361736000000000057e+00
3.134736000000000189e+00
2.895852000000000093e+00
3.042266000000000137e+00
3.030088000000000115e+00
3.194796000000000191e+00
3.234166999999999792e+00
3.220219999999999860e+00
3.098399999999999821e+00
2.813593000000000011e+00
2.920023000000000035e+00
3.063217999999999996e+00
2.829566999999999943e+00
2.843183999999999934e+00
2.923055000000000181e+00
3.051965000000000039e+00
3.155533999999999839e+00
3.010388999999999982e+00
2.989123000000000197e+00
2.856044999999999945e+00
3.024211000000000205e+00
3.084353000000000122e+00
2.963337999999999806e+00
2.942029999999999923e+00
3.092095000000000038e+00
3.389600999999999864e+00
3.383583999999999925e+00
3.262205999999999939e+00
3.232167000000000012e+00
3.191101999999999883e+00
3.227742999999999807e+00
3.390962000000000032e+00
3.556703999999999866e+00
3.439789999999999903e+00
3.253948999999999980e+00
3.329905000000000115e+00
3.153741999999999823e+00
3.028137000000000079e+00
3.125462000000000184e+00
3.291497999999999813e+00
3.038397999999999932e+00
3.131755000000000067e+00
2.721340000000000092e+00
2.985271000000000008e+00
3.005675999999999792e+00
2.788883999999999919e+00
2.810516999999999932e+00
2.817241999999999802e+00
2.779136999999999968e+00
2.978327000000000169e+00
3.037131000000000025e+00
3.184502000000000166e+00
3.092858999999999803e+00
3.187167000000000083e+00
3.308158999999999850e+00
3.150576000000000043e+00
3.010663000000000089e+00
2.978444000000000091e+00
3.066216999999999970e+00
2.911963000000000079e+00
2.777330000000000076e+00
2.813270000000000159e+00
2.619375999999999927e+00
2.677668000000000159e+00
2.564607000000000081e+00
2.646303000000000072e+00
2.738157000000000174e+00
2.658192999999999806e+00
2.714446000000000137e+00
2.732362000000000180e+00
2.803906000000000009e+00
2.730332999999999899e+00
2.834862999999999911e+00
2.761616000000000071e+00
2.672822000000000031e+00
2.586270999999999987e+00
2.578177000000000163e+00
2.605554999999999843e+00
2.659606000000000137e+00
2.686268999999999796e+00
2.596878999999999937e+00
2.630233000000000043e+00
2.668197999999999848e+00
2.670917999999999903e+00
2.817210999999999910e+00
2.554753999999999969e+00
2.539719999999999978e+00
2.536318000000000072e+00
2.518397999999999914e+00
2.404917999999999889e+00
2.397278000000000020e+00
2.410905000000000076e+00
2.387890000000000068e+00
2.359214000000000144e+00
2.505778999999999979e+00
2.578980000000000050e+00
2.531464999999999854e+00
2.460011000000000170e+00
2.343668000000000085e+00
2.467607999999999802e+00
2.470136000000000109e+00
2.655101000000000155e+00
2.443398999999999877e+00
2.463735999999999926e+00
2.547035999999999856e+00
2.593773999999999802e+00
2.445333999999999897e+00
2.453831999999999791e+00
2.390915999999999819e+00
2.348259000000000096e+00
2.343147000000000091e+00
2.416828000000000198e+00
2.372495999999999938e+00
2.327088999999999963e+00
2.402203000000000088e+00
2.448049999999999837e+00
2.479754999999999932e+00
2.453444000000000180e+00
2.524045999999999790e+00
2.579744999999999955e+00
2.569160999999999806e+00
2.599047999999999803e+00
2.576258000000000159e+00
2.577007000000000048e+00
2.643206999999999862e+00
2.713744000000000156e+00
2.650113000000000163e+00
2.657703000000000149e+00
2.669528000000000123e+00
2.570193000000000172e+00
2.617843999999999838e+00
2.604181000000000079e+00
2.553752999999999940e+00
2.446698000000000039e+00
2.533401000000000014e+00
2.379442000000000057e+00
2.346257000000000037e+00
2.452809999999999935e+00
2.536046999999999940e+00
2.371061999999999781e+00
2.459429000000000087e+00
2.611978000000000133e+00
2.387058999999999820e+00
2.503082000000000029e+00
-2.572007000000000154e+00
-2.390144999999999964e+00
-2.427308000000000021e+00
-2.445574999999999832e+00
-2.458676000000000084e+00
-2.568027999999999977e+00
-2.637086000000000041e+00
-2.681341000000000196e+00
-2.619744999999999990e+00
-2.550415999999999794e+00
-2.611222999999999850e+00
-2.626761999999999819e+00
-2.628417999999999921e+00
-2.559346999999999817e+00
-2.594822999999999880e+00
-2.633824000000000165e+00
-2.677916000000000185e+00
-2.775949999999999918e+00
-2.741645999999999805e+00
-2.696803000000000061e+00
-2.793683000000000138e+00
-2.586269999999999847e+00
-2.730208000000000190e+00
-2.565786000000000122e+00
-2.648388000000000186e+00
-2.662342999999999904e+00
-2.595302999999999916e+00
-2.584179999999999922e+00
-2.565002999999999922e+00
-2.611235000000000195e+00
-2.596238000000000046e+00
-2.542094000000000076e+00
-2.884415999999999869e+00
-2.936745999999999857e+00
