-9.499999999999999556e-01 1.813415876567517904e-01 7.772523459920470668e-01
-8.500000000000000888e-01 1.177536883771139187e-01 5.697503032012126711e-01
-7.500000000000000000e-01 2.707419666370262656e-01 5.122284428032883863e-01
-6.499999999999999112e-01 5.049291538275295643e-01 4.701128518083921848e-01
-5.500000000000000444e-01 9.513992261353331203e-01 4.782086140275953468e-01
-4.499999999999999556e-01 1.256607736852554780e+00 3.371166156615940102e-01
-3.499999999999999223e-01 1.532990728586368423e+00 2.528691640693618847e-01
-2.499999999999999445e-01 1.895911161500550612e+00 2.202767082968672685e-01
-1.499999999999999667e-01 2.365535153143149216e+00 2.210472115686114292e-01
-4.999999999999998890e-02 2.919717572332700239e+00 2.327023703333639948e-01
5.000000000000004441e-02 3.213057056887931306e+00 1.435466545544822337e-01
1.500000000000001332e-01 3.649628378355931346e+00 2.516409744397210546e-01
2.500000000000001110e-01 3.887330896490643450e+00 3.567428365794279022e-01
3.500000000000000888e-01 4.092936320965794295e+00 4.887830191980310768e-01
4.500000000000000666e-01 4.302355359560738002e+00 8.736783651763280201e-01
5.500000000000000444e-01 4.327018936804098104e+00 1.160153930508170728e+00
6.500000000000001332e-01 4.165313591323174691e+00 1.530379179196818207e+00
7.500000000000001110e-01 4.037621436561412480e+00 1.691440260206660495e+00
8.500000000000000888e-01 3.799051790189479583e+00 1.452430950435793955e+00
9.500000000000000666e-01 3.168850840246292933e+00 4.323323063171652381e-01
