-9.499999999999999556e-01 3.057949276624891133e-01 2.561165634448159811e-01
-8.500000000000000888e-01 3.418432794377924133e-01 4.991608553755195188e-01
-7.500000000000000000e-01 4.530161979532702499e-01 4.838525517834506018e-01
-6.499999999999999112e-01 6.341140471387496369e-01 4.109323605255164047e-01
-5.500000000000000444e-01 9.507848074248930192e-01 3.371084492043878167e-01
-4.499999999999999556e-01 1.272040394485767223e+00 2.545523286544077446e-01
-3.499999999999999223e-01 1.554903392233706549e+00 2.228749631512167428e-01
-2.499999999999999445e-01 1.850356411093408093e+00 1.779601547270849016e-01
-1.499999999999999667e-01 2.180290229809338065e+00 1.536953971049201673e-01
-4.999999999999998890e-02 2.590716251490343680e+00 1.062524489373966180e-01
5.000000000000004441e-02 2.896965671343837645e+00 5.245601822557080518e-02
1.500000000000001332e-01 3.136655494532193167e+00 1.871376361279622480e-01
2.500000000000001110e-01 3.191009579085057446e+00 3.844702380246043938e-01
3.500000000000000888e-01 3.198131008931869523e+00 5.217775031276565834e-01
4.500000000000000666e-01 3.221985539732127979e+00 7.576999738292646835e-01
5.500000000000000444e-01 3.304985137691933694e+00 8.689093004781801577e-01
6.500000000000001332e-01 3.302559838571392348e+00 9.506507483517740997e-01
7.500000000000001110e-01 3.351248989768478292e+00 1.034330073161125574e+00
8.500000000000000888e-01 3.343452739395069262e+00 1.042426548055329416e+00
9.500000000000000666e-01 3.640534737687197264e+00 9.383526032696299923e-01
