-9.499999999999999556e-01 2.148693477262151319e+00 8.623582678892334208e-01
-8.500000000000000888e-01 1.227409543568511729e+00 4.248225891996882941e-01
-7.500000000000000000e-01 1.098028212754961208e+00 2.747216078466228617e-01
-6.499999999999999112e-01 1.198030390697886860e+00 1.457999784337641602e-01
-5.500000000000000444e-01 1.374233884274877138e+00 2.005930874041643441e-01
-4.499999999999999556e-01 1.758251720058816137e+00 3.870249829888058324e-01
-3.499999999999999223e-01 2.191908857466567717e+00 6.301484123456934094e-01
-2.499999999999999445e-01 2.553559264025840658e+00 7.291394866373526185e-01
-1.499999999999999667e-01 2.858497304971641562e+00 7.088350487773941166e-01
-4.999999999999998890e-02 3.137520435618975423e+00 5.057254418403372975e-01
5.000000000000004441e-02 3.082813219720651254e+00 2.069669364444575999e-01
1.500000000000001332e-01 2.736915335797132087e+00 4.369389188034003557e-02
2.500000000000001110e-01 2.402622052068136504e+00 2.797467684410830380e-01
3.500000000000000888e-01 1.985042289436635521e+00 4.467665641547630129e-01
4.500000000000000666e-01 1.666908385685749616e+00 5.312198745360297014e-01
5.500000000000000444e-01 1.535002840892160325e+00 6.296657099077503927e-01
6.500000000000001332e-01 1.674696575394463816e+00 6.260098963931637339e-01
7.500000000000001110e-01 1.873612849300660077e+00 6.872355756091335088e-01
8.500000000000000888e-01 2.066191395454824775e+00 6.743649794430911504e-01
9.500000000000000666e-01 1.977889007620383222e+00 6.389971441746081782e-01
