-9.499999999999999556e-01 -9.499999999999999556e-01
-8.500000000000000888e-01 -8.500000000000000888e-01
-7.500000000000000000e-01 -7.500000000000000000e-01
-6.499999999999999112e-01 -6.499999999999999112e-01
-5.500000000000000444e-01 -5.500000000000000444e-01
-4.499999999999999556e-01 -4.499999999999999556e-01
-3.499999999999999223e-01 -3.499999999999999223e-01
-2.499999999999999445e-01 -2.499999999999999445e-01
-1.499999999999999667e-01 -1.499999999999999667e-01
-4.999999999999998890e-02 -4.999999999999998890e-02
5.000000000000004441e-02 5.000000000000004441e-02
1.500000000000001332e-01 1.500000000000001332e-01
2.500000000000001110e-01 2.500000000000001110e-01
3.500000000000000888e-01 3.500000000000000888e-01
4.500000000000000666e-01 4.500000000000000666e-01
5.500000000000000444e-01 5.500000000000000444e-01
6.500000000000001332e-01 6.500000000000001332e-01
7.500000000000001110e-01 7.500000000000001110e-01
8.500000000000000888e-01 8.500000000000000888e-01
9.500000000000000666e-01 9.500000000000000666e-01
