-9.499999999999999556e-01 4.112257351107038161e+00 4.633835514027818681e-01
-8.500000000000000888e-01 3.777282941352603007e+00 9.123359221093118032e-01
-7.500000000000000000e-01 3.312351433900070141e+00 6.209006740454288131e-01
-6.499999999999999112e-01 3.240298683232230026e+00 4.245952084603424881e-01
-5.500000000000000444e-01 3.524379464081945024e+00 3.928494706876323739e-01
-4.499999999999999556e-01 3.754028535244292364e+00 3.924430091550135113e-01
-3.499999999999999223e-01 3.752133508796172912e+00 2.699496036113789299e-01
-2.499999999999999445e-01 3.770715607399738989e+00 1.846807063846018782e-01
-1.499999999999999667e-01 3.616506126979288638e+00 6.400230560944379643e-02
-4.999999999999998890e-02 3.144431505645418401e+00 9.188906452464352947e-02
5.000000000000004441e-02 2.776929990996745090e+00 1.392681141311463144e-01
1.500000000000001332e-01 2.335987094760640481e+00 9.594164737055094205e-02
2.500000000000001110e-01 2.018982388564068753e+00 3.900626100169708038e-02
3.500000000000000888e-01 1.643407888870551226e+00 8.006711984472283938e-02
4.500000000000000666e-01 1.240129744521393684e+00 9.285078792470628783e-02
5.500000000000000444e-01 7.842073917702963026e-01 4.788808229122436949e-02
6.500000000000001332e-01 5.032591240924402243e-01 1.290452647976156886e-01
7.500000000000001110e-01 1.708822909075554120e-01 2.164574625598251201e-01
8.500000000000000888e-01 -8.038239746860731394e-02 3.188623310246213038e-01
9.500000000000000666e-01 -3.853479363225005283e-01 7.884321591235592119e-02
