-9.499999999999999556e-01 4.441410540823150122e+00 8.377842860913691236e-01
-8.500000000000000888e-01 4.137093290743409923e+00 3.855877644323829068e-01
-7.500000000000000000e-01 3.462466487286025796e+00 7.505772060117456290e-02
-6.499999999999999112e-01 3.054223142364209664e+00 1.263349195122007440e-01
-5.500000000000000444e-01 2.906279313898982863e+00 2.254889622606228716e-01
-4.499999999999999556e-01 2.688898572577103963e+00 2.737024609075439652e-01
-3.499999999999999223e-01 2.527534999732148346e+00 1.000303941638444744e-01
-2.499999999999999445e-01 2.353767833632220530e+00 4.600459338965667833e-02
-1.499999999999999667e-01 2.109659688470856054e+00 4.186793217408190521e-02
-4.999999999999998890e-02 1.752336755249527478e+00 7.532328471694813010e-02
5.000000000000004441e-02 1.306233263710469661e+00 4.365445756748998624e-02
1.500000000000001332e-01 1.004422166695014162e+00 8.250455083968454006e-02
2.500000000000001110e-01 8.676579517435611955e-01 1.471933762509002597e-01
3.500000000000000888e-01 8.158462432129498509e-01 1.442282003985218275e-01
4.500000000000000666e-01 7.980092708132220380e-01 1.179215544728757781e-01
5.500000000000000444e-01 8.948678838038406358e-01 2.318740563074107863e-02
6.500000000000001332e-01 9.515656727565344752e-01 8.750768267102866649e-02
7.500000000000001110e-01 1.176655663234428717e+00 1.499059683040766255e-01
8.500000000000000888e-01 1.690283772108589266e+00 3.952916902618857087e-01
9.500000000000000666e-01 2.852576512606914250e+00 3.465657770295744178e-01
