-9.499999999999999556e-01 1.234553762640817620e+00 1.839127231577988852e-01
-8.500000000000000888e-01 1.020169738873381027e+00 4.361886508842891669e-02
-7.500000000000000000e-01 7.329491760980149095e-01 1.799049219372082786e-01
-6.499999999999999112e-01 5.614171931774141200e-01 2.919203829661874972e-01
-5.500000000000000444e-01 5.837863261318239072e-01 3.395015037300848082e-01
-4.499999999999999556e-01 7.898107468477271187e-01 2.825979076156458492e-01
-3.499999999999999223e-01 9.886587727857916175e-01 2.185211449815731288e-01
-2.499999999999999445e-01 1.285041060531173729e+00 1.951927013884439954e-01
-1.499999999999999667e-01 1.588625771112664564e+00 9.447591118757249495e-02
-4.999999999999998890e-02 1.997894585898898345e+00 3.989050673726802360e-02
5.000000000000004441e-02 2.506559915500930380e+00 1.849120927224168556e-02
1.500000000000001332e-01 3.044435310808486062e+00 4.031825690303203653e-03
2.500000000000001110e-01 3.444039111785909046e+00 2.421665719620927880e-03
3.500000000000000888e-01 3.542150470890818248e+00 4.219186438254518556e-02
4.500000000000000666e-01 3.488963529318178214e+00 7.994615722757358878e-02
5.500000000000000444e-01 3.253178143935908651e+00 1.934280087276682158e-01
6.500000000000001332e-01 3.172267055220583831e+00 4.467338370421613525e-01
7.500000000000001110e-01 3.106272577501879351e+00 7.097113460962850562e-01
8.500000000000000888e-01 3.139285695258042796e+00 1.024286270571524327e+00
9.500000000000000666e-01 3.383819258329006541e+00 1.111069043051693406e+00
