-9.499999999999999556e-01 1.251299601004396411e+00 7.253262487774966294e-01
-8.500000000000000888e-01 1.172422691695027108e+00 6.271299029081626175e-01
-7.500000000000000000e-01 1.144425030382644204e+00 3.377324641767443514e-01
-6.499999999999999112e-01 1.145510447143978761e+00 1.170893875357975483e-01
-5.500000000000000444e-01 1.271976673107938716e+00 4.812011278606584397e-02
-4.499999999999999556e-01 1.432692382231503192e+00 7.125243590910489665e-03
-3.499999999999999223e-01 1.595013835008889380e+00 9.271853976562942357e-02
-2.499999999999999445e-01 1.733792692701929816e+00 2.073041088023914458e-01
-1.499999999999999667e-01 1.900930032394898994e+00 2.783555674987469031e-01
-4.999999999999998890e-02 2.011350973194754754e+00 3.532612724561859374e-01
5.000000000000004441e-02 2.136408236762870949e+00 4.367063872675300273e-01
1.500000000000001332e-01 2.209071146469339553e+00 4.592025426225345153e-01
2.500000000000001110e-01 2.327020052068923928e+00 4.029068187470206674e-01
3.500000000000000888e-01 2.430297815829901786e+00 2.799831862653306414e-01
4.500000000000000666e-01 2.471317481466658084e+00 2.813140391598177303e-01
5.500000000000000444e-01 2.444744308858033399e+00 1.926278864348567321e-01
6.500000000000001332e-01 2.327780678849926232e+00 1.744471293831830749e-01
7.500000000000001110e-01 2.396419991592431131e+00 8.516583651515664821e-02
8.500000000000000888e-01 2.754026284569789151e+00 2.277432271303546085e-01
9.500000000000000666e-01 3.331873301757003247e+00 5.666706746865520783e-01
