-9.499999999999999556e-01 9.217156045965532840e+00 1.015264485018768426e+00
-8.500000000000000888e-01 7.325864162191288109e+00 5.685536055622077978e-01
-7.500000000000000000e-01 5.715655947150990457e+00 5.935989937631077629e-01
-6.499999999999999112e-01 4.675257320067324862e+00 5.615414583218125699e-01
-5.500000000000000444e-01 3.914100165500358219e+00 4.268074518523664040e-01
-4.499999999999999556e-01 3.375585838980253328e+00 3.447630421991707550e-01
-3.499999999999999223e-01 2.875089671117602386e+00 2.198373771064453808e-01
-2.499999999999999445e-01 2.372678496437798934e+00 1.010268731949988397e-01
-1.499999999999999667e-01 1.939607108832727356e+00 4.246704130184267983e-02
-4.999999999999998890e-02 1.488291837578181287e+00 6.703292373799646375e-02
5.000000000000004441e-02 1.077446082958332774e+00 2.423635765356003599e-02
1.500000000000001332e-01 7.766352311650013274e-01 6.457409463708700670e-02
2.500000000000001110e-01 5.966384468506411576e-01 7.719183494523788880e-02
3.500000000000000888e-01 4.312294923925384937e-01 5.562484045536768978e-02
4.500000000000000666e-01 3.259261578999425590e-01 4.620589457484770846e-02
5.500000000000000444e-01 3.493910243073453659e-01 7.901243874022333136e-02
6.500000000000001332e-01 5.485376797633499946e-01 1.801172887614226614e-01
7.500000000000001110e-01 1.155051736043210209e+00 2.768892591686441529e-01
8.500000000000000888e-01 1.916597898028497671e+00 3.086975724511776820e-01
9.500000000000000666e-01 2.576271038151365822e+00 2.948380904608301489e-01
